0.00
0.00
0.00
0.00
0.00
0.00
0.00
0.00
59.63
134.89
251.81
278.09
321.91
330.53
307.77
263.65
225.93
146.70
69.65
0.00
0.00
0.00
0.00
0.00
0.00
0.00
0.00
0.00
0.00
0.00
0.00
0.00
57.37
164.03
243.21
299.02
311.88
300.74
292.47
228.91
229.69
168.79
72.59
0.00
0.00
0.00
0.00
0.00
0.00
0.00
0.00
0.00
0.00
0.00
0.00
0.00
49.84
155.36
206.18
233.61
282.43
289.07
297.21
225.18
224.39
151.61
55.65
0.00
0.00
0.00
0.00
0.00
0.00
0.00
0.00
0.00
0.00
0.00
0.00
0.00
49.76
161.02
246.23
286.71
284.15
330.76
237.86
277.53
224.31
171.98
67.47
0.00
0.00
0.00
0.00
0.00
0.00
0.00
0.00
0.00
0.00
0.00
0.00
0.00
51.71
126.32
211.82
292.75
293.20
310.52
268.65
278.22
218.37
168.35
68.29
0.00
0.00
0.00
0.00
0.00
0.00
0.00
0.00
0.00
0.00
0.00
0.00
0.00
36.38
103.46
184.29
223.17
251.19
217.82
227.89
231.44
158.25
110.83
47.93
0.00
0.00
0.00
0.00
0.00
0.00
0.00
0.00
0.00
0.00
0.00
0.00
0.00
19.57
85.10
136.35
178.19
249.48
223.16
245.14
254.98
189.99
116.00
51.61
0.00
0.00
0.00
0.00
0.00
0.00
0.00
0.00
0.00
0.00
0.00
0.00
0.00
47.76
142.40
201.26
236.94
268.49
277.31
246.19
247.55
229.68
146.74
72.81
0.00
0.00
0.00
0.00
0.00
0.00
0.00
0.00
0.00
0.00
0.00
0.00
0.00
43.31
125.31
191.26
236.58
266.77
309.69
291.52
267.94
233.55
150.17
68.45
0.00
0.00
0.00
0.00
0.00
0.00
0.00
0.00
0.00
0.00
0.00
0.00
0.00
44.35
126.25
219.64
273.55
309.25
326.04
274.99
258.33
218.39
158.68
72.40
0.00
0.00
0.00
0.00
0.00
0.00
0.00
0.00
0.00
0.00
0.00
0.00
0.00
43.94
128.90
202.51
285.58
333.39
335.12
326.00
299.79
250.67
178.92
77.28
0.00
0.00
0.00
0.00
0.00
0.00
0.00
0.00
0.00
0.00
0.00
0.00
0.00
41.78
131.78
206.96
250.10
278.80
303.60
323.54
305.50
240.63
177.80
76.87
0.00
0.00
0.00
0.00
0.00
0.00
0.00
0.00
0.00
0.00
0.00
0.00
0.00
49.47
151.72
229.27
299.24
332.26
345.15
318.90
294.37
234.53
157.80
73.24
0.00
0.00
0.00
0.00
0.00
0.00
0.00
0.00
0.00
0.00
0.00
0.00
0.00
47.23
161.92
242.00
293.18
308.77
329.57
310.32
264.70
209.33
156.56
65.03
0.00
0.00
0.00
0.00
0.00
0.00
0.00
0.00
0.00
0.00
0.00
0.00
0.00
40.94
151.39
243.94
293.98
309.30
313.19
323.73
291.20
242.22
160.24
75.30
0.00
0.00
0.00
0.00
0.00
0.00
0.00
0.00
0.00
0.00
0.00
0.00
0.00
48.99
141.69
217.17
290.88
317.97
308.87
298.78
276.26
210.18
160.30
73.26
0.00
0.00
0.00
0.00
0.00
0.00
0.00
0.00
0.00
0.00
0.00
0.00
0.00
46.45
96.02
187.56
240.28
291.67
299.27
312.91
276.54
237.51
158.07
77.58
0.00
0.00
0.00
0.00
0.00
0.00
0.00
0.00
0.00
0.00
0.00
0.00
0.00
34.58
88.38
167.54
241.82
277.37
310.36
258.30
255.85
245.20
165.28
74.02
0.00
0.00
0.00
0.00
0.00
0.00
0.00
0.00
0.00
0.00
0.00
0.00
0.00
38.30
132.62
216.72
256.58
258.04
312.12
309.48
245.88
203.25
147.64
70.85
0.00
0.00
0.00
0.00
0.00
0.00
0.00
0.00
0.00
0.00
0.00
0.00
0.00
42.72
123.60
221.78
286.39
309.71
332.28
308.10
266.28
216.83
168.47
71.12
0.00
0.00
0.00
0.00
0.00
0.00
0.00
0.00
0.00
0.00
0.00
0.00
0.00
38.57
123.21
202.49
276.03
264.95
305.58
273.51
285.08
234.82
158.85
67.06
0.00
0.00
0.00
0.00
0.00
0.00
0.00
0.00
0.00
0.00
0.00
0.00
0.00
37.13
125.23
179.46
213.11
279.01
291.16
275.67
245.85
197.75
132.96
67.69
0.00
0.00
0.00
0.00
0.00
0.00
0.00
0.00
0.00
0.00
0.00
0.00
0.00
42.34
149.70
191.93
255.73
292.33
327.64
289.69
309.80
247.81
152.95
83.65
0.00
0.00
0.00
0.00
0.00
0.00
0.00
0.00
0.00
0.00
0.00
0.00
0.00
40.64
145.54
215.36
269.48
318.67
325.00
295.58
294.10
251.00
179.84
80.11
0.00
0.00
0.00
0.00
0.00
0.00
0.00
0.00
0.00
0.00
0.00
0.00
0.00
42.56
136.43
218.32
278.07
299.36
325.52
325.05
286.50
210.13
170.59
81.96
0.00
0.00
0.00
0.00
0.00
0.00
0.00
0.00
0.00
0.00
0.00
0.00
0.00
28.58
105.13
192.86
254.51
280.88
298.74
297.64
274.58
226.29
157.67
56.12
0.00
0.00
0.00
0.00
0.00
0.00
0.00
0.00
0.00
0.00
0.00
0.00
0.00
40.00
146.28
216.00
289.89
327.14
337.45
313.83
299.82
221.36
172.59
84.10
0.00
0.00
0.00
0.00
0.00
0.00
0.00
0.00
0.00
0.00
0.00
0.00
0.00
36.11
142.36
201.70
287.82
320.28
286.94
271.10
265.22
249.16
177.42
81.88
0.00
0.00
0.00
0.00
0.00
0.00
0.00
0.00
0.00
0.00
0.00
0.00
0.00
32.45
126.24
214.48
292.69
314.63
326.44
326.68
300.12
243.63
153.10
72.78
0.00
0.00
0.00
0.00
0.00
0.00
0.00
0.00
0.00
0.00
0.00
0.00
0.00
33.72
122.31
197.12
253.97
287.96
306.16
257.97
253.78
229.13
156.35
73.40
0.00
0.00
0.00
0.00
0.00
0.00
0.00
0.00
0.00
0.00
0.00
0.00
0.00
38.31
130.66
225.49
271.55
296.54
332.76
325.29
298.03
236.33
164.65
71.15
0.00
0.00
0.00
0.00
0.00
0.00
0.00
0.00
0.00
0.00
0.00
0.00
0.00
29.15
111.16
231.59
269.75
314.24
328.00
331.89
297.39
250.85
179.20
82.55
0.00
0.00
0.00
0.00
0.00
0.00
0.00
0.00
0.00
0.00
0.00
0.00
0.00
34.60
111.92
202.32
237.81
302.77
313.55
299.52
273.70
221.20
164.71
74.83
0.00
0.00
0.00
0.00
0.00
0.00
0.00
0.00
0.00
0.00
0.00
0.00
0.00
34.52
105.94
154.83
234.39
269.89
327.65
306.83
294.96
248.94
170.40
80.30
0.00
0.00
0.00
0.00
0.00
0.00
0.00
0.00
0.00
0.00
0.00
0.00
0.00
37.20
130.57
227.55
251.73
312.77
280.59
275.83
255.69
211.67
163.97
74.13
0.00
0.00
0.00
0.00
0.00
0.00
0.00
0.00
0.00
0.00
0.00
0.00
0.00
28.11
106.58
196.23
251.73
288.70
330.46
308.03
282.64
243.06
169.76
77.39
0.00
0.00
0.00
0.00
0.00
0.00
0.00
0.00
0.00
0.00
0.00
0.00
0.00
38.71
104.11
156.59
205.62
236.69
206.38
225.64
206.08
156.13
107.98
45.00
0.00
0.00
0.00
0.00
0.00
0.00
0.00
0.00
0.00
0.00
0.00
0.00
0.00
24.80
94.23
204.14
266.59
289.13
317.05
300.32
264.43
239.85
167.01
75.70
0.00
0.00
0.00
0.00
0.00
0.00
0.00
0.00
0.00
0.00
0.00
0.00
0.00
29.01
138.48
190.83
267.91
290.30
305.31
276.23
264.07
223.08
159.50
71.46
0.00
0.00
0.00
0.00
0.00
0.00
0.00
0.00
0.00
0.00
0.00
0.00
0.00
32.63
115.36
203.78
270.84
318.43
314.12
303.89
272.50
228.72
164.10
67.79
0.00
0.00
0.00
0.00
0.00
0.00
0.00
0.00
0.00
0.00
0.00
0.00
0.00
28.80
93.93
156.98
205.76
239.46
287.59
275.51
257.02
208.49
141.24
67.67
0.00
0.00
0.00
0.00
0.00
0.00
0.00
0.00
0.00
0.00
0.00
0.00
0.00
28.93
88.94
163.45
221.86
240.93
281.89
281.05
263.95
208.25
146.21
65.31
0.00
0.00
0.00
0.00
0.00
0.00
0.00
0.00
0.00
0.00
0.00
0.00
0.00
34.00
117.94
205.87
240.38
275.68
281.33
277.35
256.99
223.47
156.48
74.60
0.00
0.00
0.00
0.00
0.00
0.00
0.00
0.00
0.00
0.00
0.00
0.00
0.00
35.78
110.20
204.82
249.89
293.08
311.57
303.91
265.69
228.53
158.50
70.76
0.00
0.00
0.00
0.00
0.00
0.00
0.00
0.00
0.00
0.00
0.00
0.00
0.00
33.47
99.49
188.10
255.57
293.40
318.11
311.45
285.73
229.09
167.25
73.30
0.00
0.00
0.00
0.00
0.00
0.00
0.00
0.00
0.00
0.00
0.00
0.00
0.00
23.61
101.12
202.22
280.48
315.48
323.98
315.45
287.91
237.19
163.95
73.17
0.00
0.00
0.00
0.00
0.00
0.00
0.00
0.00
0.00
0.00
0.00
0.00
0.00
37.84
144.14
218.53
280.70
325.64
339.79
317.79
302.49
240.74
163.03
72.09
0.00
0.00
0.00
0.00
0.00
0.00
0.00
0.00
0.00
0.00
0.00
0.00
0.00
33.19
136.54
219.70
272.98
313.63
338.16
319.37
300.45
232.92
163.12
77.44
0.00
0.00
0.00
0.00
0.00
0.00
0.00
0.00
0.00
0.00
0.00
0.00
0.00
34.88
129.82
222.06
283.09
325.03
295.07
309.71
261.47
229.24
166.09
68.01
0.00
0.00
0.00
0.00
0.00
0.00
0.00
0.00
0.00
0.00
0.00
0.00
0.00
35.06
115.80
193.57
249.90
293.47
307.11
300.83
259.49
222.04
146.53
71.99
0.00
0.00
0.00
0.00
0.00
0.00
0.00
0.00
0.00
0.00
0.00
0.00
0.00
27.86
106.20
187.37
247.68
305.31
312.15
303.49
267.13
208.46
133.37
57.62
0.00
0.00
0.00
0.00
0.00
0.00
0.00
0.00
0.00
0.00
0.00
0.00
0.00
30.10
102.76
180.87
265.29
299.64
324.40
315.15
287.47
236.53
148.39
71.84
0.00
0.00
0.00
0.00
0.00
0.00
0.00
0.00
0.00
0.00
0.00
0.00
0.00
30.60
92.32
160.57
250.22
280.58
290.36
281.63
256.63
210.36
143.98
63.17
0.00
0.00
0.00
0.00
0.00
0.00
0.00
0.00
0.00
0.00
0.00
0.00
0.00
32.96
123.10
197.15
262.04
284.52
310.47
309.62
281.55
230.69
157.96
68.93
0.00
0.00
0.00
0.00
0.00
0.00
0.00
0.00
0.00
0.00
0.00
0.00
0.00
32.84
109.97
191.02
272.20
307.69
315.24
306.20
278.04
227.69
155.79
67.96
0.00
0.00
0.00
0.00
0.00
0.00
0.00
0.00
0.00
0.00
0.00
0.00
0.00
22.91
80.98
138.39
189.24
248.81
263.95
248.23
227.43
191.18
130.75
57.32
0.00
0.00
0.00
0.00
0.00
0.00
0.00
0.00
0.00
0.00
0.00
0.00
0.00
23.54
119.32
202.50
246.05
281.13
301.39
292.11
265.67
208.25
141.07
64.42
0.00
0.00
0.00
0.00
0.00
0.00
0.00
0.00
0.00
0.00
0.00
0.00
0.00
26.96
97.84
160.98
199.44
246.51
274.57
258.01
215.73
204.18
139.96
59.64
0.00
0.00
0.00
0.00
0.00
0.00
0.00
0.00
0.00
0.00
0.00
0.00
0.00
27.03
51.94
117.01
156.90
170.19
190.32
189.68
185.64
154.64
103.24
43.09
0.00
0.00
0.00
0.00
0.00
0.00
0.00
0.00
0.00
0.00
0.00
0.00
0.00
27.90
106.39
203.70
265.61
298.36
307.59
294.72
247.69
200.25
151.19
64.25
0.00
0.00
0.00
0.00
0.00
0.00
0.00
0.00
0.00
0.00
0.00
0.00
0.00
34.09
118.25
181.20
249.58
251.92
305.94
303.85
277.16
222.23
134.19
65.80
0.00
0.00
0.00
0.00
0.00
0.00
0.00
0.00
0.00
0.00
0.00
0.00
0.00
30.66
109.25
173.05
244.43
291.32
294.32
285.14
258.15
204.11
137.22
57.10
0.00
0.00
0.00
0.00
0.00
0.00
0.00
0.00
0.00
0.00
0.00
0.00
0.00
32.01
112.80
198.99
257.35
298.27
285.12
288.22
259.77
220.53
150.39
60.34
0.00
0.00
0.00
0.00
0.00
0.00
0.00
0.00
0.00
0.00
0.00
0.00
0.00
34.28
103.13
181.25
247.89
278.31
284.37
284.73
259.46
202.04
127.99
55.72
0.00
0.00
0.00
0.00
0.00
0.00
0.00
0.00
0.00
0.00
0.00
0.00
0.00
29.59
85.99
174.82
232.24
277.86
282.51
271.67
229.93
188.10
122.28
50.71
0.00
0.00
0.00
0.00
0.00
0.00
0.00
0.00
0.00
0.00
0.00
0.00
0.00
17.47
77.27
137.09
198.89
277.80
288.91
263.38
246.62
203.18
138.93
56.81
0.00
0.00
0.00
0.00
0.00
0.00
0.00
0.00
0.00
0.00
0.00
0.00
0.00
21.64
77.45
154.73
203.78
258.26
254.53
243.76
230.50
177.89
123.22
50.56
0.00
0.00
0.00
0.00
0.00
0.00
0.00
0.00
0.00
0.00
0.00
0.00
0.00
34.03
83.49
169.20
254.28
278.79
285.18
277.33
249.27
200.12
133.64
56.39
0.00
0.00
0.00
0.00
0.00
0.00
0.00
0.00
0.00
0.00
0.00
0.00
0.00
28.32
100.36
173.42
238.05
256.62
235.89
228.29
204.86
164.33
108.64
44.41
0.00
0.00
0.00
0.00
0.00
0.00
0.00
0.00
0.00
0.00
0.00
0.00
0.00
28.70
105.37
184.51
234.44
278.00
289.06
272.99
245.28
202.69
134.78
55.56
0.00
0.00
0.00
0.00
0.00
0.00
0.00
0.00
0.00
0.00
0.00
0.00
0.00
32.87
108.63
178.39
251.61
291.69
283.80
275.17
246.78
197.33
135.93
55.57
0.00
0.00
0.00
0.00
0.00
0.00
0.00
0.00
0.00
0.00
0.00
0.00
0.00
27.90
107.91
177.25
228.06
255.75
282.60
271.51
241.75
198.24
135.97
55.42
0.00
0.00
0.00
0.00
0.00
0.00
0.00
0.00
0.00
0.00
0.00
0.00
0.00
33.48
96.61
171.20
212.16
285.54
282.39
273.08
249.58
200.72
131.48
55.75
0.00
0.00
0.00
0.00
0.00
0.00
0.00
0.00
0.00
0.00
0.00
0.00
0.00
37.86
109.07
189.27
224.75
273.59
297.19
287.09
243.08
207.82
130.16
56.09
0.00
0.00
0.00
0.00
0.00
0.00
0.00
0.00
0.00
0.00
0.00
0.00
0.00
41.33
114.60
187.26
233.31
269.85
273.36
271.21
244.13
196.35
129.48
52.08
0.00
0.00
0.00
0.00
0.00
0.00
0.00
0.00
0.00
0.00
0.00
0.00
0.00
37.64
124.58
202.00
270.42
293.89
303.80
284.97
257.06
209.69
138.70
54.90
0.00
0.00
0.00
0.00
0.00
0.00
0.00
0.00
0.00
0.00
0.00
0.00
0.00
26.95
89.66
151.68
213.10
251.94
278.74
270.69
245.78
187.44
129.57
50.93
0.00
0.00
0.00
0.00
0.00
0.00
0.00
0.00
0.00
0.00
0.00
0.00
0.00
40.70
106.73
203.56
259.59
291.89
312.29
301.77
270.43
216.72
141.97
51.82
0.00
0.00
0.00
0.00
0.00
0.00
0.00
0.00
0.00
0.00
0.00
0.00
0.00
40.09
101.89
168.56
253.67
273.78
285.59
264.92
241.57
192.99
132.48
52.11
0.00
0.00
0.00
0.00
0.00
0.00
0.00
0.00
0.00
0.00
0.00
0.00
0.00
25.86
85.88
164.58
241.11
254.37
274.95
273.76
244.00
201.19
130.94
51.59
0.00
0.00
0.00
0.00
0.00
0.00
0.00
0.00
0.00
0.00
0.00
0.00
0.00
28.83
96.26
155.15
201.43
250.99
254.53
240.04
226.82
180.79
117.58
46.52
0.00
0.00
0.00
0.00
0.00
0.00
0.00
0.00
0.00
0.00
0.00
0.00
0.00
31.12
109.31
178.77
249.32
259.96
292.02
271.03
251.11
200.30
125.96
46.45
0.00
0.00
0.00
0.00
0.00
0.00
0.00
0.00
0.00
0.00
0.00
0.00
0.00
26.98
96.91
160.18
206.76
266.05
268.59
268.55
240.89
173.10
118.85
49.80
0.00
0.00
0.00
0.00
0.00
0.00
0.00
0.00
0.00
0.00
0.00
0.00
0.00
23.86
90.82
167.42
204.81
254.38
259.83
246.13
219.93
177.90
114.36
42.64
0.00
0.00
0.00
0.00
0.00
0.00
0.00
0.00
0.00
0.00
0.00
0.00
0.00
19.73
88.43
184.18
239.94
277.37
290.47
277.57
248.25
183.90
126.05
48.68
0.00
0.00
0.00
0.00
0.00
0.00
0.00
0.00
0.00
0.00
0.00
0.00
0.00
39.23
110.10
187.02
249.87
287.90
295.59
287.01
254.61
207.19
132.99
50.77
0.00
0.00
0.00
0.00
0.00
0.00
0.00
0.00
0.00
0.00
0.00
0.00
0.03
45.04
137.30
206.23
265.89
293.74
301.59
296.15
262.47
206.66
116.44
50.42
0.00
0.00
0.00
0.00
0.00
0.00
0.00
0.00
0.00
0.00
0.00
0.00
0.06
45.40
121.54
190.03
258.99
291.81
300.38
288.29
259.06
209.18
134.17
50.85
0.00
0.00
0.00
0.00
0.00
0.00
0.00
0.00
0.00
0.00
0.00
0.00
0.10
44.07
114.30
185.09
242.70
288.77
284.13
291.48
260.40
206.42
131.83
41.64
0.00
0.00
0.00
0.00
0.00
0.00
0.00
0.00
0.00
0.00
0.00
0.00
0.14
36.33
102.60
179.81
251.42
282.31
295.14
281.22
252.24
198.86
112.77
48.75
0.00
0.00
0.00
0.00
0.00
0.00
0.00
0.00
0.00
0.00
0.00
0.00
0.14
43.31
127.56
188.71
236.46
250.98
258.83
252.72
225.80
181.37
115.58
42.99
0.00
0.00
0.00
0.00
0.00
0.00
0.00
0.00
0.00
0.00
0.00
0.00
0.17
35.77
105.64
157.38
210.09
241.78
227.70
216.99
193.24
166.97
107.89
41.71
0.00
0.00
0.00
0.00
0.00
0.00
0.00
0.00
0.00
0.00
0.00
0.00
0.16
23.95
67.08
123.69
186.59
215.50
208.40
218.32
182.19
146.11
95.09
36.07
0.00
0.00
0.00
0.00
0.00
0.00
0.00
0.00
0.00
0.00
0.00
0.00
0.07
36.43
103.57
183.20
237.28
243.77
251.52
241.01
214.69
169.31
107.13
39.30
0.00
0.00
0.00
0.00
0.00
0.00
0.00
0.00
0.00
0.00
0.00
0.00
0.29
34.01
117.53
175.35
243.35
287.34
295.79
265.81
234.25
178.24
123.63
44.94
0.00
0.00
0.00
0.00
0.00
0.00
0.00
0.00
0.00
0.00
0.00
0.00
0.40
31.35
87.55
153.96
190.31
230.86
237.48
234.15
210.62
163.23
101.25
38.18
0.00
0.00
0.00
0.00
0.00
0.00
0.00
0.00
0.00
0.00
0.00
0.00
0.43
35.25
108.15
184.33
243.07
250.52
248.26
227.39
202.16
155.79
102.64
39.12
0.00
0.00
0.00
0.00
0.00
0.00
0.00
0.00
0.00
0.00
0.00
0.00
0.51
37.81
102.24
182.83
236.63
261.65
269.24
248.33
211.31
177.70
110.52
39.43
0.00
0.00
0.00
0.00
0.00
0.00
0.00
0.00
0.00
0.00
0.00
0.00
0.54
37.84
103.65
187.77
238.15
257.61
266.37
261.84
231.82
181.27
112.74
40.18
0.00
0.00
0.00
0.00
0.00
0.00
0.00
0.00
0.00
0.00
0.00
0.00
0.65
44.97
123.48
198.51
252.96
279.30
282.01
268.86
242.32
183.87
116.70
40.95
0.00
0.00
0.00
0.00
0.00
0.00
0.00
0.00
0.00
0.00
0.00
0.00
0.77
39.38
117.93
196.81
242.22
276.99
285.16
270.31
226.83
189.94
114.70
40.90
0.00
0.00
0.00
0.00
0.00
0.00
0.00
0.00
0.00
0.00
0.00
0.00
0.86
41.45
124.17
190.11
234.11
273.08
270.27
277.06
229.33
167.88
113.11
36.84
0.00
0.00
0.00
0.00
0.00
0.00
0.00
0.00
0.00
0.00
0.00
0.00
0.88
36.46
104.33
193.82
254.71
271.99
281.21
274.33
241.16
178.73
108.29
38.32
0.00
0.00
0.00
0.00
0.00
0.00
0.00
0.00
0.00
0.00
0.00
0.00
0.91
40.05
121.69
189.05
237.08
264.08
269.43
258.35
225.36
169.90
107.69
34.63
0.00
0.00
0.00
0.00
0.00
0.00
0.00
0.00
0.00
0.00
0.00
0.00
0.98
33.02
87.69
160.87
213.00
248.34
246.86
226.44
206.72
163.43
102.04
31.17
0.00
0.00
0.00
0.00
0.00
0.00
0.00
0.00
0.00
0.00
0.00
0.00
1.05
33.53
83.77
147.37
218.03
262.08
269.77
257.28
226.23
156.11
92.63
36.09
0.00
0.00
0.00
0.00
0.00
0.00
0.00
0.00
0.00
0.00
0.00
0.00
1.16
29.61
83.04
140.36
195.39
233.30
243.84
238.24
205.83
160.65
98.15
36.55
0.00
0.00
0.00
0.00
0.00
0.00
0.00
0.00
0.00
0.00
0.00
0.00
1.11
38.53
109.95
186.17
209.37
234.55
257.62
254.90
224.01
173.14
105.27
35.79
0.00
0.00
0.00
0.00
0.00
0.00
0.00
0.00
0.00
0.00
0.00
0.00
0.77
32.01
99.25
161.98
201.19
220.62
226.68
202.31
183.69
142.33
84.92
30.50
0.00
0.00
0.00
0.00
0.00
0.00
0.00
0.00
0.00
0.00
0.00
0.00
1.24
30.46
88.99
155.02
179.79
206.49
236.94
219.75
183.21
141.40
89.34
31.43
0.00
0.00
0.00
0.00
0.00
0.00
0.00
0.00
0.00
0.00
0.00
0.00
1.50
34.36
90.49
152.47
216.86
244.88
259.31
199.35
200.75
94.79
67.92
26.72
0.00
0.00
0.00
0.00
0.00
0.00
0.00
0.00
0.00
0.00
0.00
0.00
0.57
34.22
98.65
161.00
205.10
230.93
235.74
220.62
207.51
128.15
72.07
19.73
0.00
0.00
0.00
0.00
0.00
0.00
0.00
0.00
0.00
0.00
0.00
0.00
1.03
28.00
90.57
131.16
212.74
255.19
254.00
207.31
169.20
92.54
33.54
17.16
0.00
0.00
0.00
0.00
0.00
0.00
0.00
0.00
0.00
0.00
0.00
0.00
1.06
28.59
73.29
150.37
192.52
204.42
201.24
220.84
204.53
147.11
87.52
29.10
0.00
0.00
0.00
0.00
0.00
0.00
0.00
0.00
0.00
0.00
0.00
0.00
2.23
32.63
95.58
170.54
206.37
219.21
243.44
265.27
218.93
155.07
77.39
25.23
0.00
0.00
0.00
0.00
0.00
0.00
0.00
0.00
0.00
0.00
0.00
0.00
1.09
26.83
84.74
149.41
188.88
208.63
232.94
200.38
180.40
130.67
70.38
21.75
0.00
0.00
0.00
0.00
0.00
0.00
0.00
0.00
0.00
0.00
0.00
0.00
1.19
32.07
98.13
156.22
208.97
249.96
234.71
217.91
180.94
152.74
90.43
30.65
0.00
0.00
0.00
0.00
0.00
0.00
0.00
0.00
0.00
0.00
0.00
0.00
2.42
36.55
111.62
156.60
208.71
218.23
232.15
233.25
222.92
154.37
90.66
30.60
0.00
0.00
0.00
0.00
0.00
0.00
0.00
0.00
0.00
0.00
0.00
0.00
2.53
37.45
100.39
175.98
216.08
253.92
257.32
241.58
201.80
136.42
68.12
24.10
0.00
0.00
0.00
0.00
0.00
0.00
0.00
0.00
0.00
0.00
0.00
0.00
1.11
29.34
82.98
141.68
206.40
224.96
232.49
214.08
180.99
114.34
69.26
24.32
0.00
0.00
0.00
0.00
0.00
0.00
0.00
0.00
0.00
0.00
0.00
0.00
2.16
33.20
99.43
164.70
216.38
233.91
247.83
235.95
178.58
154.02
86.13
28.89
0.00
0.00
0.00
0.00
0.00
0.00
0.00
0.00
0.00
0.00
0.00
0.00
2.51
38.53
103.87
166.94
213.70
255.26
256.96
245.86
208.78
139.58
85.62
28.36
0.00
0.00
0.00
0.00
0.00
0.00
0.00
0.00
0.00
0.00
0.00
0.00
1.90
38.46
107.02
165.43
211.61
256.07
268.18
253.86
193.91
144.56
94.62
28.80
0.00
0.00
0.00
0.00
0.00
0.00
0.00
0.00
0.00
0.00
0.00
0.00
2.27
32.48
95.99
147.72
202.05
252.11
263.25
240.71
208.07
107.40
64.29
22.53
0.00
0.00
0.00
0.00
0.00
0.00
0.00
0.00
0.00
0.00
0.00
0.00
3.06
37.00
110.74
176.46
228.84
266.75
264.82
252.43
213.19
168.38
95.40
27.51
0.00
0.00
0.00
0.00
0.00
0.00
0.00
0.00
0.00
0.00
0.00
0.00
2.48
33.92
89.31
149.41
201.43
247.81
253.64
249.20
208.50
153.58
93.64
20.22
0.00
0.00
0.00
0.00
0.00
0.00
0.00
0.00
0.00
0.00
0.00
0.00
3.06
30.17
83.72
136.54
155.42
199.63
222.42
234.84
199.37
133.25
58.15
19.63
0.00
0.00
0.00
0.00
0.00
0.00
0.00
0.00
0.00
0.00
0.00
0.00
2.06
30.90
100.29
138.57
203.91
218.08
226.97
227.99
186.74
151.23
89.81
25.96
0.00
0.00
0.00
0.00
0.00
0.00
0.00
0.00
0.00
0.00
0.00
0.00
2.85
32.12
91.19
153.04
186.93
235.39
250.95
208.58
166.58
131.06
83.82
24.90
0.00
0.00
0.00
0.00
0.00
0.00
0.00
0.00
0.00
0.00
0.00
0.00
2.87
32.21
102.01
164.17
202.90
222.21
243.72
237.15
197.33
146.94
88.84
24.12
0.00
0.00
0.00
0.00
0.00
0.00
0.00
0.00
0.00
0.00
0.00
0.00
3.56
34.65
90.97
153.43
222.71
250.97
257.84
238.63
212.60
147.53
87.65
20.28
0.00
0.00
0.00
0.00
0.00
0.00
0.00
0.00
0.00
0.00
0.00
0.00
3.61
35.56
104.04
160.24
193.08
232.52
257.72
240.45
210.88
154.50
88.69
15.00
0.00
0.00
0.00
0.00
0.00
0.00
0.00
0.00
0.00
0.00
0.00
0.00
3.71
35.05
104.47
172.18
217.36
240.50
245.10
231.71
203.53
147.45
89.14
23.39
0.00
0.00
0.00
0.00
0.00
0.00
0.00
0.00
0.00
0.00
0.00
0.00
3.58
30.60
92.11
145.26
181.58
211.64
215.10
210.98
178.68
148.39
66.26
21.19
0.00
0.00
0.00
0.00
0.00
0.00
0.00
0.00
0.00
0.00
0.00
0.00
1.51
22.19
77.74
107.26
168.82
208.47
219.46
210.43
177.84
126.86
67.63
20.61
0.00
0.00
0.00
0.00
0.00
0.00
0.00
0.00
0.00
0.00
0.00
0.00
2.15
27.49
77.16
137.22
186.52
209.88
208.87
219.87
196.69
137.19
76.44
25.54
0.00
0.00
0.00
0.00
0.00
0.00
0.00
0.00
0.00
0.00
0.00
0.00
3.21
30.79
99.93
158.07
201.17
218.68
215.17
207.56
185.42
138.31
72.41
21.11
0.00
0.00
0.00
0.00
0.00
0.00
0.00
0.00
0.00
0.00
0.00
0.00
2.37
31.49
93.55
159.87
191.92
208.64
246.46
238.93
186.03
135.78
75.60
24.79
0.00
0.00
0.00
0.00
0.00
0.00
0.00
0.00
0.00
0.00
0.00
0.00
3.52
33.84
89.03
132.60
164.25
199.63
218.14
222.71
172.72
126.24
72.68
21.64
0.00
0.00
0.00
0.00
0.00
0.00
0.00
0.00
0.00
0.00
0.00
0.00
2.44
24.75
80.14
138.89
181.84
218.78
233.47
224.97
185.98
136.73
76.71
24.35
0.00
0.00
0.00
0.00
0.00
0.00
0.00
0.00
0.00
0.00
0.00
0.00
2.56
31.88
96.61
159.70
192.76
203.56
217.21
183.93
169.35
138.71
74.29
16.46
0.00
0.00
0.00
0.00
0.00
0.00
0.00
0.00
0.00
0.00
0.00
0.00
3.10
33.45
77.79
159.57
192.02
237.85
246.28
225.54
209.28
155.20
84.36
23.05
0.00
0.00
0.00
0.00
0.00
0.00
0.00
0.00
0.00
0.00
0.00
0.00
3.62
33.37
86.29
142.88
199.94
237.26
227.49
224.26
176.11
110.65
73.26
21.06
0.00
0.00
0.00
0.00
0.00
0.00
0.00
0.00
0.00
0.00
0.00
0.00
3.15
32.06
86.41
162.13
214.74
249.84
248.15
229.93
195.40
149.99
75.12
21.58
0.00
0.00
0.00
0.00
0.00
0.00
0.00
0.00
0.00
0.00
0.00
0.00
3.97
32.67
98.77
164.77
214.34
243.62
235.29
236.44
202.29
135.41
82.22
23.25
0.00
0.00
0.00
0.00
0.00
0.00
0.00
0.00
0.00
0.00
0.00
0.00
4.02
30.69
88.93
140.64
187.07
190.55
251.76
238.15
200.64
149.62
82.50
23.61
0.00
0.00
0.00
0.00
0.00
0.00
0.00
0.00
0.00
0.00
0.00
0.00
3.57
27.23
72.40
131.33
205.72
222.05
229.93
206.76
182.83
129.21
70.95
23.97
0.00
0.00
0.00
0.00
0.00
0.00
0.00
0.00
0.00
0.00
0.00
0.00
3.50
32.44
91.81
144.58
194.58
233.84
233.44
216.03
186.42
122.63
65.08
22.49
0.00
0.00
0.00
0.00
0.00
0.00
0.00
0.00
0.00
0.00
0.00
0.00
2.11
30.29
86.80
144.03
185.69
202.56
214.51
172.85
145.09
120.93
64.14
22.16
0.00
0.00
0.00
0.00
0.00
0.00
0.00
0.00
0.00
0.00
0.00
0.00
1.39
30.02
91.64
151.27
189.93
215.10
221.00
201.80
176.39
136.74
64.53
19.69
0.00
0.00
0.00
0.00
0.00
0.00
0.00
0.00
0.00
0.00
0.00
0.00
1.75
26.39
89.59
139.34
178.03
210.86
233.58
202.07
182.46
133.59
73.67
21.58
0.00
0.00
0.00
0.00
0.00
0.00
0.00
0.00
0.00
0.00
0.00
0.00
2.97
29.18
89.01
146.49
184.50
220.12
230.09
218.67
176.22
139.19
78.64
24.60
0.00
0.00
0.00
0.00
0.00
0.00
0.00
0.00
0.00
0.00
0.00
0.00
3.31
25.58
73.02
149.28
183.92
202.31
194.83
187.53
177.85
116.81
52.89
17.71
0.00
0.00
0.00
0.00
0.00
0.00
0.00
0.00
0.00
0.00
0.00
0.00
3.29
30.69
88.15
142.20
189.01
204.99
226.94
220.29
196.62
147.17
76.18
21.92
0.00
0.00
0.00
0.00
0.00
0.00
0.00
0.00
0.00
0.00
0.00
0.00
3.97
29.88
91.89
155.41
203.21
230.38
236.55
233.65
200.84
149.53
74.20
24.98
0.00
0.00
0.00
0.00
0.00
0.00
0.00
0.00
0.00
0.00
0.00
0.00
3.44
28.39
78.58
152.70
199.85
231.01
232.88
217.34
199.73
143.58
77.37
22.92
0.00
0.00
0.00
0.00
0.00
0.00
0.00
0.00
0.00
0.00
0.00
0.00
3.37
26.04
83.29
150.34
208.00
230.97
218.20
212.50
193.78
139.01
75.82
25.49
0.00
0.00
0.00
0.00
0.00
0.00
0.00
0.00
0.00
0.00
0.00
0.00
3.15
27.28
74.94
142.98
188.59
210.70
218.46
211.60
165.32
108.58
52.74
19.44
0.00
0.00
0.00
0.00
0.00
0.00
0.00
0.00
0.00
0.00
0.00
0.00
2.51
28.05
69.46
109.42
165.40
222.46
216.75
202.77
146.39
111.16
59.67
21.63
0.00
0.00
0.00
0.00
0.00
0.00
0.00
0.00
0.00
0.00
0.00
0.00
3.61
26.02
89.57
146.96
189.67
213.85
232.21
218.91
187.54
139.27
74.79
22.55
0.00
0.00
0.00
0.00
0.00
0.00
0.00
0.00
0.00
0.00
0.00
0.00
3.49
27.29
78.59
153.22
200.36
205.01
231.08
215.14
173.60
135.37
77.27
25.74
0.00
0.00
0.00
0.00
0.00
0.00
0.00
0.00
0.00
0.00
0.00
0.00
2.71
29.04
84.63
144.76
178.44
207.50
196.37
188.03
172.18
114.14
64.17
23.52
0.00
0.00
0.00
0.00
0.00
0.00
0.00
0.00
0.00
0.00
0.00
0.00
3.44
24.67
90.03
135.44
182.57
224.58
227.61
212.67
189.23
144.14
78.47
20.51
0.31
0.00
0.00
0.00
0.00
0.00
0.00
0.00
0.00
0.00
0.00
0.00
3.33
28.35
88.96
155.04
200.33
229.30
235.02
226.29
176.50
129.77
70.55
22.90
0.35
0.00
0.00
0.00
0.00
0.00
0.00
0.00
0.00
0.00
0.00
0.00
0.51
23.72
80.28
128.59
175.35
200.80
212.16
201.39
166.43
135.38
59.29
20.57
0.35
0.00
0.00
0.00
0.00
0.00
0.00
0.00
0.00
0.00
0.00
0.00
2.40
28.67
80.83
141.46
183.46
226.91
231.35
222.23
197.46
148.77
77.21
23.58
0.27
0.00
0.00
0.00
0.00
0.00
0.00
0.00
0.00
0.00
0.00
0.00
2.89
26.36
86.79
149.44
192.43
218.52
228.57
212.46
189.36
143.15
71.63
22.95
0.28
0.00
0.00
0.00
0.00
0.00
0.00
0.00
0.00
0.00
0.00
0.00
2.52
28.73
84.04
144.21
191.86
216.15
227.95
222.35
181.26
126.16
72.33
23.59
0.35
0.00
0.00
0.00
0.00
0.00
0.00
0.00
0.00
0.00
0.00
0.00
2.27
29.80
84.78
148.34
191.91
213.54
218.70
208.55
147.16
122.23
69.20
23.13
1.23
0.00
0.00
0.00
0.00
0.00
0.00
0.00
0.00
0.00
0.00
0.00
1.91
20.69
69.47
128.40
172.82
184.79
206.91
187.62
164.58
130.34
74.54
25.37
1.75
0.00
0.00
0.00
0.00
0.00
0.00
0.00
0.00
0.00
0.00
0.00
2.75
26.86
81.70
147.79
192.96
207.69
210.85
165.05
162.54
128.27
73.55
22.34
1.74
0.00
0.00
0.00
0.00
0.00
0.00
0.00
0.00
0.00
0.00
0.00
2.40
26.74
84.95
147.12
177.32
203.29
207.47
214.51
173.09
121.52
60.89
21.52
0.31
0.00
0.00
0.00
0.00
0.00
0.00
0.00
0.00
0.00
0.00
0.00
2.81
26.49
86.06
150.50
199.25
226.55
230.75
199.62
181.82
144.88
80.27
23.46
1.57
0.00
0.00
0.00
0.00
0.00
0.00
0.00
0.00
0.00
0.00
0.00
2.17
27.15
84.25
146.45
190.52
215.81
208.47
212.57
174.41
122.37
70.00
24.62
0.49
0.00
0.00
0.00
0.00
0.00
0.00
0.00
0.00
0.00
0.00
0.00
1.87
24.50
70.00
130.25
179.14
207.48
207.73
200.43
164.94
110.51
55.32
18.68
0.28
0.00
0.00
0.00
0.00
0.00
0.00
0.00
0.00
0.00
0.00
0.00
2.24
27.88
80.64
114.25
146.10
149.05
175.81
151.36
134.01
106.07
60.28
23.15
0.22
0.00
0.00
0.00
0.00
0.00
0.00
0.00
0.00
0.00
0.00
0.00
2.38
25.40
79.45
151.92
200.01
227.33
222.00
218.09
187.79
141.51
77.57
25.43
1.69
0.00
0.00
0.00
0.00
0.00
0.00
0.00
0.00
0.00
0.00
0.00
2.48
25.06
83.90
147.48
194.16
223.73
225.55
211.83
182.33
143.63
84.10
22.98
1.92
0.00
0.00
0.00
0.00
0.00
0.00
0.00
0.00
0.00
0.00
0.00
2.27
25.80
82.39
140.08
188.67
208.30
198.13
204.46
160.88
118.00
71.56
23.86
1.58
0.00
0.00
0.00
0.00
0.00
0.00
0.00
0.00
0.00
0.00
0.00
1.83
24.90
72.09
127.87
188.42
228.12
228.58
222.28
197.31
145.53
83.95
21.05
1.87
0.00
0.00
0.00
0.00
0.00
0.00
0.00
0.00
0.00
0.00
0.00
2.01
24.30
80.27
128.83
173.38
198.39
195.70
195.88
179.91
118.88
64.29
21.58
0.05
0.00
0.00
0.00
0.00
0.00
0.00
0.00
0.00
0.00
0.00
0.00
0.78
15.18
56.64
103.17
156.13
194.87
221.40
196.94
181.41
106.21
68.05
20.33
0.85
0.00
0.00
0.00
0.00
0.00
0.00
0.00
0.00
0.00
0.00
0.00
2.14
21.68
83.46
147.71
196.72
228.14
239.74
228.31
190.63
131.23
69.87
23.56
0.09
0.00
0.00
0.00
0.00
0.00
0.00
0.00
0.00
0.00
0.00
0.00
2.18
21.98
84.02
151.79
204.67
233.46
245.34
225.18
194.25
153.17
85.90
25.04
2.23
0.00
0.00
0.00
0.00
0.00
0.00
0.00
0.00
0.00
0.00
0.00
2.12
22.05
83.31
141.93
196.30
229.29
236.25
218.74
182.73
140.18
75.10
24.74
2.26
0.00
0.00
0.00
0.00
0.00
0.00
0.00
0.00
0.00
0.00
0.00
1.99
22.68
83.11
143.70
199.54
231.92
237.50
218.26
194.37
147.41
80.00
26.14
2.31
0.00
0.00
0.00
0.00
0.00
0.00
0.00
0.00
0.00
0.00
0.00
1.96
17.90
74.78
137.60
199.07
229.01
237.64
223.68
195.80
137.09
79.85
17.57
2.21
0.00
0.00
0.00
0.00
0.00
0.00
0.00
0.00
0.00
0.00
0.00
1.75
21.96
82.18
144.72
191.60
218.19
226.81
215.13
152.57
134.05
67.12
17.17
0.59
0.00
0.00
0.00
0.00
0.00
0.00
0.00
0.00
0.00
0.00
0.00
1.80
22.20
82.66
147.30
187.77
223.88
231.67
206.54
189.63
152.74
78.13
25.16
2.21
0.00
0.00
0.00
0.00
0.00
0.00
0.00
0.00
0.00
0.00
0.00
1.77
23.72
84.57
152.30
202.47
204.48
239.80
228.27
183.61
150.47
79.54
25.73
2.21
0.00
0.00
0.00
0.00
0.00
0.00
0.00
0.00
0.00
0.00
0.00
0.93
21.39
86.39
152.85
201.68
225.65
229.68
222.60
199.21
150.02
84.04
24.35
2.13
0.00
0.00
0.00
0.00
0.00
0.00
0.00
0.00
0.00
0.00
0.00
1.37
24.34
79.18
136.69
193.99
222.17
219.20
217.24
181.44
135.93
67.93
28.36
1.81
0.00
0.00
0.00
0.00
0.00
0.00
0.00
0.00
0.00
0.00
0.00
0.41
20.33
70.75
110.84
196.06
213.00
217.91
212.60
187.34
138.88
81.67
24.99
2.78
0.00
0.00
0.00
0.00
0.00
0.00
0.00
0.00
0.00
0.00
0.00
1.44
20.93
83.44
150.75
200.89
233.60
245.05
234.39
187.80
149.48
85.31
26.84
2.52
0.00
0.00
0.00
0.00
0.00
0.00
0.00
0.00
0.00
0.00
0.00
1.38
20.67
77.05
143.70
193.96
225.72
242.18
232.50
169.76
136.32
76.64
23.10
2.37
0.00
0.00
0.00
0.00
0.00
0.00
0.00
0.00
0.00
0.00
0.00
1.26
22.42
83.67
151.46
196.33
228.50
227.88
216.76
192.36
122.05
81.15
28.39
1.96
0.00
0.00
0.00
0.00
0.00
0.00
0.00
0.00
0.00
0.00
0.00
1.26
20.33
73.49
136.62
198.89
235.24
240.56
235.15
204.93
155.08
89.16
19.95
0.66
0.00
0.00
0.00
0.00
0.00
0.00
0.00
0.00
0.00
0.00
0.00
1.19
23.65
82.57
150.34
204.75
236.35
245.49
235.54
196.57
154.77
88.55
27.10
2.53
0.00
0.00
0.00
0.00
0.00
0.00
0.00
0.00
0.00
0.00
0.00
1.18
23.40
83.71
153.56
200.26
228.11
232.26
214.60
194.93
122.53
85.46
30.52
1.51
0.00
0.00
0.00
0.00
0.00
0.00
0.00
0.00
0.00
0.00
0.00
1.20
21.33
85.97
152.36
200.59
222.73
227.17
212.09
200.30
146.09
89.77
26.45
2.57
0.00
0.00
0.00
0.00
0.00
0.00
0.00
0.00
0.00
0.00
0.00
1.18
21.92
88.36
151.37
208.03
232.01
241.50
230.58
187.76
149.69
72.90
24.50
2.70
0.00
0.00
0.00
0.00
0.00
0.00
0.00
0.00
0.00
0.00
0.00
0.87
25.22
82.54
145.10
180.49
189.08
213.30
215.91
181.06
125.09
64.79
24.70
0.75
0.00
0.00
0.00
0.00
0.00
0.00
0.00
0.00
0.00
0.00
0.00
1.18
22.46
88.16
157.19
212.93
241.45
245.16
240.26
182.28
146.49
86.46
26.29
2.28
0.00
0.00
0.00
0.00
0.00
0.00
0.00
0.00
0.00
0.00
0.00
1.15
21.33
87.35
158.61
210.87
250.40
254.36
246.25
196.30
151.62
92.87
29.58
2.31
0.00
0.00
0.00
0.00
0.00
0.00
0.00
0.00
0.00
0.00
0.00
0.98
24.39
86.90
158.70
209.35
243.11
252.68
239.74
212.62
154.47
90.57
28.14
2.92
0.00
0.00
0.00
0.00
0.00
0.00
0.00
0.00
0.00
0.00
0.00
1.08
23.09
91.55
165.15
219.74
253.29
254.75
244.25
215.71
165.65
96.89
25.72
2.31
0.00
0.00
0.00
0.00
0.00
0.00
0.00
0.00
0.00
0.00
0.00
1.05
23.34
88.94
161.00
215.55
242.26
253.60
213.42
189.96
147.97
76.85
20.40
0.74
0.00
0.00
0.00
0.00
0.00
0.00
0.00
0.00
0.00
0.00
0.00
0.76
26.62
83.27
143.00
190.12
231.77
233.09
221.83
187.07
137.31
80.38
28.94
2.16
0.00
0.00
0.00
0.00
0.00
0.00
0.00
0.00
0.00
0.00
0.00
0.96
22.95
93.07
164.96
217.67
250.98
259.43
253.05
201.34
156.83
89.32
29.03
2.43
0.00
0.00
0.00
0.00
0.00
0.00
0.00
0.00
0.00
0.00
0.00
0.91
23.27
86.93
159.50
217.11
235.64
253.80
218.55
194.77
123.54
69.91
23.93
0.02
0.00
0.00
0.00
0.00
0.00
0.00
0.00
0.00
0.00
0.00
0.00
0.63
22.21
90.32
158.12
192.62
240.52
250.24
246.29
214.72
167.76
93.77
27.93
2.53
0.00
0.00
0.00
0.00
0.00
0.00
0.00
0.00
0.00
0.00
0.00
0.95
22.78
92.76
159.45
206.43
237.40
240.52
241.51
211.63
152.19
93.49
26.56
1.34
0.00
0.00
0.00
0.00
0.00
0.00
0.00
0.00
0.00
0.00
0.00
0.84
25.89
91.79
154.06
212.76
246.72
250.93
251.91
216.02
158.60
87.84
25.65
2.49
0.00
0.00
0.00
0.00
0.00
0.00
0.00
0.00
0.00
0.00
0.00
0.59
24.94
77.11
121.50
164.88
194.10
223.78
213.48
194.20
145.64
91.44
24.70
0.22
0.00
0.00
0.00
0.00
0.00
0.00
0.00
0.00
0.00
0.00
0.00
0.44
22.70
82.69
149.87
179.69
197.04
230.28
192.79
172.45
139.35
76.17
26.47
0.52
0.00
0.00
0.00
0.00
0.00
0.00
0.00
0.00
0.00
0.00
0.00
0.75
28.31
96.93
171.22
213.90
231.91
262.31
247.23
205.76
148.05
99.99
30.53
0.07
0.00
0.00
0.00
0.00
0.00
0.00
0.00
0.00
0.00
0.00
0.00
0.80
28.02
85.58
144.92
193.36
231.30
237.64
238.28
194.57
165.08
92.53
30.76
0.39
0.00
0.00
0.00
0.00
0.00
0.00
0.00
0.00
0.00
0.00
0.00
0.61
17.86
80.15
143.73
194.54
218.24
245.26
228.77
201.59
154.70
80.18
28.47
0.00
0.00
0.00
0.00
0.00
0.00
0.00
0.00
0.00
0.00
0.00
0.00
0.49
20.47
85.45
147.01
213.06
241.93
247.14
234.46
204.95
160.78
89.91
27.40
0.54
0.00
0.00
0.00
0.00
0.00
0.00
0.00
0.00
0.00
0.00
0.00
0.55
26.69
85.67
159.04
195.52
241.52
243.45
204.14
182.46
154.58
80.88
28.78
0.00
0.00
0.00
0.00
0.00
0.00
0.00
0.00
0.00
0.00
0.00
0.00
0.78
26.64
90.77
166.43
227.85
233.85
258.71
245.79
198.89
154.34
86.10
28.32
0.00
0.00
0.00
0.00
0.00
0.00
0.00
0.00
0.00
0.00
0.00
0.00
0.47
25.80
86.60
166.06
202.24
227.60
231.14
218.26
166.83
122.05
83.60
29.49
0.00
0.00
0.00
0.00
0.00
0.00
0.00
0.00
0.00
0.00
0.00
0.00
0.78
28.18
104.62
165.90
214.41
222.21
270.66
236.65
212.58
125.01
104.11
32.91
0.00
0.00
0.00
0.00
0.00
0.00
0.00
0.00
0.00
0.00
0.00
0.00
0.75
28.78
102.15
168.11
213.64
234.81
244.27
240.35
214.92
154.84
85.73
26.66
0.00
0.00
0.00
0.00
0.00
0.00
0.00
0.00
0.00
0.00
0.00
0.00
0.76
29.93
100.75
176.56
219.89
239.64
250.77
232.56
196.12
166.86
77.69
28.25
0.00
0.00
0.00
0.00
0.00
0.00
0.00
0.00
0.00
0.00
0.00
0.00
0.57
26.43
75.19
144.87
201.95
231.93
206.90
192.58
152.32
143.82
93.00
26.84
0.00
0.00
0.00
0.00
0.00
0.00
0.00
0.00
0.00
0.00
0.00
0.00
0.79
30.55
108.28
174.58
227.68
258.26
265.41
241.92
204.85
164.20
92.81
32.02
0.00
0.00
0.00
0.00
0.00
0.00
0.00
0.00
0.00
0.00
0.00
0.00
0.69
28.81
102.52
171.02
223.23
242.63
245.22
233.84
212.79
164.57
100.03
26.48
0.00
0.00
0.00
0.00
0.00
0.00
0.00
0.00
0.00
0.00
0.00
0.00
0.58
31.85
102.89
171.12
202.03
245.66
233.13
190.66
194.12
171.87
106.67
34.53
0.00
0.00
0.00
0.00
0.00
0.00
0.00
0.00
0.00
0.00
0.00
0.00
0.49
27.28
89.77
162.26
188.51
198.59
225.06
245.16
201.84
133.93
77.64
26.39
0.00
0.00
0.00
0.00
0.00
0.00
0.00
0.00
0.00
0.00
0.00
0.00
0.48
26.10
90.06
133.97
218.16
248.11
241.64
214.28
180.11
137.89
71.61
25.93
0.00
0.00
0.00
0.00
0.00
0.00
0.00
0.00
0.00
0.00
0.00
0.00
0.52
26.43
96.21
170.38
232.48
260.17
252.46
242.77
192.72
127.87
85.51
30.46
0.00
0.00
0.00
0.00
0.00
0.00
0.00
0.00
0.00
0.00
0.00
0.00
0.40
29.18
109.98
183.35
228.28
257.75
249.94
223.30
199.06
149.90
103.53
34.95
0.00
0.00
0.00
0.00
0.00
0.00
0.00
0.00
0.00
0.00
0.00
0.00
0.65
35.11
109.64
175.11
221.89
230.30
223.91
225.47
184.73
153.90
102.90
24.82
0.00
0.00
0.00
0.00
0.00
0.00
0.00
0.00
0.00
0.00
0.00
0.00
0.56
29.87
85.88
143.00
197.21
242.43
224.70
230.48
205.63
148.78
87.25
25.38
0.00
0.00
0.00
0.00
0.00
0.00
0.00
0.00
0.00
0.00
0.00
0.00
0.33
29.38
104.53
171.83
217.93
223.59
238.83
237.73
212.56
141.92
68.18
30.13
0.00
0.00
0.00
0.00
0.00
0.00
0.00
0.00
0.00
0.00
0.00
0.00
0.58
30.31
83.17
139.07
179.70
221.15
232.23
201.99
200.90
130.13
74.14
29.69
0.00
0.00
0.00
0.00
0.00
0.00
0.00
0.00
0.00
0.00
0.00
0.00
0.50
19.59
99.18
164.71
190.96
232.74
215.63
211.44
163.59
90.08
85.84
31.90
0.00
0.00
0.00
0.00
0.00
0.00
0.00
0.00
0.00
0.00
0.00
0.00
0.68
35.98
80.38
162.01
224.46
237.75
224.15
194.59
150.17
132.36
108.67
27.97
0.00
0.00
0.00
0.00
0.00
0.00
0.00
0.00
0.00
0.00
0.00
0.00
0.46
25.53
99.82
151.52
197.69
212.80
236.83
169.94
175.89
125.48
98.43
30.41
0.00
0.00
0.00
0.00
0.00
0.00
0.00
0.00
0.00
0.00
0.00
0.00
0.75
40.34
115.28
163.26
212.87
259.57
245.03
254.13
231.88
170.81
109.94
32.91
0.00
0.00
0.00
0.00
0.00
0.00
0.00
0.00
0.00
0.00
0.00
0.00
0.80
44.26
118.77
206.32
260.09
288.59
298.23
278.60
240.58
187.76
96.86
32.49
0.00
0.00
0.00
0.00
0.00
0.00
0.00
0.00
0.00
0.00
0.00
0.00
0.83
44.42
121.23
202.10
253.96
274.09
267.79
268.79
237.69
195.37
103.58
35.18
0.00
0.00
0.00
0.00
0.00
0.00
0.00
0.00
0.00
0.00
0.00
0.00
0.63
41.33
120.28
191.01
222.04
256.42
269.21
261.46
233.93
172.44
107.16
32.25
0.00
0.00
0.00
0.00
0.00
0.00
0.00
0.00
0.00
0.00
0.00
0.00
0.57
28.69
93.37
157.83
186.63
204.56
211.81
238.04
186.79
151.26
92.77
22.17
0.00
0.00
0.00
0.00
0.00
0.00
0.00
0.00
0.00
0.00
0.00
0.00
0.12
28.31
87.46
160.20
211.93
225.84
228.77
214.11
174.09
120.05
80.93
28.18
0.00
0.00
0.00
0.00
0.00
0.00
0.00
0.00
0.00
0.00
0.00
0.00
0.44
32.54
110.70
189.46
231.41
271.96
278.65
229.13
204.64
177.40
114.65
36.17
0.00
0.00
0.00
0.00
0.00
0.00
0.00
0.00
0.00
0.00
0.00
0.00
0.82
44.63
125.61
201.41
254.92
289.98
260.31
247.16
203.79
169.73
102.84
34.31
0.00
0.00
0.00
0.00
0.00
0.00
0.00
0.00
0.00
0.00
0.00
0.00
0.68
39.81
109.64
173.39
238.32
263.42
262.70
240.61
234.52
181.05
107.13
33.34
0.00
0.00
0.00
0.00
0.00
0.00
0.00
0.00
0.00
0.00
0.00
0.00
0.71
46.83
116.68
186.62
207.07
261.15
273.55
257.49
207.54
132.25
57.06
16.46
0.00
0.00
0.00
0.00
0.00
0.00
0.00
0.00
0.00
0.00
0.00
0.00
0.72
42.75
109.40
171.86
229.17
262.76
239.29
228.63
216.83
149.81
98.05
33.73
0.00
0.00
0.00
0.00
0.00
0.00
0.00
0.00
0.00
0.00
0.00
0.00
0.87
51.22
131.47
206.95
264.03
285.07
306.91
278.49
223.17
152.30
83.10
30.33
0.00
0.00
0.00
0.00
0.00
0.00
0.00
0.00
0.00
0.00
0.00
0.00
0.60
36.62
108.73
184.22
239.69
271.85
261.11
254.12
208.89
148.15
88.89
33.32
0.00
0.00
0.00
0.00
0.00
0.00
0.00
0.00
0.00
0.00
0.00
0.00
0.59
32.23
114.38
162.10
209.45
244.84
245.10
219.50
191.87
136.82
73.11
25.28
0.00
0.00
0.00
0.00
0.00
0.00
0.00
0.00
0.00
0.00
0.00
0.00
0.62
30.01
113.34
165.48
211.69
223.24
253.31
212.71
204.58
156.71
82.34
27.15
0.00
0.00
0.00
0.00
0.00
0.00
0.00
0.00
0.00
0.00
0.00
0.00
0.72
42.95
116.86
203.82
247.74
238.62
230.15
217.18
205.32
160.25
92.38
29.77
0.00
0.00
0.00
0.00
0.00
0.00
0.00
0.00
0.00
0.00
0.00
0.00
0.89
42.47
133.94
204.82
260.13
266.65
230.03
195.62
180.05
124.83
60.55
20.54
0.00
0.00
0.00
0.00
0.00
0.00
0.00
0.00
0.00
0.00
0.00
0.00
0.27
16.53
64.17
137.53
193.94
237.83
246.11
242.49
200.70
163.41
92.92
31.44
0.00
0.00
0.00
0.00
0.00
0.00
0.00
0.00
0.00
0.00
0.00
0.00
1.18
60.16
146.69
222.91
253.11
273.84
286.17
268.87
179.34
152.98
81.93
22.39
0.00
0.00
0.00
0.00
0.00
0.00
0.00
0.00
0.00
0.00
0.00
0.00
0.51
32.45
98.56
166.47
242.93
265.45
273.09
244.90
196.09
159.59
98.21
31.39
0.00
0.00
0.00
0.00
0.00
0.00
0.00
0.00
0.00
0.00
0.00
0.00
0.64
31.94
98.37
166.30
229.82
265.99
279.68
273.56
236.84
177.68
100.75
31.10
0.00
0.00
0.00
0.00
0.00
0.00
0.00
0.00
0.00
0.00
0.00
0.00
1.40
64.58
141.28
201.83
244.97
267.78
264.15
239.53
218.58
139.71
74.32
20.51
0.00
0.00
0.00
0.00
0.00
0.00
0.00
0.00
0.00
0.00
0.00
0.00
0.69
37.25
96.74
155.26
214.62
245.04
250.87
248.41
222.68
180.46
96.16
27.85
0.00
0.00
0.00
0.00
0.00
0.00
0.00
0.00
0.00
0.00
0.00
0.00
0.71
33.41
90.87
154.74
189.30
251.40
237.92
240.58
218.96
128.16
71.49
19.89
0.00
0.00
0.00
0.00
0.00
0.00
0.00
0.00
0.00
0.00
0.00
0.00
1.18
54.99
127.80
187.35
256.75
247.96
233.50
192.89
167.45
126.70
78.36
26.30
0.00
0.00
0.00
0.00
0.00
0.00
0.00
0.00
0.00
0.00
0.00
0.00
1.17
49.22
121.57
175.69
202.70
249.77
263.13
257.47
217.23
168.15
110.42
35.15
0.00
0.00
0.00
0.00
0.00
0.00
0.00
0.00
0.00
0.00
0.00
0.00
1.67
64.87
150.19
231.38
283.88
292.60
292.83
275.89
226.05
176.19
110.10
29.61
0.00
0.00
0.00
0.00
0.00
0.00
0.00
0.00
0.00
0.00
0.00
0.00
1.87
68.05
159.93
228.47
247.65
286.12
306.49
281.02
251.79
160.38
86.83
28.44
0.00
0.00
0.00
0.00
0.00
0.00
0.00
0.00
0.00
0.00
0.00
0.00
0.93
39.97
109.34
200.65
242.63
228.41
235.45
272.39
222.52
176.41
105.19
31.18
0.00
0.00
0.00
0.00
0.00
0.00
0.00
0.00
0.00
0.00
0.00
0.00
0.88
38.70
105.93
191.12
249.67
278.44
272.80
284.55
254.16
199.81
108.94
34.31
0.00
0.00
0.00
0.00
0.00
0.00
0.00
0.00
0.00
0.00
0.00
0.00
1.98
59.64
151.94
209.30
247.33
276.83
281.66
241.82
198.94
158.51
86.45
29.96
0.00
0.00
0.00
0.00
0.00
0.00
0.00
0.00
0.00
0.00
0.00
0.00
2.18
66.16
145.07
211.61
279.16
300.72
295.26
287.48
255.39
185.84
87.34
27.01
0.00
0.00
0.00
0.00
0.00
0.00
0.00
0.00
0.00
0.00
0.00
0.00
2.44
77.37
170.76
239.82
286.15
311.60
301.47
292.70
256.07
178.26
101.62
30.76
0.00
0.00
0.00
0.00
0.00
0.00
0.00
0.00
0.00
0.00
0.00
0.00
2.08
70.57
153.18
227.64
253.72
302.61
259.06
252.75
236.98
181.11
83.36
22.12
0.00
0.00
0.00
0.00
0.00
0.00
0.00
0.00
0.00
0.00
0.00
0.00
1.94
60.10
132.85
208.04
248.34
299.68
255.79
264.05
223.49
183.85
96.50
27.56
0.00
0.00
0.00
0.00
0.00
0.00
0.00
0.00
0.00
0.00
0.00
0.00
1.38
52.99
133.97
184.40
212.07
232.82
219.45
224.54
198.33
181.68
92.76
22.78
0.00
0.00
0.00
0.00
0.00
0.00
0.00
0.00
0.00
0.00
0.00
0.00
1.37
36.44
113.10
206.47
247.51
265.60
282.01
257.00
239.75
185.11
114.60
34.30
0.00
0.00
0.00
0.00
0.00
0.00
0.00
0.00
0.00
0.00
0.00
0.00
2.75
67.39
145.19
219.91
246.81
280.96
273.93
242.49
219.75
141.38
93.48
26.90
0.00
0.00
0.00
0.00
0.00
0.00
0.00
0.00
0.00
0.00
0.00
0.00
1.08
35.07
104.53
171.07
222.93
205.59
228.35
230.65
200.61
163.99
92.09
25.54
0.00
0.00
0.00
0.00
0.00
0.00
0.00
0.00
0.00
0.00
0.00
0.00
2.03
56.24
128.28
190.70
213.56
250.79
249.78
242.00
197.51
138.60
60.34
16.98
0.00
0.00
0.00
0.00
0.00
0.00
0.00
0.00
0.00
0.00
0.00
0.00
1.54
33.53
86.87
179.82
214.11
204.91
248.35
270.47
209.73
159.33
99.51
27.88
0.00
0.00
0.00
0.00
0.00
0.00
0.00
0.00
0.00
0.00
0.00
0.00
0.48
18.64
60.41
102.84
125.67
162.85
168.52
174.85
197.52
136.39
79.26
21.36
0.00
0.00
0.00
0.00
0.00
0.00
0.00
0.00
0.00
0.00
0.00
0.00
1.51
42.15
97.14
158.43
222.47
239.63
243.39
253.39
191.80
134.34
68.90
19.96
0.00
0.00
0.00
0.00
0.00
0.00
0.00
0.00
0.00
0.00
0.00
0.00
0.43
34.22
107.77
187.14
236.75
248.79
235.96
239.40
216.73
165.41
95.96
25.12
0.00
0.00
0.00
0.00
0.00
0.00
0.00
0.00
0.00
0.00
0.00
0.00
0.70
27.59
77.75
135.82
155.51
203.32
217.40
224.51
195.22
152.40
88.40
24.19
0.00
0.00
0.00
0.00
0.00
0.00
0.00
0.00
0.00
0.00
0.00
0.00
1.92
51.87
130.30
181.16
236.45
286.91
293.88
278.07
218.45
146.44
83.99
22.93
0.00
0.00
0.00
0.00
0.00
0.00
0.00
0.00
0.00
0.00
0.00
0.00
1.10
37.55
113.56
196.98
237.81
231.16
237.58
206.62
187.95
147.78
82.99
24.24
0.00
0.00
0.00
0.00
0.00
0.00
0.00
0.00
0.00
0.00
0.00
0.00
1.78
48.04
98.87
176.40
196.93
242.91
239.26
245.96
194.45
129.90
87.86
27.75
0.00
0.00
0.00
0.00
0.00
0.00
0.00
0.00
0.00
0.00
0.00
0.00
3.04
76.26
150.64
225.71
276.05
307.81
280.01
273.06
206.35
172.56
80.10
21.97
0.00
0.00
0.00
0.00
0.00
0.00
0.00
0.00
0.00
0.00
0.00
0.00
2.22
51.77
129.29
189.46
230.78
264.08
239.83
220.08
224.86
171.70
76.99
19.68
0.00
0.00
0.00
0.00
0.00
0.00
0.00
0.00
0.00
0.00
0.00
0.00
1.10
35.44
113.77
185.50
241.37
255.86
235.36
199.31
185.95
144.41
85.21
22.16
0.00
0.00
0.00
0.00
0.00
0.00
0.00
0.00
0.00
0.00
0.00
0.00
1.28
38.87
115.31
172.83
215.98
235.06
258.34
224.54
205.92
165.95
75.07
20.94
0.00
0.00
0.00
0.00
0.00
0.00
0.00
0.00
0.00
0.00
0.00
0.00
0.26
25.18
82.32
132.25
194.78
236.20
230.65
229.64
187.64
181.11
110.77
30.49
0.00
0.00
0.00
0.00
0.00
0.00
0.00
0.00
0.00
0.00
0.00
0.00
2.19
59.61
150.86
194.78
227.08
279.12
285.96
268.05
185.89
147.78
84.93
19.28
0.00
0.00
0.00
0.00
0.00
0.00
0.00
0.00
0.00
0.00
0.00
0.00
2.28
57.25
136.35
200.81
265.63
293.16
295.97
274.70
210.40
153.02
90.06
22.38
0.00
0.00
0.00
0.00
0.00
0.00
0.00
0.00
0.00
0.00
0.00
0.00
2.69
60.51
139.79
241.38
262.93
279.24
266.20
288.57
231.57
173.19
79.24
20.14
0.00
0.00
0.00
0.00
0.00
0.00
0.00
0.00
0.00
0.00
0.00
0.00
3.12
62.90
130.92
193.29
254.39
276.19
271.84
269.90
238.27
189.02
115.28
30.97
0.00
0.00
0.00
0.00
0.00
0.00
0.00
0.00
0.00
0.00
0.00
0.00
2.30
61.55
127.36
189.51
203.90
234.02
273.05
288.63
208.05
135.67
93.46
20.31
0.00
0.00
0.00
0.00
0.00
0.00
0.00
0.00
0.00
0.00
0.00
0.00
2.86
68.09
169.53
226.56
255.71
262.06
272.37
265.93
239.43
166.52
90.47
21.65
0.00
0.00
0.00
0.00
0.00
0.00
0.00
0.00
0.00
0.00
0.00
0.00
2.25
54.79
118.87
187.64
267.03
268.51
309.41
250.11
265.66
201.50
99.84
22.50
0.00
0.00
0.00
0.00
0.00
0.00
0.00
0.00
0.00
0.00
0.00
0.00
3.76
66.21
159.29
225.86
288.03
297.84
309.76
259.37
237.67
180.52
96.49
24.13
0.00
0.00
0.00
0.00
0.00
0.00
0.00
0.00
0.00
0.00
0.00
0.00
3.67
78.26
160.82
253.36
296.29
309.90
337.12
283.62
267.40
188.34
107.54
29.87
0.00
0.00
0.00
0.00
0.00
0.00
0.00
0.00
0.00
0.00
0.00
0.00
2.80
49.04
121.25
198.88
229.67
275.21
262.50
225.76
187.42
161.73
74.81
20.54
0.00
0.00
0.00
0.00
0.00
0.00
0.00
0.00
0.00
0.00
0.00
0.00
1.29
36.01
77.96
158.01
198.21
242.99
198.37
190.57
135.26
142.97
89.68
22.28
0.00
0.00
0.00
0.00
0.00
0.00
0.00
0.00
0.00
0.00
0.00
0.00
2.09
49.95
129.98
199.68
243.22
249.61
227.91
241.82
196.90
179.45
101.75
28.17
0.00
0.00
0.00
0.00
0.00
0.00
0.00
0.00
0.00
0.00
0.00
0.00
2.41
69.40
148.11
215.15
251.92
276.21
271.94
262.61
227.56
170.71
103.89
27.14
0.00
0.00
0.00
0.00
0.00
0.00
0.00
0.00
0.00
0.00
0.00
0.00
3.30
91.98
181.48
242.61
291.28
305.85
321.63
266.02
271.56
213.35
132.77
37.87
0.00
0.00
0.00
0.00
0.00
0.00
0.00
0.00
0.00
0.00
0.00
0.00
3.32
73.26
164.85
240.33
281.61
306.22
313.10
292.36
254.82
157.06
106.23
30.17
0.00
0.00
0.00
0.00
0.00
0.00
0.00
0.00
0.00
0.00
0.00
0.00
3.38
80.96
167.62
226.59
268.48
313.84
266.04
256.28
198.35
181.75
86.77
23.57
0.00
0.00
0.00
0.00
0.00
0.00
0.00
0.00
0.00
0.00
0.00
0.00
2.66
80.11
142.19
194.78
263.37
287.87
259.83
201.77
212.76
130.55
103.42
32.69
0.00
0.00
0.00
0.00
0.00
0.00
0.00
0.00
0.00
0.00
0.00
0.00
2.58
93.21
168.10
215.07
300.91
307.51
257.62
243.47
236.92
189.42
98.28
23.49
0.00
0.00
0.00
0.00
0.00
0.00
0.00
0.00
0.00
0.00
0.00
0.00
1.39
52.02
129.90
169.05
238.88
293.42
281.39
270.73
244.84
208.15
120.78
33.04
0.00
0.00
0.00
0.00
0.00
0.00
0.00
0.00
0.00
0.00
0.00
0.00
0.81
48.61
89.51
171.44
242.15
258.55
257.54
256.71
226.49
158.21
86.49
21.67
0.00
0.00
0.00
0.00
0.00
0.00
0.00
0.00
0.00
0.00
0.00
0.00
0.76
42.25
103.81
180.56
226.88
225.59
243.18
224.20
189.17
147.07
71.19
18.82
0.00
0.00
0.00
0.00
0.00
0.00
0.00
0.00
0.00
0.00
0.00
0.00
0.28
33.19
96.36
167.11
198.02
257.88
282.75
244.14
234.22
176.26
111.72
24.97
0.00
0.00
0.00
0.00
0.00
0.00
0.00
0.00
0.00
0.00
0.00
0.00
0.26
57.67
124.64
193.96
237.75
215.59
251.80
227.81
232.26
174.14
93.36
27.07
0.00
0.00
0.00
0.00
0.00
0.00
0.00
0.00
0.00
0.00
0.00
0.00
0.97
39.52
74.97
156.20
205.49
201.78
236.59
253.93
236.61
196.54
130.85
29.84
0.00
0.00
0.00
0.00
0.00
0.00
0.00
0.00
0.00
0.00
0.00
0.00
0.86
80.16
145.42
244.88
291.27
296.56
301.34
240.40
228.90
211.88
119.88
28.16
0.00
0.00
0.00
0.00
0.00
0.00
0.00
0.00
0.00
0.00
0.00
0.00
1.08
70.02
130.02
224.79
266.10
305.49
321.62
271.26
216.24
144.70
108.57
33.92
0.00
0.00
0.00
0.00
0.00
0.00
0.00
0.00
0.00
0.00
0.00
0.00
0.08
39.62
121.53
163.67
233.68
255.17
255.11
251.64
201.42
165.29
98.97
29.88
0.00
0.00
0.00
0.00
0.00
0.00
0.00
0.00
0.00
0.00
0.00
0.00
1.36
97.30
175.35
256.15
305.15
330.32
333.69
306.53
243.97
186.46
108.72
35.12
0.00
0.00
0.00
0.00
0.00
0.00
0.00
0.00
0.00
0.00
0.00
0.00
1.11
82.21
166.73
228.84
280.63
283.05
315.78
314.53
259.44
187.98
112.22
28.07
0.00
0.00
0.00
0.00
0.00
0.00
0.00
0.00
0.00
0.00
0.00
0.00
0.98
60.55
134.30
221.53
220.13
238.32
285.31
289.96
252.17
216.55
140.17
41.61
0.00
0.00
0.00
0.00
0.00
0.00
0.00
0.00
0.00
0.00
0.00
0.00
1.12
80.35
167.05
245.46
259.34
310.86
309.22
317.65
273.46
199.13
135.59
39.83
0.00
0.00
0.00
0.00
0.00
0.00
0.00
0.00
0.00
0.00
0.00
0.00
0.27
86.87
178.45
229.53
286.49
267.97
319.28
319.96
256.64
191.39
109.53
22.51
0.00
0.00
0.00
0.00
0.00
0.00
0.00
0.00
0.00
0.00
0.00
0.00
0.94
94.77
158.14
231.59
284.07
286.66
293.25
241.02
267.62
222.05
138.71
43.25
0.00
0.00
0.00
0.00
0.00
0.00
0.00
0.00
0.00
0.00
0.00
0.00
0.82
84.60
160.89
215.77
272.63
282.94
303.09
262.97
230.49
181.39
121.91
40.87
0.00
0.00
0.00
0.00
0.00
0.00
0.00
0.00
0.00
0.00
0.00
0.00
0.16
95.99
167.13
212.89
263.56
294.67
313.43
274.87
246.60
197.86
122.24
37.90
0.00
0.00
0.00
0.00
0.00
0.00
0.00
0.00
0.00
0.00
0.00
0.00
0.08
77.69
169.71
243.87
274.69
266.22
269.17
275.31
252.68
162.75
90.93
28.27
0.00
0.00
0.00
0.00
0.00
0.00
0.00
0.00
0.00
0.00
0.00
0.00
0.06
52.06
100.97
195.41
227.13
252.99
283.38
264.95
202.33
184.30
127.45
41.41
0.00
0.00
0.00
0.00
0.00
0.00
0.00
0.00
0.00
0.00
0.00
0.00
0.69
81.31
159.38
242.14
288.75
331.99
306.38
293.88
289.13
213.99
127.38
46.19
0.00
0.00
0.00
0.00
0.00
0.00
0.00
0.00
0.00
0.00
0.00
0.00
0.70
96.30
169.14
241.17
306.63
339.36
296.76
327.93
292.86
232.84
149.28
47.05
0.00
0.00
0.00
0.00
0.00
0.00
0.00
0.00
0.00
0.00
0.00
0.00
0.03
96.29
188.77
254.59
309.32
339.70
337.60
315.00
286.89
221.70
139.25
44.62
0.00
0.00
0.00
0.00
0.00
0.00
0.00
0.00
0.00
0.00
0.00
0.00
0.62
66.32
134.78
251.86
301.99
306.29
294.39
304.02
265.25
210.09
124.28
45.84
0.00
0.00
0.00
0.00
0.00
0.00
0.00
0.00
0.00
0.00
0.00
0.00
0.58
82.51
192.32
261.25
301.62
295.69
307.38
306.78
283.49
223.37
123.09
43.06
0.00
0.00
0.00
0.00
0.00
0.00
0.00
0.00
0.00
0.00
0.00
0.00
0.02
80.33
150.62
242.83
297.30
336.37
314.98
288.19
254.34
192.92
136.89
39.77
0.00
0.00
0.00
0.00
0.00
0.00
0.00
0.00
0.00
0.00
0.00
0.00
0.55
90.81
167.70
226.46
285.58
266.51
269.07
237.27
210.63
132.69
104.96
31.93
0.00
0.00
0.00
0.00
0.00
0.00
0.00
0.00
0.00
0.00
0.00
0.00
0.51
44.50
61.89
117.02
222.58
225.93
260.87
242.51
212.56
169.02
82.53
22.74
0.00
0.00
0.00
0.00
0.00
0.00
0.00
0.00
0.00
0.00
0.00
0.00
0.00
19.10
91.30
145.28
227.63
281.53
287.44
266.29
213.78
157.21
79.07
27.67
0.00
0.00
0.00
0.00
0.00
0.00
0.00
0.00
0.00
0.00
0.00
0.00
0.03
52.16
127.55
189.50
236.94
218.40
229.79
248.64
242.15
188.73
109.29
35.44
0.00
0.00
0.00
0.00
0.00
0.00
0.00
0.00
0.00
0.00
0.00
0.00
0.46
65.92
132.01
180.38
244.20
275.90
270.71
265.34
220.97
186.95
132.55
33.35
0.00
0.00
0.00
0.00
0.00
0.00
0.00
0.00
0.00
0.00
0.00
0.00
0.37
58.14
126.40
159.81
193.31
267.45
263.63
254.24
248.89
198.00
146.08
50.79
0.00
0.00
0.00
0.00
0.00
0.00
0.00
0.00
0.00
0.00
0.00
0.00
0.01
43.05
130.00
211.01
265.41
260.56
264.50
184.27
224.30
196.67
122.95
38.95
0.00
0.00
0.00
0.00
0.00
0.00
0.00
0.00
0.00
0.00
0.00
0.00
0.37
74.98
178.59
238.49
254.81
266.44
271.80
253.75
193.36
165.72
94.88
34.09
0.00
0.00
0.00
0.00
0.00
0.00
0.00
0.00
0.00
0.00
0.00
0.00
0.00
53.51
92.62
181.62
189.20
279.42
181.17
218.40
210.90
204.27
111.45
31.39
0.00
0.00
0.00
0.00
0.00
0.00
0.00
0.00
0.00
0.00
0.00
0.00
0.00
59.91
113.81
222.62
271.88
264.23
298.13
289.48
269.37
175.91
137.07
37.88
0.00
0.00
0.00
0.00
0.00
0.00
0.00
0.00
0.00
0.00
0.00
0.00
0.03
36.44
114.15
193.66
247.17
255.07
260.82
271.79
224.59
196.75
113.28
33.36
0.00
0.00
0.00
0.00
0.00
0.00
0.00
0.00
0.00
0.00
0.00
0.00
0.04
40.56
88.85
173.39
188.47
262.08
203.54
231.06
227.76
173.83
115.38
41.21
0.00
0.00
0.00
0.00
0.00
0.00
0.00
0.00
0.00
0.00
0.00
0.00
0.03
51.54
135.36
197.35
276.58
276.00
314.42
290.68
264.52
203.22
127.62
37.67
0.00
0.00
0.00
0.00
0.00
0.00
0.00
0.00
0.00
0.00
0.00
0.00
0.03
61.63
154.94
234.16
263.19
288.03
333.06
319.63
268.46
221.55
123.92
51.73
0.00
0.00
0.00
0.00
0.00
0.00
0.00
0.00
0.00
0.00
0.00
0.00
0.01
79.74
126.14
219.40
277.15
300.97
323.24
314.42
277.63
224.09
137.58
55.48
0.00
0.00
0.00
0.00
0.00
0.00
0.00
0.00
0.00
0.00
0.00
0.00
0.00
69.89
157.76
253.57
269.15
326.90
338.04
291.53
295.43
234.19
152.66
53.85
0.00
0.00
0.00
0.00
0.00
0.00
0.00
0.00
0.00
0.00
0.00
0.00
0.02
78.77
163.83
253.59
299.56
331.59
341.02
310.38
301.29
214.73
141.79
57.38
0.00
0.00
0.00
0.00
0.00
0.00
0.00
0.00
0.00
0.00
0.00
0.00
0.01
77.15
176.02
217.92
289.31
316.53
302.50
313.42
267.69
228.54
139.67
52.98
0.00
0.00
0.00
0.00
0.00
0.00
0.00
0.00
0.00
0.00
0.00
0.00
0.01
53.09
124.59
214.21
285.13
317.96
291.87
245.60
234.52
193.97
153.60
55.08
0.00
0.00
0.00
0.00
0.00
0.00
0.00
0.00
0.00
0.00
0.00
0.00
0.00
63.04
158.08
261.21
302.32
339.27
335.51
302.39
282.75
227.37
166.44
63.04
0.00
0.00
0.00
0.00
0.00
0.00
0.00
0.00
0.00
0.00
0.00
0.00
0.00
65.08
113.05
234.17
293.17
316.51
316.56
281.39
257.20
209.77
158.37
52.87
0.00
0.00
0.00
0.00
0.00
0.00
0.00
0.00
0.00
0.00
0.00
0.00
0.00
59.74
161.78
223.33
272.63
309.44
312.67
310.67
289.17
203.76
121.82
49.28
0.00
0.00
0.00
0.00
0.00
0.00
0.00
0.00
0.00
0.00
0.00
0.00
0.00
56.23
143.88
235.46
299.19
327.32
327.93
313.90
272.34
203.79
141.42
65.20
0.00
0.00
0.00
0.00
0.00
0.00
0.00
0.00
0.00
0.00
0.00
0.00
0.00
61.67
163.57
254.47
254.48
339.13
349.70
327.51
287.27
235.54
154.86
66.89
0.00
0.00
0.00
0.00
0.00
0.00
0.00
0.00
0.00
0.00
0.00
0.00
0.00
72.46
162.04
236.47
303.16
331.00
275.75
304.06
279.39
230.71
162.66
62.94
0.00
0.00
0.00
0.00
0.00
0.00
0.00
0.00
0.00
0.00
0.00
0.00
0.00
62.44
169.59
221.95
301.34
317.74
323.09
322.90
287.09
212.58
158.00
58.49
0.00
0.00
0.00
0.00
0.00
0.00
0.00
0.00
0.00
0.00
0.00
0.00
0.00
72.05
177.35
255.98
277.05
291.82
304.24
263.62
260.19
244.60
162.13
64.43
0.00
0.00
0.00
0.00
0.00
0.00
0.00
0.00
0.00
0.00
0.00
0.00
0.00
58.91
173.00
249.37
296.48
333.13
330.23
309.33
291.59
242.62
166.86
70.87
0.00
0.00
0.00
0.00
0.00
0.00
0.00
0.00
0.00
0.00
0.00
0.00
0.00
61.63
174.41
250.36
304.24
342.06
336.50
326.68
299.38
237.13
165.46
69.75
0.00
0.00
0.00
0.00
0.00
0.00
0.00
0.00
0.00
0.00
0.00
0.00
0.00
0.00
0.00
0.00
0.00
0.00
0.00
0.00
0.00
0.00
0.00
0.00
0.00
0.00
0.00
0.00
0.00