416.09
422.69
428.66
434.93
401.88
364.92
324.80
279.30
233.15
189.06
211.20
234.55
258.32
346.13
425.30
488.86
505.34
521.93
537.78
550.83
560.09
565.06
517.03
459.84
396.15
410.12
424.18
437.42
421.07
401.04
377.20
329.58
279.08
233.91
209.04
188.01
169.70
262.72
344.56
406.63
410.39
423.50
443.32
452.43
462.50
471.52
433.18
388.47
337.49
335.50
333.32
331.15
309.32
290.22
274.31
246.74
223.41
205.01
185.48
165.33
146.06
205.68
265.28
321.05
344.79
392.52
449.19
469.43
487.52
501.18
470.97
438.88
405.19
394.81
384.33
374.19
368.47
361.84
355.19
335.26
316.10
298.38
281.54
265.27
248.37
337.60
407.91
451.78
483.12
517.38
551.33
558.36
562.89
563.71
542.16
514.31
482.04
490.30
498.40
505.83
469.29
426.69
382.23
340.12
297.71
258.09
235.66
213.30
191.14
265.99
336.17
394.85
405.51
418.72
431.47
426.57
419.12
407.88
383.76
358.85
333.13
358.64
380.43
397.89
375.29
357.48
348.44
327.02
304.02
281.14
266.53
252.72
241.05
296.63
349.37
394.52
397.50
410.50
427.83
427.09
426.49
424.49
381.71
337.09
291.93
272.72
253.48
234.50
214.81
199.02
190.58
169.43
152.86
142.83
121.31
104.97
91.91
148.66
214.15
278.58
295.81
323.79
357.16
383.94
410.14
435.61
370.84
303.31
236.88
234.51
231.62
230.10
233.67
240.95
254.70
239.37
224.93
212.78
194.06
179.12
168.51
253.33
334.15
401.33
405.26
424.28
453.18
474.07
495.29
513.00
485.08
446.25
400.66
418.27
434.41
447.80
409.14
364.61
315.30
280.84
243.72
208.84
189.45
169.98
151.63
217.71
288.33
355.84
379.07
416.38
461.33
485.24
509.23
532.19
515.41
492.95
464.77
458.83
452.26
446.56
404.22
357.70
309.01
287.96
266.49
244.89
251.62
258.54
265.81
298.63
334.38
373.02
389.92
433.76
487.27
501.80
515.76
528.84
494.79
453.03
407.15
415.51
424.76
433.31
426.26
419.22
411.92
358.72
303.25
255.73
224.85
194.47
164.92
254.81
334.34
394.05
406.09
421.19
438.78
469.62
505.19
533.91
505.71
474.92
441.96
440.06
437.26
435.49
402.84
369.30
333.74
302.01
269.92
237.44
217.02
197.13
179.16
244.98
308.36
363.25
411.89
468.85
522.37
526.18
528.95
530.82
496.68
455.53
409.88
407.23
404.44
401.78
388.56
372.51
354.78
340.58
323.51
305.51
280.38
256.36
233.04
300.08
358.77
403.58
434.92
474.50
514.72
503.18
489.67
473.25
449.34
421.17
388.71
411.60
433.80
454.29
461.27
463.79
462.70
421.95
381.08
341.40
300.29
261.30
226.76
286.73
342.28
390.58
388.38
411.77
449.14
450.51
447.02
438.37
406.72
374.04
339.87
348.44
355.66
362.93
351.41
340.24
329.94
308.02
291.18
280.37
254.42
227.90
199.93
253.69
303.29
347.44
361.32
397.39
441.65
443.76
444.60
442.48
419.90
396.20
371.98
371.72
371.31
369.56
335.62
304.16
279.56
261.24
249.26
243.95
217.65
193.68
172.07
239.99
304.99
363.79
347.98
366.28
397.64
381.27
363.40
342.90
331.73
320.22
308.98
307.38
305.97
304.56
298.96
293.64
289.10
260.32
231.60
204.21
179.08
155.79
138.67
216.18
295.20
364.40
407.89
457.73
503.39
488.90
472.19
452.46
418.43
383.16
346.27
350.24
355.26
360.99
360.07
357.59
353.86
307.77
267.30
242.54
220.43
197.98
175.69
242.93
306.89
363.26
400.28
449.28
502.05
521.25
538.36
551.78
509.35
458.33
400.89
410.37
417.12
422.10
392.77
365.33
342.63
320.17
298.54
277.23
235.21
192.65
150.95
237.84
320.86
390.27
427.09
467.97
507.47
508.31
503.37
493.25
439.23
378.22
312.12
316.75
322.09
327.51
334.60
341.77
347.42
332.52
317.47
303.06
267.00
240.04
224.49
272.52
329.36
388.04
416.05
451.17
487.63
468.21
448.14
427.47
405.17
378.54
349.01
380.94
409.91
434.24
427.73
420.94
413.99
378.69
343.51
309.68
296.58
286.18
279.53
347.24
404.02
447.01
456.57
475.59
497.86
510.81
519.12
520.62
454.66
378.60
296.16
253.87
214.93
188.35
172.36
165.80
171.06
134.59
105.13
81.47
66.74
57.20
52.84
102.10
161.86
227.00
259.42
294.90
328.29
328.14
329.08
329.21
285.17
244.29
211.19
216.46
222.66
229.53
207.93
185.81
163.12
156.10
149.05
142.04
121.52
101.13
81.18
127.81
207.48
292.98
334.95
379.21
423.13
432.32
438.76
442.48
408.77
374.83
342.30
352.32
362.41
373.43
365.28
353.80
338.64
320.48
302.04
283.93
244.43
206.53
170.46
245.96
319.04
381.21
416.11
455.26
495.17
520.83
541.91
557.09
506.65
446.99
381.36
365.10
349.94
336.95
308.67
279.54
250.07
169.42
88.06
26.49
41.20
61.41
84.94
119.49
176.34
243.92
266.54
288.81
310.06
317.39
322.44
323.53
297.59
273.19
252.62
238.75
227.45
219.00
199.11
177.34
154.85
114.57
77.94
52.56
62.80
88.54
126.30
207.97
291.66
367.32
349.12
382.26
429.80
421.29
412.68
403.87
360.35
313.45
265.75
268.89
272.12
275.97
264.02
254.47
255.57
247.35
240.64
236.65
220.72
204.84
189.04
265.18
337.13
398.51
418.61
442.11
467.51
485.73
499.27
504.12
467.17
427.82
385.55
374.64
363.77
352.25
333.21
311.95
290.82
273.44
259.31
250.78
243.40
239.86
239.83
279.90
322.93
367.10
402.02
448.08
495.88
498.98
499.49
498.30
456.97
412.22
364.58
376.78
388.62
399.17
384.69
371.41
361.20
350.83
343.90
341.08
318.14
294.97
271.67
343.68
403.36
448.54
479.72
514.56
549.26
559.32
563.23
561.23
533.08
500.03
464.12
461.77
457.57
452.70
408.70
359.55
306.02
281.20
255.70
229.89
221.74
215.08
212.02
309.07
395.22
461.35
507.46
555.38
594.96
599.97
600.88
597.11
561.68
518.19
468.02
472.16
476.79
480.25
432.08
377.41
319.53
273.89
229.29
185.79
183.09
180.45
177.15
277.73
366.57
431.42
467.88
508.72
548.44
563.28
572.57
576.71
541.02
499.08
451.81
465.29
478.43
489.44
479.37
468.71
457.65
410.08
359.01
305.18
276.35
246.66
217.61
311.71
400.62
474.30
487.59
500.02
511.64
518.46
522.43
522.30
460.62
392.27
321.78
318.43
314.01
309.76
299.32
285.46
269.70
218.79
166.09
131.37
140.10
150.12
162.14
235.26
307.66
370.87
393.50
421.88
451.00
438.80
421.58
401.21
373.92
345.13
315.64
316.03
315.19
314.79
286.00
248.64
218.71
216.46
216.28
219.96
200.50
184.54
173.10
244.69
328.10
409.38
430.42
457.02
483.69
480.62
474.52
466.40
440.41
412.40
383.39
360.61
337.16
314.00
289.74
265.08
238.44
198.72
158.69
122.09
96.45
82.17
85.64
163.37
253.90
341.91
378.28
425.35
472.74
493.29
509.69
520.37
489.43
455.40
419.27
396.43
373.33
350.69
315.03
276.57
237.39
193.00
150.51
109.58
112.07
114.29
116.88
206.32
303.03
388.51
407.57
427.83
446.99
465.81
480.68
492.08
448.86
403.00
356.17
315.77
278.62
246.43
200.41
141.49
80.39
59.60
41.97
29.10
31.34
42.76
62.13
127.79
205.74
284.21
316.24
355.06
395.54
423.46
449.76
474.52
423.82
367.30
308.14
303.58
299.56
294.47
262.36
226.50
187.47
167.85
150.32
139.66
118.36
104.07
97.19
188.22
280.33
358.16
370.42
418.68
476.39
478.80
473.88
461.66
427.24
391.16
352.77
371.36
389.83
407.31
410.20
411.23
410.85
377.84
343.29
308.18
278.38
249.40
222.85
310.41
385.04
439.01
478.73
521.15
561.25
573.54
582.57
588.07
565.77
537.51
503.26
509.63
515.09
520.10
475.49
422.34
367.68
333.91
300.75
268.11
251.31
234.52
218.60
292.24
357.22
409.25
439.09
481.94
524.32
542.88
553.84
556.95
529.73
499.76
468.10
455.14
442.07
428.58
407.59
384.49
360.47
313.60
264.46
213.30
179.94
148.88
124.35
228.22
329.22
411.31
441.58
476.79
510.45
503.60
492.21
476.92
460.74
443.58
425.50
428.26
429.90
432.30
415.98
397.05
376.77
328.42
283.17
246.85
244.80
243.75
243.64
310.21
382.97
452.48
495.43
537.88
575.05
574.80
572.91
569.52
518.49
457.13
387.29
381.19
374.54
368.25
357.50
345.96
332.91
325.41
318.20
310.40
267.87
235.83
221.56
287.01
357.45
426.97
461.73
505.36
547.49
549.18
548.75
546.06
499.43
445.22
385.18
368.96
354.87
347.38
321.31
301.96
292.57
284.18
275.95
266.75
258.09
250.23
243.94
257.99
285.61
321.56
320.93
327.06
336.53
320.99
305.62
290.99
291.21
290.91
290.40
281.47
271.83
262.62
218.95
175.81
143.73
154.69
168.59
184.66
184.75
186.70
188.89
240.99
293.80
343.93
339.50
383.51
437.63
430.31
422.04
411.87
396.29
381.28
370.82
358.29
348.47
340.02
314.96
293.78
282.32
273.35
266.85
262.94
238.40
212.92
187.52
276.94
367.23
442.88
458.49
477.30
496.03
511.39
521.23
524.50
495.48
463.43
427.85
433.15
436.33
437.47
422.30
405.50
388.50
352.15
301.55
241.54
203.34
167.21
138.41
236.49
343.69
443.73
479.67
511.76
539.09
535.75
528.81
519.57
501.69
482.67
464.28
447.22
429.10
408.79
381.07
352.99
323.63
292.99
248.07
192.67
172.87
152.60
132.86
257.58
387.35
500.11
510.05
515.42
516.85
514.66
510.10
503.30
474.93
445.72
416.91
384.07
352.01
320.23
302.69
284.25
265.22
231.15
193.92
154.72
140.56
125.88
111.97
195.05
300.52
406.84
438.59
464.59
483.95
493.17
500.57
507.79
478.58
448.48
416.81
378.64
340.12
302.87
284.84
260.58
230.64
204.66
167.74
126.15
124.90
125.56
127.30
196.73
274.38
345.80
378.84
429.95
485.50
502.67
513.33
516.70
481.98
444.01
404.41
398.93
392.73
385.84
373.28
358.01
338.89
265.72
188.41
122.72
116.44
110.40
104.69
180.72
259.23
330.25
382.68
443.16
501.60
521.25
532.55
534.13
516.63
497.45
477.81
477.06
475.89
475.82
435.59
388.21
333.01
263.80
194.94
143.31
129.08
117.54
110.12
213.14
316.84
402.91
452.01
502.14
548.75
554.45
556.77
555.55
532.08
502.88
468.28
452.21
436.05
418.63
380.74
332.91
279.07
235.14
192.75
153.66
161.52
171.80
183.34
279.16
370.98
439.96
478.88
518.22
550.66
547.39
541.22
532.73
499.06
462.70
424.25
409.08
393.40
377.11
337.20
294.18
249.49
219.03
191.39
167.96
157.00
148.60
140.90
247.71
357.45
455.51
477.11
497.09
514.10
525.49
533.59
538.09
497.79
452.61
403.89
396.14
387.77
379.50
358.55
323.92
281.37
253.61
227.45
206.14
203.07
202.18
202.67
272.11
338.65
397.95
430.32
457.72
472.90
475.46
477.85
479.00
430.40
379.43
328.58
310.30
293.16
276.59
260.77
236.09
203.52
186.16
168.40
153.37
140.41
130.69
126.47
204.07
286.44
363.17
410.05
459.93
500.77
500.72
496.62
489.04
445.80
399.41
351.52
338.49
325.48
312.80
287.14
256.37
220.41
199.01
178.18
164.22
153.52
150.72
157.84
211.60
264.93
315.68
311.69
342.11
383.58
374.07
361.54
346.93
331.92
316.22
299.29
294.39
288.12
280.61
243.96
207.26
170.49
112.79
59.79
29.20
30.86
36.82
46.16
95.28
156.76
224.65
232.77
259.57
288.18
296.92
306.52
316.10
297.09
283.26
278.99
245.20
210.01
175.10
134.29
98.41
69.16
31.55
23.61
57.09
34.66
26.77
33.25
54.58
135.22
235.53
244.72
279.30
323.32
333.25
342.86
353.77
321.18
288.55
255.61
227.71
201.44
177.97
156.81
135.14
113.37
78.89
52.41
38.50
28.72
23.06
21.71
47.91
94.09
151.03
131.62
146.40
173.53
222.16
259.28
278.17
283.32
290.11
301.96
267.32
246.60
246.37
236.26
238.36
256.22
246.86
235.38
221.97
207.52
190.45
172.41
97.35
80.87
103.81
138.73
175.99
215.07
284.39
353.01
412.14
373.86
335.37
299.24
280.47
262.82
247.73
216.23
177.62
134.54
97.43
66.80
53.88
50.70
48.19
45.60
110.35
189.76
269.90
298.17
347.99
404.67
408.17
409.27
406.10
377.63
348.42
318.44
300.70
282.24
265.19
225.57
182.49
138.87
107.13
82.16
68.64
62.61
58.42
56.07
163.86
281.12
376.71
369.46
403.08
450.27
461.38
469.77
473.22
434.76
394.07
350.82
312.03
272.81
235.74
186.62
138.33
95.13
96.01
102.07
115.17
138.40
167.17
199.15
254.08
321.73
392.16
419.09
454.68
489.52
478.04
464.71
448.91
418.08
385.74
352.51
345.04
337.67
330.12
285.61
247.15
227.80
215.98
209.41
208.24
216.26
226.55
238.41
258.30
283.23
311.46
309.86
319.77
332.36
318.26
308.97
307.11
275.53
244.86
214.38
182.21
156.09
134.59
114.67
130.81
204.89
201.29
199.17
198.02
165.65
150.92
149.63
197.29
247.18
298.90
250.87
248.78
270.82
277.38
284.29
290.99
275.46
260.71
246.92
181.28
119.24
66.23
34.67
13.82
6.99
8.78
12.18
17.20
11.39
7.89
6.64
17.19
39.69
71.16
59.02
60.55
70.98
116.05
168.61
219.81
192.32
170.19
157.12
161.49
170.43
185.52
184.17
183.45
183.43
159.18
140.21
125.74
97.12
69.06
43.63
55.04
93.49
148.21
181.26
214.86
245.37
252.59
260.95
268.95
261.26
253.15
245.82
248.61
251.99
256.78
229.66
202.92
176.76
138.67
99.71
68.77
31.64
11.54
14.75
50.19
122.85
225.05
148.12
170.12
236.58
282.48
325.28
362.73
316.91
272.62
233.87
214.12
199.95
194.10
161.88
138.91
128.94
100.65
74.98
54.29
26.81
12.81
12.35
48.58
115.86
197.53
198.22
232.57
282.93
325.95
367.79
404.11
357.75
310.40
262.87
271.71
281.07
290.86
234.29
173.37
113.10
83.69
60.91
48.35
51.54
60.31
75.86
132.70
195.62
258.69
247.71
275.36
318.12
317.92
317.97
316.30
286.61
257.51
228.69
240.28
250.17
259.83
224.11
187.70
152.33
93.56
41.87
9.85
11.59
18.26
30.18
52.53
87.18
130.27
141.69
206.04
268.99
275.42
280.24
282.19
272.97
265.75
261.68
260.24
260.54
263.15
221.91
181.73
147.58
124.47
101.92
81.58
66.32
61.04
63.80
87.23
127.42
176.89
208.29
239.73
271.49
307.78
336.46
356.35
352.45
349.50
347.37
314.23
281.63
252.38
231.95
211.88
192.70
163.68
130.80
96.23
76.86
61.58
50.83
106.57
174.72
248.06
291.27
336.83
380.10
401.87
414.79
419.93
379.86
339.00
297.17
279.92
263.25
248.56
232.27
215.30
197.31
166.19
129.66
93.27
84.75
77.64
71.42
147.07
236.37
320.84
349.29
388.23
427.77
429.79
427.39
420.50
391.48
361.95
333.69
315.60
296.36
276.08
255.99
232.55
213.38
208.98
205.35
202.78
215.35
229.88
246.87
291.22
334.01
375.26
365.68
398.63
441.99
424.76
399.10
365.93
372.95
379.75
385.45
382.96
380.91
378.13
370.07
359.43
347.94
329.85
312.38
296.45
276.58
261.24
251.08
288.87
326.37
361.50
402.46
457.00
511.59
514.34
512.36
504.47
469.53
431.88
392.03
376.90
360.53
344.44
305.64
270.20
267.87
271.80
275.75
279.88
279.38
280.99
283.31
300.54
336.13
382.46
436.45
488.11
532.75
525.91
517.24
506.28
486.74
466.64
445.44
439.63
432.93
426.43
439.88
451.80
462.83
446.83
429.71
411.45
410.78
403.06
390.66
414.75
432.07
442.59
486.29
533.48
573.78
577.17
570.54
553.73
505.35
450.84
392.59
394.74
395.70
396.51
372.86
345.88
317.73
296.46
271.69
245.33
232.77
221.27
214.78
290.21
364.20
430.81
476.87
519.18
553.35
535.06
510.20
479.20
454.92
429.96
403.90
402.82
400.94
399.43
376.07
349.73
322.39
287.80
251.48
214.95
233.05
251.92
272.80
324.35
378.00
430.17
454.76
478.66
501.29
503.85
504.19
501.72
468.24
431.75
394.80
390.87
386.19
381.25
352.22
322.34
293.87
244.41
200.69
186.84
225.34
267.22
309.53
334.40
376.63
427.68
440.83
454.90
467.88
468.61
463.97
452.11
414.07
374.43
334.03
300.74
269.95
242.72
225.24
205.36
184.17
154.49
127.17
110.86
124.16
142.92
167.86
215.28
261.49
303.10
304.86
330.65
360.40
393.99
425.26
452.40
414.65
374.91
335.32
284.53
235.83
189.78
139.86
94.00
63.74
71.20
79.53
89.89
104.36
141.75
209.24
215.58
236.65
268.35
275.38
291.44
313.24
318.39
329.18
346.53
318.05
289.02
258.91
218.14
182.01
150.83
102.11
60.20
28.64
23.44
22.46
26.28
34.37
45.32
59.49
105.01
170.00
244.91
287.02
333.62
370.15
409.45
441.69
466.77
450.98
435.03
418.96
371.19
324.92
282.87
268.26
241.34
202.47
189.99
176.67
162.80
185.27
210.42
236.99
303.19
361.95
406.84
464.94
523.20
561.07
570.56
575.92
578.22
536.24
486.47
430.73
420.85
409.24
394.80
405.13
412.19
415.68
405.19
392.52
377.91
375.11
371.44
367.58
426.18
474.27
507.69
543.84
576.07
602.97
612.13
609.17
594.95
558.40
513.77
462.05
456.14
450.22
442.91
405.47
365.49
323.70
283.48
241.97
205.43
244.97
286.21
327.59
366.77
398.11
421.12
468.99
523.35
567.32
561.71
549.17
530.56
510.40
489.39
466.71
452.88
438.48
423.14
376.59
318.21
250.63
193.85
138.13
94.02
102.68
122.57
156.38
199.32
251.22
306.42
318.87
360.28
395.28
404.27
409.20
409.76
403.37
397.43
393.29
358.89
324.52
291.81
252.26
223.24
210.56
186.81
153.71
115.10
67.84
29.65
9.18
38.53
115.25
207.82
239.65
290.80
347.16
358.27
368.03
375.08
359.21
342.61
327.36
302.89
279.21
258.48
229.60
203.94
183.70
172.89
161.14
148.37
141.69
147.31
161.31
218.30
279.96
340.34
368.51
397.20
423.27
428.57
427.97
421.31
389.68
356.67
322.39
335.30
348.33
359.94
341.19
322.47
303.58
246.84
187.33
130.00
123.75
123.16
131.08
178.59
230.38
285.39
328.98
370.44
401.15
403.94
405.51
407.00
409.13
411.65
413.27
387.49
362.37
338.26
303.18
260.70
215.87
188.09
161.97
137.32
163.14
191.01
220.34
278.00
333.72
384.77
402.64
417.51
422.94
428.04
432.27
435.61
420.17
404.36
386.93
375.13
362.78
349.96
298.51
238.28
177.97
148.75
136.14
152.53
173.52
198.56
226.27
279.98
342.40
405.87
425.66
448.44
470.16
481.86
488.62
491.30
459.33
424.46
385.39
341.38
295.17
247.51
239.02
232.68
226.75
216.34
207.23
200.93
231.78
262.98
293.84
324.85
354.44
382.82
422.44
469.85
513.77
493.44
469.51
441.62
430.23
417.06
402.16
385.45
368.00
349.98
356.22
361.83
368.04
366.76
364.95
363.49
368.07
373.55
380.16
395.29
410.49
426.29
432.52
440.23
445.43
436.87
424.87
410.63
391.29
370.80
348.58
353.13
357.16
361.30
356.02
350.60
351.36
348.08
349.32
355.94
375.19
393.12
408.01
401.13
393.88
386.72
379.81
412.05
450.35
448.17
444.75
439.60
434.52
427.01
419.35
406.18
389.95
375.04
368.38
366.66
372.35
369.33
367.60
367.64
360.33
356.02
355.41
371.92
393.51
420.56
383.15
400.87
442.75
438.85
431.73
419.60
403.09
384.93
366.68
342.64
315.44
289.40
279.97
284.27
311.29
309.36
308.21
308.32
316.54
325.10
333.67
328.63
337.49
355.54
372.14
393.63
417.69
429.72
442.82
454.77
425.58
395.94
364.14
358.42
353.18
346.94
358.03
367.26
376.56
361.67
348.87
340.22
335.15
340.36
358.57
358.14
386.39
430.94
455.56
482.52
506.79
514.52
518.86
518.81
483.87
446.50
406.32
452.49
494.99
531.20
533.46
534.33
534.18
515.59
494.12
470.32
469.25
465.22
459.37
479.54
490.89
493.60
528.68
563.76
594.55
612.70
623.43
626.50
600.11
565.96
524.77
513.77
502.84
492.00
468.39
442.04
414.15
366.96
320.08
277.53
330.46
383.81
434.95
468.12
494.75
515.46
539.47
561.50
580.13
576.92
562.64
538.50
502.34
458.35
405.93
360.94
314.59
266.15
225.44
189.35
164.79
170.99
180.15
191.84
234.22
278.31
320.47
339.22
384.14
440.96
458.94
476.12
489.52
476.39
456.39
430.45
423.20
413.00
399.70
364.76
328.86
293.95
247.89
201.28
158.32
148.50
139.50
131.97
161.23
196.17
234.41
283.15
337.86
394.36
397.81
404.87
409.62
395.08
376.77
355.08
335.69
314.21
290.15
267.65
245.69
224.31
183.12
142.62
106.06
83.47
66.25
56.93
75.62
98.58
124.78
165.07
206.50
247.70
240.72
269.61
304.87
321.68
340.14
358.43
341.38
326.89
321.61
271.11
222.45
178.24
108.26
45.11
9.72
10.37
14.98
25.99
16.89
47.94
111.14
127.81
166.42
219.77
229.75
247.26
268.38
280.87
291.32
297.29
262.30
225.51
188.46
183.59
178.04
173.35
160.81
148.26
136.32
121.97
109.15
98.39
122.72
150.48
180.34
255.39
326.04
387.23
415.50
447.57
479.76
491.38
500.41
506.28
487.87
468.59
447.81
424.24
399.87
374.07
361.25
348.02
335.91
315.75
296.72
278.30
282.94
287.87
293.49
347.01
395.98
440.85
468.03
497.98
526.48
512.39
494.05
472.88
457.95
441.08
422.89
406.05
388.79
370.61
335.37
306.00
285.96
283.69
282.82
282.71
296.73
310.71
324.49
352.25
376.93
399.60
406.93
426.89
454.12
461.92
468.84
471.76
417.29
358.83
300.73
305.51
310.02
314.21
306.64
306.04
315.05
307.99
302.63
298.13
273.35
263.17
264.31
294.16
325.67
361.06
340.83
339.19
349.69
346.07
340.52
328.08
313.27
297.24
281.60
259.15
236.86
215.13
217.57
220.38
224.31
228.30
237.49
254.84
257.01
261.20
265.59
280.01
295.38
311.07
318.07
333.40
353.34
360.43
365.81
370.10
333.07
294.85
255.70
207.79
162.33
120.14
98.01
77.78
60.39
45.51
34.64
28.85
40.83
58.35
80.19
91.21
113.13
149.76
115.10
97.17
92.20
95.22
107.44
125.67
107.96
94.97
87.80
94.00
102.42
113.46
96.42
87.39
89.00
111.44
143.53
188.21
61.59
30.19
71.01
94.67
132.33
178.04
164.29
159.05
159.33
138.61
129.02
130.65
147.56
168.20
192.81
144.70
100.79
64.20
55.95
49.56
45.11
42.63
50.01
65.40
116.89
182.72
252.46
270.43
290.12
311.61
301.76
301.54
307.69
294.44
283.99
279.05
243.38
209.24
179.65
184.20
190.62
199.91
140.93
94.11
65.20
66.52
69.06
72.96
103.23
139.55
179.02
192.78
221.46
260.14
258.89
262.30
268.96
272.35
276.58
281.16
248.20
215.44
184.96
153.06
123.32
96.08
90.05
89.67
96.62
119.06
142.54
167.99
197.46
238.62
287.19
255.02
237.16
242.22
238.03
236.95
238.06
209.39
196.52
205.34
174.54
150.30
133.40
120.62
110.88
103.85
81.24
73.57
81.28
36.10
14.53
12.14
22.40
51.54
93.72
94.16
103.43
125.56
110.52
110.82
121.53
152.18
185.27
219.78
222.31
225.31
228.19
206.74
187.49
170.48
131.84
107.86
112.57
110.51
109.96
112.61
137.06
163.46
191.00
205.28
222.16
239.74
243.74
257.34
278.03
283.54
291.30
300.88
286.24
272.32
259.13
252.44
246.67
241.33
215.04
201.45
208.32
200.54
193.23
188.12
213.05
238.89
263.62
291.88
328.87
375.82
312.40
316.08
351.10
297.51
245.01
196.19
190.36
185.74
183.91
166.82
154.90
147.63
130.06
127.34
145.80
162.56
188.73
220.93
245.59
273.31
302.07
317.44
338.08
365.20
341.66
328.00
321.27
331.28
356.46
388.85
345.45
302.03
260.54
245.37
233.19
226.31
233.91
243.05
253.94
237.73
221.89
205.58
191.02
179.98
171.39
217.40
262.46
304.73
307.01
314.09
325.63
354.89
387.94
422.54
389.85
354.13
317.30
291.20
267.92
248.70
233.65
223.98
221.72
213.79
205.80
197.74
227.14
258.24
288.18
305.28
330.36
360.91
360.42
360.91
362.76
346.06
330.54
315.43
279.11
248.51
227.04
219.30
224.51
244.42
222.98
225.45
246.00
259.78
274.47
288.48
286.76
291.98
305.59
325.85
344.86
363.45
364.84
384.44
415.67
416.46
416.73
416.37
373.50
328.64
284.83
230.54
206.87
233.00
211.64
204.15
207.29
193.36
180.66
167.68
178.32
192.37
207.55
199.69
192.39
187.34
198.43
217.44
242.75
234.43
227.80
221.95
218.78
216.24
214.53
173.71
136.30
103.88
80.54
65.43
62.29
51.79
51.95
60.20
64.15
72.25
84.20
89.99
109.15
145.35
101.23
91.03
101.02
143.57
190.37
236.50
208.62
191.01
188.16
153.37
123.17
96.26
82.90
72.40
64.88
36.84
16.17
6.54
8.71
16.59
28.80
46.74
73.61
109.10
108.67
143.88
195.89
194.14
194.65
195.83
164.26
134.29
106.99
130.00
164.22
212.42
187.22
165.52
147.69
97.94
54.67
24.56
49.29
87.25
134.45
141.83
160.29
191.86
189.93
191.25
196.08
183.53
183.49
196.26
166.96
139.14
113.27
125.33
138.44
152.34
94.91
53.36
38.29
34.79
42.68
59.03
80.50
108.31
140.75
169.46
207.61
253.23
216.36
182.73
151.90
146.12
146.00
149.77
169.10
193.59
223.28
168.57
116.51
73.64
52.81
39.60
36.24
38.91
42.79
48.11
26.02
24.77
41.77
68.66
101.66
138.02
124.61
113.54
104.73
128.68
160.21
194.62
195.21
215.58
267.68
238.38
211.70
187.37
136.37
91.63
57.19
46.78
42.68
47.03
37.51
37.05
44.82
34.65
43.42
70.59
74.96
89.69
113.42
126.19
149.44
175.87
164.57
154.79
147.61
120.37
92.77
67.10
39.17
21.68
18.48
33.86
60.26
97.39
39.05
20.25
30.73
44.76
63.46
86.96
50.48
41.04
50.86
70.95
98.51
128.39
130.76
142.15
164.90
142.79
120.32
98.55
58.83
30.60
18.72
17.98
19.62
24.59
11.28
17.80
39.28
61.38
88.56
119.57
101.17
101.61
114.45
148.00
185.06
222.41
216.24
210.85
204.52
227.86
255.99
288.43
238.51
199.25
172.20
148.48
129.06
116.34
165.12
225.94
294.81
297.11
309.69
329.35
349.13
375.16
405.46
398.40
386.48
370.40
360.73
350.73
341.56
342.17
343.07
343.42
321.86
299.55
279.24
263.06
252.28
251.00
277.27
304.05
330.40
345.80
361.54
377.55
365.36
377.84
401.22
412.58
421.51
428.18
410.74
391.51
371.18
319.43
267.72
222.17
229.16
238.59
250.39
247.12
244.42
242.35
255.65
273.08
292.97
304.61
318.67
334.99
333.09
334.63
339.16
347.81
360.32
375.49
301.10
232.53
179.13
167.39
158.44
150.67
137.83
124.71
111.94
125.47
139.86
156.92
181.27
215.68
255.52
257.90
262.00
267.78
257.39
267.87
289.65
309.29
329.86
350.98
334.48
318.02
301.00
236.27
174.33
117.46
93.62
74.24
60.91
75.90
92.92
111.69
123.48
137.64
153.94
191.21
229.72
267.15
263.66
269.81
283.01
306.96
333.42
359.50
311.26
260.35
211.99
168.16
129.20
97.64
79.28
62.12
47.21
49.65
53.06
58.27
94.71
140.23
190.59
204.24
219.86
237.86
217.02
208.49
208.80
227.05
252.15
284.52
235.70
188.99
144.03
143.53
143.27
143.91
127.31
114.91
106.01
102.08
99.15
98.74
127.12
165.27
210.01
237.18
265.23
293.46
290.49
317.08
358.31
356.62
354.89
352.26
316.63
280.58
244.66
237.46
230.37
223.10
189.99
165.76
166.73
156.75
147.47
140.74
174.16
216.93
267.09
255.14
248.61
248.81
264.54
286.20
312.68
290.07
273.20
265.36
224.03
183.95
147.88
172.49
198.65
225.89
163.64
108.85
69.49
71.13
75.54
82.89
100.12
134.01
179.11
211.11
242.79
273.31
234.82
204.99
190.53
164.76
141.84
121.72
73.86
62.82
89.26
81.38
96.23
129.43
115.31
107.92
107.08
135.43
168.32
206.12
261.48
332.39
421.64
391.52
374.43
368.51
355.42
359.45
375.82
379.77
385.99
390.77
363.73
336.04
307.91
305.62
304.02
302.49
283.54
267.25
255.78
238.10
221.81
207.02
251.63
294.76
334.17
350.93
367.98
385.43
371.25
378.09
398.18
377.51
352.35
323.96
312.08
300.16
287.77
249.57
213.09
182.52
194.84
207.48
221.72
230.68
246.14
272.23
306.69
339.28
368.45
366.17
365.54
366.79
362.71
380.29
410.00
420.07
429.26
436.33
416.62
396.90
376.97
333.23
288.34
244.57
245.25
253.80
275.23
300.11
325.90
353.09
351.08
351.20
352.83
365.46
377.82
389.11
392.05
412.42
440.61
452.40
451.71
436.21
417.67
397.82
377.73
346.23
313.76
281.37
256.94
229.92
205.67
210.59
218.43
229.40
259.47
291.45
321.59
339.44
356.07
371.99
384.66
421.02
463.82
492.31
514.48
528.60
507.71
480.36
448.05
422.64
396.29
371.56
339.20
309.48
285.01
273.97
263.98
254.82
291.13
329.62
369.44
362.63
367.61
382.36
393.66
414.36
440.03
442.24
443.27
439.78
417.99
393.43
368.39
362.52
357.91
355.06
341.70
331.94
325.56
315.21
304.68
294.38
306.25
317.91
331.05
332.44
335.40
340.43
321.63
310.74
305.06
314.02
329.16
348.09
341.54
336.08
329.56
308.79
288.23
269.08
268.40
270.73
276.31
276.15
278.46
283.05
297.19
312.85
330.41
343.94
362.53
389.03
353.28
329.89
315.45
288.97
263.09
239.38
204.93
170.51
137.36
137.38
139.83
142.78
128.86
125.78
138.72
157.60
177.96
200.23
210.72
221.34
232.56
264.80
298.08
332.63
326.94
326.30
328.79
309.56
306.05
312.22
305.53
298.84
292.26
240.82
200.82
189.50
218.98
248.93
279.79
266.21
252.44
238.74
269.77
303.82
341.33
345.24
349.77
354.34
334.72
357.06
401.02
397.32
393.66
386.09
359.93
332.43
305.28
293.40
282.57
272.64
261.18
260.64
277.81
265.49
254.37
243.34
256.47
272.83
290.38
299.68
310.87
324.48
287.75
270.16
265.36
259.28
259.96
269.38
238.10
210.55
185.05
180.77
177.45
175.95
178.16
192.73
225.40
233.75
247.62
264.53
282.27
299.84
317.77
344.74
369.34
391.76
380.57
370.87
361.67
348.68
334.97
320.90
271.41
221.88
174.88
160.04
150.57
147.74
175.12
204.26
233.76
219.61
215.41
219.61
213.83
212.16
213.66
205.97
208.07
223.09
204.61
225.85
265.13
266.41
271.01
279.12
307.16
335.15
363.37
343.40
327.38
314.93
302.99
286.95
283.01
284.28
289.60
299.67
307.71
317.12
327.09
323.24
323.27
327.88
298.36
299.61
316.91
327.35
337.70
349.26
333.21
317.59
301.04
326.48
352.08
377.32
335.91
312.56
336.44
314.98
317.31
334.89
347.47
361.91
376.13
376.16
382.60
400.59
380.51
360.66
341.01
341.49
351.90
368.15
362.18
355.90
349.13
311.26
275.75
247.29
265.96
286.13
308.03
312.87
319.31
328.31
343.73
362.67
385.14
397.80
411.29
426.36
409.19
431.20
469.92
479.83
489.66
497.33
448.41
393.44
334.32
321.97
308.97
297.47
306.35
321.56
347.72
335.08
323.33
312.97
328.18
351.43
383.20
416.58
449.16
481.25
443.51
412.76
387.18
362.67
369.75
386.05
366.01
349.39
337.27
296.02
256.24
219.10
247.53
275.48
301.55
281.79
262.14
243.90
281.10
318.71
354.01
338.06
326.07
319.35
319.73
328.92
343.76
320.54
297.32
274.96
236.81
201.78
170.50
165.41
161.68
158.66
164.85
176.81
195.79
225.43
254.91
284.38
303.60
324.51
345.96
339.82
343.25
358.62
353.17
377.13
416.71
428.06
441.64
454.37
421.22
386.28
350.45
331.15
312.45
293.68
289.46
291.18
302.18
302.46
304.63
307.02
321.26
335.36
349.78
371.99
394.53
418.58
396.90
404.34
429.91
457.54
487.62
514.87
479.63
442.25
402.78
366.02
336.82
319.79
321.42
323.40
325.75
324.36
323.85
324.76
344.74
376.14
421.99
409.08
401.83
397.31
377.65
381.71
402.16
385.35
367.99
349.00
342.05
335.58
327.93
341.75
353.00
362.75
349.86
341.71
340.45
335.74
330.17
324.45
340.83
359.54
379.46
393.76
408.08
422.94
429.44
459.26
499.58
507.24
512.25
513.83
475.95
434.95
395.26
384.77
373.40
361.96
340.60
326.63
326.01
321.93
319.76
318.29
327.02
336.04
345.34
370.05
391.99
411.43
417.74
438.16
466.53
470.29
474.37
478.15
444.28
405.13
362.53
357.63
353.47
350.02
346.11
343.20
342.42
324.66
305.86
286.13
308.43
330.04
350.48
369.24
398.87
444.06
415.05
389.92
366.74
339.98
316.17
293.58
293.97
295.62
297.53
280.92
269.07
261.70
292.80
322.62
350.08
330.58
311.31
293.03
305.25
316.96
328.50
350.19
375.58
402.49
412.27
426.29
443.46
452.61
460.12
465.44
381.57
293.61
213.18
221.38
229.42
238.42
256.91
275.70
296.72
275.02
252.32
228.97
241.52
255.19
269.25
295.95
321.56
345.78
348.99
361.48
381.27
369.23
356.37
342.85
324.65
308.57
294.50
325.44
360.61
397.85
363.00
338.95
340.64
331.98
323.78
316.36
309.25
303.78
298.54
345.46
387.30
423.69
397.88
426.30
477.14
479.34
481.35
481.92
400.46
311.34
222.07
268.17
309.70
344.79
329.07
319.02
315.58
319.11
323.60
329.86
317.41
304.83
291.48
338.79
382.94
422.81
387.00
375.90
381.51
380.28
382.05
383.45
335.44
287.69
239.95
224.21
208.06
193.45
195.85
203.14
219.18
244.59
272.09
301.10
295.12
290.61
286.81
305.12
323.93
342.77
350.34
365.69
384.33
382.25
378.48
372.46
372.12
370.63
369.13
330.54
291.63
252.86
253.96
254.22
258.91
273.17
289.50
307.69
286.75
272.82
266.69
237.89
232.52
244.42
272.36
303.73
336.40
291.90
250.72
221.99
190.52
162.31
138.60
124.80
128.43
140.59
157.06
177.00
199.27
196.48
194.46
193.74
202.62
220.26
245.66
285.75
325.31
363.27
337.06
337.59
355.30
341.84
327.86
312.43
336.20
361.66
388.36
378.62
369.10
361.72
358.32
358.13
360.62
350.75
339.67
328.47
328.33
332.94
343.12
365.44
387.19
407.44
401.88
414.83
437.12
429.44
422.05
414.81
414.25
413.79
413.15
400.29
389.11
383.42
372.57
361.32
350.14
342.50
336.71
334.17
337.91
350.51
370.83
395.20
418.53
440.49
446.04
452.30
459.29
499.58
537.07
567.85
519.41
461.72
396.59
386.07
375.20
366.22
364.63
363.77
362.80
347.97
336.23
328.16
336.64
345.84
356.30
385.20
411.79
435.75
427.59
431.68
444.55
442.24
438.85
434.73
448.00
467.21
482.66
479.76
474.78
467.48
425.30
382.93
345.20
316.89
289.03
262.27
296.23
329.75
363.18
392.71
417.15
436.82
420.22
413.14
413.19
405.69
398.67
391.78
345.82
325.90
350.26
323.53
304.15
290.19
310.36
330.97
352.77
336.94
320.71
303.71
306.78
312.83
320.48
361.84
395.97
422.29
430.82
441.84
454.29
444.84
434.16
421.82
415.73
408.82
401.13
389.00
381.49
379.68
375.54
379.28
392.81
367.15
345.40
327.79
335.30
344.95
358.56
379.11
398.46
414.99
410.96
417.92
432.41
435.33
438.87
438.87
398.27
354.84
309.46
323.55
336.85
350.71
319.79
294.26
289.76
269.43
251.70
234.88
242.44
251.16
261.10
300.24
338.11
372.68
381.34
399.39
422.84
454.37
489.47
523.93
484.36
434.98
380.20
344.51
309.37
277.97
287.52
298.77
311.81
304.30
297.17
289.65
286.70
298.91
332.97
340.98
356.49
377.68
388.87
416.23
452.10
449.40
445.24
438.37
447.43
453.39
455.33
481.71
505.15
526.74
488.05
441.34
389.38
341.41
297.41
263.74
286.44
309.43
332.51
360.81
394.56
432.45
425.42
419.76
415.13
395.25
376.06
357.78
315.20
267.11
214.13
192.08
173.29
159.24
171.22
184.21
197.53
197.51
199.33
203.00
223.20
245.82
269.13
252.82
235.52
218.27
194.02
192.10
223.17
174.85
159.40
165.94
148.61
132.84
119.14
152.31
191.50
237.03
256.17
284.15
315.67
298.98
284.59
272.17
285.65
300.75
315.55
350.01
385.82
422.18
395.03
411.95
450.57
447.36
446.04
445.12
396.64
356.01
332.31
345.32
373.69
420.54
408.70
398.00
386.52
363.01
342.47
325.51
312.70
308.40
310.28
347.59
380.19
408.22
423.31
444.57
468.66
473.24
464.77
441.22
433.11
424.54
415.55
406.56
397.14
387.58
404.19
415.99
423.32
390.16
358.92
336.68
334.88
336.85
341.63
368.60
392.80
415.46
415.21
441.66
482.02
499.73
521.03
541.90
502.32
458.34
410.98
407.25
402.35
399.29
387.86
377.92
369.07
362.10
355.08
347.78
344.74
344.86
348.18
384.43
417.41
448.08
420.55
432.19
464.36
479.12
487.03
482.73
456.38
427.91
399.39
373.25
346.48
318.87
319.47
318.92
318.96
272.05
229.26
194.85
207.50
222.39
238.68
300.91
354.97
398.53
406.33
417.09
428.85
430.10
425.88
415.27
398.23
379.49
359.63
392.81
423.03
449.13
407.85
370.02
345.58
335.60
326.66
319.60
319.38
320.02
321.16
355.36
388.69
420.99
416.70
441.49
481.65
480.86
479.89
477.71
402.43
332.34
289.09
344.27
387.68
416.48
402.28
395.08
397.40
384.85
377.78
375.42
376.44
377.74
379.64
409.62
435.15
456.38
436.76
452.30
487.20
510.52
534.40
556.48
554.07
545.98
531.47
531.25
530.02
529.10
501.11
470.01
436.43
414.61
391.64
367.07
355.98
344.02
334.41
394.31
436.67
459.84
478.12
499.05
520.24
539.23
546.93
540.96
523.36
502.92
480.41
494.54
506.07
515.47
500.56
485.48
470.02
444.02
416.45
387.43
364.97
345.08
329.06
387.99
442.27
488.89
509.37
531.97
553.62
559.10
557.83
549.90
540.67
529.30
515.10
511.96
505.80
497.81
483.48
469.32
453.84
413.55
373.39
337.71
314.88
299.59
295.99
338.78
377.00
409.48
426.33
452.75
484.10
526.00
561.93
586.09
551.43
507.83
458.24
475.02
484.03
486.57
439.91
389.30
340.74
335.65
331.32
327.76
330.28
334.26
339.55
373.52
410.58
447.44
464.88
485.27
506.97
525.20
542.94
559.43
533.35
502.08
465.97
480.26
486.01
484.06
441.31
402.37
375.92
370.40
369.69
375.15
353.82
349.17
356.57
387.50
411.97
428.95
445.79
472.50
503.69
522.95
540.59
555.59
533.02
503.07
466.87
476.70
485.00
491.30
469.83
446.41
422.70
391.30
361.03
333.35
331.65
334.18
340.84
360.95
380.85
401.35
422.65
457.53
498.17
503.01
504.89
501.65
454.48
401.64
345.37
312.45
281.37
254.13
244.54
240.26
243.22
238.83
238.05
242.70
277.87
313.54
348.73
337.21
339.12
351.74
354.91
363.07
375.11
356.95
338.31
319.61
309.67
300.52
291.18
299.14
307.37
316.64
295.57
280.62
287.90
280.72
277.10
277.49
276.94
282.79
294.23
327.91
360.48
390.96
379.02
377.31
383.75
344.12
297.47
246.19
257.33
281.74
309.40
336.89
360.24
378.99
348.79
341.82
379.39
368.48
359.89
353.55
337.78
323.23
309.93
355.28
396.21
430.30
444.77
464.58
487.26
472.78
459.52
446.80
428.88
404.95
375.70
387.76
395.70
399.49
362.03
336.00
330.88
316.22
299.94
282.99
288.79
294.81
300.37
337.25
371.68
403.31
384.34
389.22
408.34
414.35
421.64
428.08
405.95
384.15
362.84
391.45
415.12
435.02
412.00
389.17
365.78
353.13
339.31
324.00
323.08
327.15
337.87
369.23
396.89
420.11
437.35
465.16
497.34
498.33
492.54
478.77
442.41
404.14
363.44
399.05
431.17
460.42
438.22
411.79
387.16
353.73
323.50
300.38
311.88
327.61
348.67
374.13
396.64
417.81
389.87
419.61
470.47
501.01
526.58
544.40
532.59
520.06
506.26
492.08
470.78
444.50
406.89
369.71
336.15
309.98
286.90
269.05
277.23
287.90
299.98
314.69
328.83
341.94
348.52
355.91
363.34
374.09
397.31
429.08
388.43
363.26
364.35
375.73
387.72
400.41
395.72
391.41
386.51
378.97
370.46
360.60
347.09
358.59
386.00
411.42
434.76
454.94
466.37
476.84
485.76
507.16
528.68
548.74
534.67
509.19
473.50
501.15
525.46
546.20
527.28
506.53
482.95
417.54
352.64
303.02
304.32
307.99
314.61
362.21
408.33
449.63
461.87
479.20
498.14
545.89
587.94
617.18
608.82
598.05
584.99
569.70
552.13
533.13
502.26
466.62
427.93
388.94
350.30
314.12
317.60
322.56
329.41
349.28
377.08
414.94
387.61
414.15
459.13
471.14
484.94
494.77
440.61
379.60
314.12
296.87
279.56
262.26
294.02
323.67
349.79
350.45
351.70
353.00
353.68
354.70
354.96
394.11
422.21
444.28
445.96
469.38
503.85
519.05
533.80
547.25
542.95
528.95
505.78
479.82
450.57
421.07
411.11
400.66
388.36
347.89
311.66
290.10
289.96
292.85
299.11
350.18
391.91
423.78
427.48
445.84
469.15
482.47
495.34
508.23
473.53
435.83
394.72
379.20
363.46
349.33
311.97
278.82
256.95
243.81
229.75
215.67
219.60
223.27
227.44
270.97
316.58
365.35
346.12
330.02
316.99
302.51
295.66
296.85
267.53
237.60
208.19
222.19
238.99
259.20
267.90
276.26
285.36
281.94
282.31
286.44
305.31
327.50
354.18
392.79
423.76
447.17
426.23
427.24
443.47
459.09
480.29
504.48
502.63
493.10
475.38
470.55
465.59
460.27
430.99
400.33
369.20
327.07
288.07
256.65
258.80
263.47
272.68
305.82
336.67
365.32
355.66
388.54
438.13
433.88
426.91
416.12
369.82
321.66
274.42
235.61
196.85
160.48
132.50
108.04
88.49
90.64
103.07
126.20
157.26
197.08
241.93
256.66
273.09
290.77
273.68
257.96
243.75
248.62
261.03
280.71
269.97
259.09
248.58
244.52
244.62
250.53
195.61
145.85
101.83
77.94
60.16
52.09
52.50
57.38
67.50
120.06
185.54
260.14
174.74
186.66
252.51
248.96
260.86
282.64
290.71
299.50
307.64
334.44
369.27
414.25
352.10
302.05
260.17
220.37
181.94
160.49
182.43
206.45
230.90
258.28
284.32
308.58
327.33
360.40
399.53
409.22
418.22
425.01
380.39
336.24
298.57
265.03
232.26
201.56
188.21
182.03
187.19
182.20
178.79
177.99
180.25
192.21
210.16
214.34
221.22
229.35
201.92
178.86
161.19
170.75
186.09
206.12
117.92
70.36
116.15
99.31
86.29
77.37
40.59
20.43
17.50
22.35
41.76
76.07
103.86
140.14
185.77
80.79
31.71
25.17
11.99
40.49
123.38
33.30
13.35
43.25
28.51
17.61
10.76
16.68
42.31
91.69
57.80
47.09
54.61
74.42
99.86
128.55
104.00
128.10
244.07
231.56
245.85
279.37
300.34
325.54
354.00
365.30
379.77
392.62
358.76
324.90
294.00
287.28
281.58
275.99
218.01
160.40
109.81
93.71
86.87
91.94
88.37
88.53
90.90
149.23
212.04
273.99
298.58
326.02
355.61
362.97
368.69
369.59
299.15
234.42
183.22
214.24
248.29
284.70
250.63
214.03
175.03
124.25
83.34
68.32
75.60
83.39
92.78
122.89
169.17
233.91
175.89
170.96
196.21
257.82
320.76
380.92
306.26
231.57
161.69
130.16
105.82
89.53
79.46
76.25
81.86
115.67
154.26
196.50
205.45
219.39
237.91
253.73
270.02
287.07
260.36
254.54
282.49
241.72
236.15
252.27
160.24
85.44
59.56
59.83
75.32
109.33
86.55
72.17
72.37
20.56
25.87
69.38
82.88
100.14
120.56
157.11
203.86
260.82
226.26
219.57
236.31
264.81
297.88
333.74
278.88
225.28
175.79
174.39
174.08
175.37
114.68
66.46
36.19
42.24
52.53
68.15
94.50
131.18
175.84
232.17
295.83
365.54
319.18
306.84
317.52
322.90
333.67
348.89
301.58
257.84
220.23
165.49
123.32
91.48
101.56
121.49
153.15
167.34
188.91
217.34
230.45
246.59
265.18
289.35
318.57
349.48
354.79
362.18
371.50
369.95
367.64
365.77
308.91
249.01
189.49
177.82
170.37
167.62
189.01
213.33
241.12
212.64
200.88
201.58
218.86
238.22
257.66
300.42
348.05
402.50
369.58
360.32
366.67
361.05
357.40
353.91
316.56
278.71
244.70
200.43
161.31
130.65
93.48
60.79
38.92
37.31
36.89
36.88
77.92
133.18
194.66
198.61
210.11
230.38
226.61
227.40
233.50
219.41
217.02
223.52
183.44
151.24
130.78
119.70
108.75
99.53
75.01
62.04
66.42
115.07
172.75
235.11
237.81
255.27
283.32
313.36
343.89
375.61
383.37
400.39
423.84
420.03
416.32
412.94
385.12
353.24
317.47
303.71
303.41
321.73
265.29
214.54
171.64
169.05
173.17
185.97
184.47
182.44
180.67
260.78
334.08
395.08
383.12
377.85
377.81
388.54
418.88
455.90
448.23
439.39
429.48
401.73
372.65
344.02
324.41
307.34
294.14
282.15
274.77
271.98
295.73
326.37
361.72
376.37
390.05
404.49
417.57
439.42
466.33
492.69
519.33
542.67
483.73
414.51
339.69
321.97
304.59
288.12
292.25
296.47
300.77
307.02
314.29
323.84
310.82
301.17
294.76
325.18
355.94
388.44
387.99
425.55
472.60
503.25
533.40
561.63
525.42
484.37
437.83
403.78
367.67
329.78
264.21
194.87
130.72
120.81
118.83
130.50
140.84
154.01
168.82
225.07
278.25
326.28
334.34
342.22
350.79
357.58
376.80
399.91
335.30
271.94
216.34
284.40
342.53
387.56
377.53
370.38
366.23
352.95
340.18
328.59
310.14
292.86
277.99
333.96
390.10
446.84
399.49
387.94
399.08
400.82
403.07
404.19
333.60
265.52
211.02
199.26
188.38
176.89
205.24
233.13
259.89
233.38
211.80
194.83
241.72
294.04
352.02
369.64
386.68
402.74
356.32
342.17
349.46
335.43
320.87
307.14
271.62
236.63
203.11
173.26
146.14
122.61
118.27
115.07
113.14
127.74
142.70
157.25
171.61
193.97
225.38
264.46
303.28
341.91
284.55
272.51
287.24
301.31
316.20
332.20
290.96
249.11
207.28
214.50
221.70
229.66
215.81
203.43
190.32
167.82
152.07
144.74
153.88
164.01
175.95
222.80
282.14
346.36
306.17
312.41
341.49
366.30
392.57
418.07
375.70
331.40
288.00
280.34
272.01
263.37
193.93
124.33
64.96
58.23
63.34
83.53
55.69
39.04
37.49
23.54
36.90
73.68
27.64
32.13
67.14
73.16
82.51
93.78
67.20
45.35
32.54
25.03
32.18
57.25
56.74
73.23
111.22
71.93
52.41
49.47
55.07
63.21
73.49
78.58
85.79
94.71
42.43
17.20
11.79
20.04
46.64
85.15
66.67
50.47
37.03
23.18
13.11
7.58
11.40
26.54
55.51
69.39
92.30
121.59
103.93
87.46
72.21
74.25
77.00
81.62
41.52
33.39
58.17
12.79
19.28
63.89
57.70
54.06
53.71
51.19
50.83
52.77
67.99
99.83
150.16
120.43
104.70
100.81
76.68
93.61
186.49
171.87
161.95
158.59
52.94
12.37
18.15
26.60
37.98
51.94
46.60
41.58
37.52
45.77
55.77
66.65
69.94
100.53
165.16
108.33
64.91
36.78
49.42
67.96
91.79
27.98
9.06
22.08
39.33
78.39
138.25
76.53
41.88
37.79
27.58
21.19
19.20
29.91
68.79
143.24
99.07
81.20
82.41
42.67
24.09
22.28
27.71
37.25
50.45
78.26
123.34
177.43
134.72
125.19
161.86
94.42
52.51
30.44
15.32
13.88
30.18
27.57
36.09
53.31
33.35
30.68
50.43
31.03
20.58
17.95
14.40
13.26
14.68
9.85
25.69
55.78
39.12
28.82
25.44
13.17
7.22
7.87
15.58
29.92
52.28
40.25
38.07
44.17
47.59
88.92
178.83
139.20
108.29
85.95
80.41
79.31
83.55
57.97
50.34
58.75
58.75
65.58
78.77
49.77
43.01
52.56
41.56
75.29
171.28
116.00
97.93
108.25
146.19
215.18
296.14
246.89
228.59
291.79
237.87
226.30
240.53
251.60
269.32
292.47
319.37
354.86
395.98
387.27
382.22
378.24
329.97
278.47
226.05
201.46
178.20
156.65
145.48
134.93
125.29
124.44
124.06
123.98
152.74
181.71
210.94
254.58
297.72
337.86
339.66
345.19
352.86
382.10
424.84
471.21
428.33
378.23
324.12
322.38
320.14
318.29
287.56
256.29
223.69
179.51
141.61
116.12
133.92
153.43
173.89
227.01
280.61
331.05
315.46
312.94
319.58
331.02
345.46
361.06
307.59
251.13
194.87
234.88
276.26
317.30
289.54
264.23
245.23
252.62
262.65
273.89
274.91
279.41
288.17
316.83
350.02
387.72
377.80
367.41
356.86
343.29
337.15
336.52
309.33
280.64
250.82
240.94
231.61
223.54
230.00
237.20
244.47
253.26
261.22
269.21
283.19
300.15
320.05
333.32
353.87
385.98
369.00
353.44
338.87
323.35
309.57
297.65
249.79
207.16
175.21
206.42
245.23
293.24
238.06
190.31
149.60
148.97
153.31
163.26
194.52
226.00
255.44
290.52
341.71
414.67
339.44
307.51
304.07
280.51
259.18
242.01
228.51
217.02
209.13
180.01
154.16
130.88
98.70
74.86
63.41
66.29
69.98
73.86
122.64
176.21
230.16
242.55
264.59
298.67
271.95
261.69
264.99
245.85
228.85
214.93
172.55
145.05
134.79
167.83
202.26
238.60
210.69
201.51
225.02
213.67
217.50
230.66
230.98
232.61
235.20
261.33
293.05
333.08
311.69
288.78
264.41
263.65
265.07
268.02
217.23
166.33
121.22
111.79
102.45
94.51
103.35
139.52
216.25
180.21
158.38
149.90
141.61
139.23
141.06
145.46
158.36
182.03
135.60
112.50
105.17
99.15
93.36
87.89
82.40
86.49
103.30
109.43
120.84
136.90
145.24
186.73
282.16
261.21
258.27
268.88
247.30
228.19
211.44
226.59
264.04
332.92
249.11
222.18
232.42
234.29
238.99
246.67
225.16
207.41
193.67
234.95
274.43
311.27
324.15
341.47
361.26
350.05
338.31
325.59
324.69
326.51
332.66
360.54
389.20
419.60
385.04
356.97
334.04
295.25
254.59
213.63
217.61
222.67
229.80
216.49
204.37
193.09
233.36
275.58
320.86
325.82
337.30
352.88
341.72
331.93
323.55
355.63
392.96
437.60
406.41
389.89
384.81
354.20
323.81
295.22
286.96
283.09
283.27
296.02
308.24
319.78
324.51
329.79
335.89
308.93
297.58
296.35
296.62
307.65
332.60
367.17
408.94
458.83
413.07
382.93
366.27
348.38
343.50
347.80
310.00
282.97
271.76
267.11
262.50
259.09
256.95
255.07
253.67
229.40
218.48
217.11
185.93
169.38
177.00
219.73
261.48
301.41
290.26
282.84
277.93
262.63
266.20
293.13
248.63
205.24
165.53
172.19
182.70
197.89
227.60
265.49
312.33
307.65
311.21
320.81
302.94
286.27
271.35
313.70
358.86
406.21
395.81
394.50
400.49
384.94
370.19
355.09
299.82
261.83
253.42
234.47
216.54
199.51
202.88
207.60
214.96
205.27
194.90
185.43
203.00
221.23
239.80
276.96
324.51
384.25
353.00
329.65
313.52
317.47
327.90
343.38
302.05
257.42
210.85
173.88
153.40
157.51
135.76
127.12
128.54
122.11
115.73
110.86
77.28
69.56
86.76
68.00
84.38
140.04
127.68
119.32
116.41
90.71
72.27
61.50
54.80
56.33
67.39
62.03
59.05
57.97
29.29
11.96
8.50
5.53
7.43
13.53
22.84
36.47
54.35
60.43
87.42
127.91
114.62
103.26
92.97
75.20
61.46
51.43
15.40
30.15
122.10
132.77
150.55
170.27
174.22
178.17
182.00
146.78
115.74
91.59
74.03
61.71
54.47
28.17
76.14
160.64
134.74
110.58
87.88
87.23
89.37
95.44
61.07
36.66
26.03
24.47
42.48
76.85
91.69
110.11
132.14
89.32
52.67
26.37
33.40
48.84
69.63
77.03
136.23
216.79
188.51
170.89
168.18
159.58
159.81
172.44
124.31
86.21
60.40
50.88
42.89
36.82
22.45
15.05
14.13
13.44
13.44
14.20
10.71
9.01
8.91
36.04
100.49
183.36
160.33
137.96
117.05
116.76
118.53
120.69
46.27
31.45
77.61
76.98
90.92
120.60
150.43
185.42
226.43
148.17
90.49
51.61
64.17
82.11
103.72
33.53
31.62
75.46
51.81
55.05
103.49
50.08
44.15
113.18
106.81
103.50
104.04
74.67
58.03
51.83
65.91
91.37
129.43
172.15
229.60
301.53
202.33
135.22
96.75
70.93
51.39
36.32
24.05
19.46
22.41
10.58
13.96
29.30
23.52
31.40
55.73
44.60
41.55
45.81
24.71
32.75
74.60
34.36
13.71
8.40
12.54
19.41
28.87
51.61
91.09
141.37
126.76
114.51
106.20
62.36
29.86
13.68
12.10
40.80
109.42
60.58
38.48
39.69
29.76
39.15
67.27
77.27
90.36
105.17
103.85
104.05
105.91
76.50
56.95
48.29
43.59
61.29
100.76
29.34
7.06
20.86
18.57
41.76
97.03
94.20
97.40
106.33
125.81
162.89
220.17
193.70
169.40
147.81
184.75
227.37
278.59
132.43
58.07
37.33
17.21
32.64
71.55
84.68
108.22
144.95
112.08
83.92
60.37
69.57
80.65
93.63
55.12
33.45
42.84
27.66
20.80
20.36
22.44
29.16
40.40
41.23
86.42
154.55
131.93
110.37
91.89
93.41
105.16
129.52
64.59
26.18
26.05
45.36
79.19
129.36
101.27
86.25
84.37
49.41
42.96
55.57
72.16
98.07
132.77
120.34
107.98
97.32
79.27
70.19
70.01
23.74
16.30
39.45
18.01
24.05
58.28
35.57
21.01
14.35
18.92
26.42
36.81
46.37
67.73
102.82
137.49
179.96
230.14
162.95
133.23
138.27
47.54
29.91
61.09
80.35
112.40
150.75
118.82
101.03
102.47
89.64
84.43
86.00
45.66
18.60
13.18
16.83
25.21
37.39
46.20
56.51
69.31
74.71
84.97
100.09
93.03
104.58
138.58
93.95
71.42
66.60
44.92
50.51
92.07
97.90
105.19
113.50
79.40
57.30
44.17
43.51
43.98
46.18
49.98
55.32
62.35
91.02
142.68
211.85
131.08
76.80
46.59
20.16
30.17
93.92
73.27
62.35
60.22
77.58
106.57
147.02
90.91
53.54
31.85
27.36
49.81
91.68
104.00
121.05
142.42
179.39
219.26
260.66
241.29
222.73
203.83
187.99
190.05
207.84
202.56
198.06
194.57
185.73
180.07
176.48
198.71
221.48
245.74
234.63
226.30
220.08
211.69
203.43
196.22
246.88
297.34
343.23
324.62
305.46
284.94
275.29
266.86
260.56
235.01
211.81
190.29
212.06
235.26
258.68
262.05
267.94
278.80
243.86
212.62
186.16
207.08
228.11
249.14
297.50
350.05
405.31
403.41
401.73
400.32
347.07
327.31
326.89
240.71
164.79
114.87
117.10
121.66
129.69
149.88
171.69
194.77
206.20
217.82
229.83
246.90
264.85
283.82
318.29
366.26
429.45
415.74
405.27
397.18
365.46
328.69
288.98
235.42
183.39
134.65
115.94
132.70
172.72
150.01
129.90
112.31
124.49
137.26
150.69
162.13
175.89
190.34
222.72
268.35
327.66
297.03
264.80
231.34
218.71
206.92
196.72
148.60
116.51
99.44
106.38
117.58
131.15
97.28
67.49
48.71
55.73
65.36
78.60
96.22
119.30
147.51
185.30
232.42
287.46
252.88
251.87
267.68
265.72
265.33
268.30
201.78
146.64
113.04
146.04
184.03
225.68
239.13
265.66
300.70
293.80
293.26
297.93
273.20
252.78
238.39
292.15
343.31
389.24
380.69
378.87
382.85
361.20
338.35
315.14
256.60
190.55
123.92
127.31
130.73
134.64
129.56
124.11
119.00
118.23
119.46
123.20
148.45
175.08
202.78
207.79
233.35
281.64
244.18
251.96
282.97
229.55
186.09
159.76
112.28
79.54
71.28
77.44
86.04
97.14
91.97
95.81
110.79
74.35
91.36
155.98
116.86
85.38
61.89
14.60
20.01
59.93
71.50
83.68
97.11
81.61
69.94
62.51
27.65
9.34
12.35
18.30
32.93
58.82
60.63
77.69
115.79
94.17
80.66
73.56
63.96
55.87
50.04
22.02
16.19
27.33
15.80
21.39
46.80
44.17
55.31
83.57
79.18
83.77
98.03
96.07
100.76
111.37
84.43
66.03
55.66
42.83
36.53
35.62
43.54
64.80
99.92
108.14
119.03
130.50
51.98
15.06
14.87
10.82
10.49
13.80
32.31
65.09
114.11
116.19
120.01
125.11
106.81
91.62
77.49
86.93
99.33
114.94
115.59
123.03
137.57
65.62
49.35
72.86
60.15
58.62
66.15
46.59
34.89
34.22
26.60
31.89
52.64
79.17
135.67
215.96
175.31
150.47
146.45
113.40
88.03
70.05
37.11
44.47
81.63
85.02
110.42
154.47
149.12
146.84
149.18
154.22
162.89
174.52
140.84
110.73
85.07
80.62
84.03
94.66
93.91
111.77
154.66
142.97
142.97
151.51
160.34
169.98
181.48
223.66
268.71
312.60
288.28
268.14
252.36
223.44
194.04
164.96
113.96
72.16
45.89
40.33
39.56
44.83
24.13
13.24
11.09
25.54
60.15
102.34
89.39
78.03
68.10
54.81
58.02
76.16
28.70
25.68
89.93
64.81
50.50
45.65
19.42
20.05
42.17
38.81
43.13
54.56
64.25
82.65
110.44
102.73
98.04
98.79
106.47
118.80
136.49
117.30
105.63
101.87
80.40
96.02
138.51
61.33
65.58
119.89
77.47
69.34
114.11
140.40
174.82
216.91
158.16
111.19
74.02
76.48
86.94
107.65
118.00
130.81
144.28
73.00
33.98
20.67
31.66
72.70
146.15
115.92
98.75
91.83
75.18
67.03
71.18
103.10
145.32
195.29
153.96
117.37
88.56
99.12
113.84
135.44
51.12
15.03
15.61
22.21
43.97
79.35
71.30
74.09
85.40
82.20
99.08
144.99
79.52
55.79
111.74
110.98
112.88
117.19
93.71
74.98
60.92
45.94
35.10
27.85
16.98
23.08
42.14
46.75
53.13
60.40
60.25
63.24
69.84
44.74
37.34
52.56
60.20
73.67
94.10
102.48
116.16
136.63
158.83
184.73
211.95
168.73
133.81
104.73
75.43
57.21
48.10
55.71
90.28
145.60
74.45
48.86
54.69
33.37
25.08
36.92
36.33
44.03
61.45
71.13
83.32
97.79
93.68
89.95
86.93
99.55
126.56
169.85
167.63
165.95
166.75
75.48
57.78
88.77
57.16
43.24
42.29
48.72
55.71
63.56
45.02
44.08
66.82
40.35
22.62
12.62
9.77
8.26
8.04
8.54
13.81
23.57
28.13
34.98
44.22
85.56
139.24
200.36
172.92
159.10
154.56
112.96
86.88
83.88
62.28
44.42
30.87
30.26
32.24
36.03
32.59
31.42
32.69
52.46
84.76
129.32
91.88
65.04
47.48
90.04
142.33
200.75
178.88
163.61
155.87
143.49
137.85
140.71
100.36
69.80
51.63
40.41
32.82
28.52
35.98
47.56
63.98
57.53
57.30
63.37
43.52
35.14
36.74
60.13
111.89
181.23
143.95
118.85
104.16
89.27
76.74
65.61
44.95
32.70
32.07
48.43
71.24
98.27
67.10
61.91
77.59
54.34
43.58
50.20
43.50
45.50
54.85
79.03
115.81
160.25
137.60
124.71
123.75
74.16
49.96
47.42
19.95
17.44
50.05
56.08
77.86
117.18
114.53
112.77
113.81
123.31
134.81
148.93
145.20
143.05
142.63
121.97
107.16
98.84
100.89
106.04
113.20
57.89
24.35
9.25
25.45
62.61
126.14
73.03
49.27
48.00
34.91
30.65
34.72
39.29
46.06
55.01
87.90
139.27
208.63
167.22
135.70
113.91
48.77
22.16
32.16
35.00
39.59
45.71
43.64
42.40
42.71
40.07
59.12
99.95
56.34
29.06
16.56
15.89
15.64
15.72
15.83
17.07
19.49
17.56
22.22
32.29
21.97
24.32
42.93
35.70
29.58
25.11
47.65
81.24
125.55
121.93
124.10
130.51
119.65
109.09
99.87
63.27
40.22
30.44
17.97
11.14
9.40
50.91
125.12
212.25
189.41
172.61
161.66
133.43
110.27
91.66
70.01
53.39
42.88
52.00
63.75
78.75
48.10
30.23
30.91
16.45
10.58
13.44
15.01
23.73
38.36
68.17
108.09
158.91
137.75
120.19
106.42
76.17
51.58
35.74
28.92
40.01
69.55
70.89
75.35
82.46
62.45
49.83
48.00
30.85
23.92
25.84
15.39
8.89
5.90
20.44
52.38
96.41
96.82
103.97
119.43
98.55
83.03
74.38
37.87
27.48
47.13
66.11
98.85
143.69
98.54
70.06
68.97
62.07
79.71
111.07
79.51
62.76
58.56
56.89
71.64
98.50
74.43
80.34
130.26
70.18
34.99
19.41
24.23
58.09
130.79
93.00
66.37
49.58
51.85
54.65
59.20
51.52
46.20
42.95
63.48
90.43
124.65
69.46
47.15
49.93
32.59
37.82
60.51
53.67
49.92
50.40
28.52
20.21
31.00
27.53
26.97
29.39
36.00
48.29
68.24
44.04
26.61
14.98
8.61
13.23
26.79
54.53
101.70
163.32
172.05
188.49
211.88
195.21
186.64
183.06
162.50
144.07
129.92
175.29
221.70
267.55
232.52
189.48
146.56
115.01
96.78
101.54
76.35
59.09
49.33
112.93
194.92
279.65
260.07
257.27
264.51
267.38
271.74
269.54
214.12
171.76
150.98
127.97
103.65
80.04
77.60
77.91
79.25
56.16
36.99
23.73
24.59
27.79
32.89
74.51
133.88
208.44
151.75
165.58
202.32
181.39
163.30
149.53
159.52
171.35
184.62
152.24
119.90
95.26
73.22
53.55
36.82
48.97
66.83
91.63
81.80
73.07
66.11
25.33
34.99
78.18
63.55
55.79
58.00
53.27
70.71
116.51
71.47
71.72
101.67
76.71
59.31
48.51
35.74
26.99
23.51
19.56
19.87
24.30
37.72
58.31
85.75
26.42
9.79
24.57
14.55
15.11
28.97
12.13
19.65
46.38
32.08
28.89
39.49
28.16
49.76
113.33
89.28
74.21
67.70
78.61
96.87
122.82
134.84
151.26
169.17
175.80
186.04
200.60
97.05
57.43
59.84
33.33
34.53
57.40
31.00
22.81
39.14
54.96
74.42
98.00
91.24
88.54
88.51
61.52
60.77
102.21
106.64
120.34
142.44
97.85
67.50
48.70
35.95
27.26
22.37
25.07
32.05
42.95
51.82
65.11
82.34
76.09
80.44
97.78
87.81
80.16
73.68
65.56
65.05
74.30
106.08
149.18
203.39
117.07
58.06
23.88
25.67
27.77
30.57
31.45
43.60
63.36
42.36
46.41
90.78
72.39
68.79
78.46
72.65
70.18
71.43
72.88
76.35
81.17
88.89
105.62
132.20
130.15
139.49
159.19
60.91
20.14
22.02
32.71
64.79
123.73
72.32
42.33
34.96
56.19
96.03
159.57
142.47
135.72
139.76
114.80
95.24
79.61
104.17
134.92
173.99
126.30
89.72
64.83
71.78
97.37
145.59
87.69
51.26
31.94
58.07
103.05
168.61
150.53
141.79
138.61
122.86
121.62
132.76
128.30
129.50
137.60
110.15
106.91
117.78
63.75
77.04
129.05
108.66
92.64
82.12
57.30
41.30
36.45
24.37
34.40
70.06
64.65
61.61
61.76
75.25
95.19
120.30
107.21
96.51
88.98
100.80
128.03
166.57
71.95
58.11
98.24
78.38
59.74
43.17
29.37
25.58
34.78
24.60
28.28
48.04
46.87
50.96
61.34
51.60
45.61
43.15
42.05
48.14
61.00
48.75
44.25
45.97
31.55
22.53
18.65
16.99
49.71
126.91
76.37
41.81
21.59
13.61
14.62
25.57
41.16
65.64
95.18
63.19
36.76
19.46
26.54
35.74
47.39
23.71
14.87
18.71
48.59
100.92
168.05
155.76
147.86
144.30
140.18
151.80
171.61
143.34
118.32
98.14
87.59
78.60
71.43
51.48
36.79
27.72
14.34
8.98
12.67
18.40
33.53
55.98
103.56
159.77
218.61
216.07
219.92
228.40
221.79
214.75
208.16
177.93
155.11
142.27
137.91
146.52
166.47
164.80
165.43
168.69
155.29
143.30
132.02
131.39
131.21
131.69
207.49
283.70
353.09
321.65
314.78
324.50
295.63
265.69
234.10
181.99
145.27
131.78
135.04
147.24
166.37
167.01
167.91
168.97
150.24
132.09
115.24
107.65
100.52
93.96
146.00
219.57
316.73
284.29
262.13
247.87
213.10
184.12
159.13
108.20
74.07
65.57
41.42
31.04
31.21
32.31
35.19
39.65
50.62
64.36
79.74
63.36
55.89
60.61
103.62
155.08
211.37
234.42
258.88
285.46
235.23
194.76
163.32
130.22
102.95
83.49
74.36
67.25
62.42
60.41
63.82
71.54
59.86
49.37
40.86
37.24
35.99
36.61
73.57
134.32
212.44
214.06
217.96
224.93
197.62
173.36
152.42
105.19
68.73
44.98
44.91
47.11
51.75
36.60
24.21
14.91
14.34
15.86
19.21
18.15
19.57
23.54
55.18
117.63
201.44
206.58
215.27
227.48
199.74
179.40
165.37
97.31
43.72
15.34
16.30
19.70
25.96
21.37
20.25
22.67
17.18
13.14
10.45
12.36
15.94
21.45
19.75
60.67
127.12
124.94
127.53
134.87
148.12
178.69
219.30
157.28
106.23
73.26
44.10
23.27
11.18
16.88
28.61
45.99
54.10
62.23
71.43
73.11
76.72
83.09
173.85
273.37
367.67
336.25
317.27
308.95
305.98
303.98
303.10
246.16
184.94
124.63
161.64
200.49
238.80
247.34
255.52
264.82
257.47
251.61
246.66
222.48
201.20
184.89
267.33
344.71
406.72
374.01
374.13
393.96
393.31
395.89
399.97
327.34
264.64
224.96
249.42
273.98
298.46
299.35
300.76
302.56
287.07
272.08
256.82
235.38
223.16
218.27
302.25
371.56
420.45
423.48
439.34
462.81
448.59
429.67
406.80
356.30
300.68
241.47
259.15
277.49
294.89
273.33
252.21
231.82
188.46
146.48
106.83
97.07
101.52
128.36
183.72
241.21
295.70
289.80
284.17
278.13
260.11
244.01
231.14
165.66
106.43
61.77
48.40
38.44
32.03
37.34
45.53
56.04
52.68
50.68
49.50
33.04
26.01
29.34
99.12
202.28
326.77
279.89
251.34
238.41
202.97
171.81
144.56
113.59
96.36
93.71
113.62
134.06
154.84
106.85
61.75
29.99
29.75
32.04
36.70
30.59
26.73
24.41
54.99
97.33
147.29
186.88
235.39
283.91
294.89
304.99
314.20
276.43
243.90
219.71
232.45
244.53
256.39
247.17
237.58
227.51
185.02
134.08
89.87
88.60
88.35
90.70
154.28
226.10
295.28
315.91
352.13
391.44
410.64
424.50
431.65
382.15
328.33
272.05
284.88
299.52
315.38
285.72
254.10
221.57
227.24
235.94
248.56
242.87
237.36
231.59
280.93
330.55
378.32
382.37
408.56
446.71
492.62
533.51
561.31
519.67
471.70
418.90
419.84
420.96
420.90
378.64
333.65
292.33
292.30
293.43
295.45
285.64
276.08
267.85
322.84
372.64
414.79
412.00
422.06
442.03
436.33
431.17
424.89
393.49
357.23
317.34
312.96
307.61
302.76
268.81
238.22
212.87
201.47
190.04
179.33
178.89
178.68
178.55
258.06
332.94
396.30
386.62
378.83
372.31
355.91
341.13
327.23
256.73
187.98
127.92
133.73
150.26
173.47
188.26
205.61
225.79
219.56
216.58
217.02
209.55
202.63
195.42
268.94
337.96
398.90
385.39
372.10
358.33
302.73
253.32
210.54
166.99
137.54
127.98
94.90
75.34
66.91
72.49
82.65
96.84
109.19
122.81
137.31
115.48
97.44
83.17
111.81
148.55
190.87
173.04
163.56
163.91
124.28
122.86
149.53
92.99
53.78
46.66
55.24
66.75
80.14
57.78
40.26
30.60
29.54
29.99
31.65
31.31
31.94
33.70
80.87
175.77
286.90
233.64
186.79
151.59
138.82
131.28
128.36
47.28
22.75
94.56
70.88
51.56
37.42
43.70
52.99
66.75
107.00
162.67
232.89
137.84
73.30
35.54
12.68
42.70
109.10
92.24
83.26
81.72
55.01
50.46
64.49
31.77
22.28
45.87
35.42
27.99
22.38
29.75
42.37
60.99
69.15
80.37
93.18
61.25
37.83
22.48
8.18
19.25
49.72
46.91
49.51
56.48
62.42
75.76
95.28
87.83
106.40
160.04
151.56
153.00
163.36
148.71
135.93
125.94
85.72
51.70
29.86
22.16
16.31
12.39
27.12
77.91
151.47
175.33
200.77
229.07
148.21
122.85
129.46
106.29
92.05
90.67
98.99
111.18
125.62
100.18
77.80
62.47
46.05
33.65
25.95
31.39
49.79
77.02
108.35
162.08
229.23
241.18
263.79
294.39
287.97
284.53
284.38
208.58
137.12
77.62
87.35
98.89
110.94
79.03
53.45
39.56
43.54
50.74
61.51
64.76
68.73
72.73
95.07
153.87
248.60
241.40
237.85
237.40
199.47
174.15
162.09
114.39
78.67
62.26
50.41
40.25
32.22
50.04
79.11
118.95
106.58
104.92
117.41
109.49
103.84
100.27
163.11
250.45
348.78
332.77
319.35
308.17
267.08
233.90
208.39
173.70
139.07
105.94
119.61
134.40
150.27
146.54
143.61
142.40
137.59
132.57
128.57
129.34
133.38
142.25
214.07
287.95
358.07
322.75
304.71
301.13
267.19
234.77
204.36
153.04
120.79
126.18
134.98
146.80
160.45
115.93
73.77
39.96
33.86
30.34
30.94
16.52
22.13
49.27
83.58
152.97
239.45
201.05
168.63
142.84
116.65
93.20
73.54
56.89
52.22
62.34
28.33
30.23
80.34
84.05
103.24
134.52
126.85
120.04
113.46
124.34
136.99
151.00
156.33
165.80
183.65
93.06
38.86
14.21
7.47
24.34
62.61
48.80
42.96
46.86
38.06
35.50
40.43
44.89
57.37
79.33
85.48
93.79
103.10
110.15
117.59
127.81
92.25
69.43
59.31
60.79
68.86
82.72
30.55
18.08
35.78
39.09
45.50
54.85
37.14
34.67
52.05
53.11
54.32
56.08
45.30
36.53
29.45
21.51
15.83
12.93
9.05
30.42
69.68
67.58
70.45
76.93
77.02
92.37
116.64
90.61
109.92
190.66
164.30
169.69
200.42
198.40
197.23
197.07
177.83
156.54
134.01
93.16
64.32
51.47
102.38
178.51
262.36
270.71
291.46
320.76
316.87
315.40
314.01
265.06
216.54
170.37
159.45
148.70
139.75
104.39
74.22
56.29
61.67
73.34
91.77
91.74
92.12
92.77
164.43
242.88
320.80
287.39
275.80
280.91
278.08
281.54
288.18
239.38
196.39
169.43
173.08
176.85
180.68
132.12
86.33
49.72
44.89
41.12
38.60
41.15
47.27
56.55
83.96
126.25
177.47
211.20
253.85
299.07
315.35
328.42
336.01
269.31
202.77
144.27
129.47
116.41
105.56
81.15
59.43
42.12
41.07
42.77
46.89
53.20
62.62
75.61
139.39
216.04
293.23
294.13
310.61
335.96
326.40
317.11
306.74
257.98
210.67
167.55
146.98
127.68
111.09
94.22
78.82
65.28
57.53
56.38
64.12
58.88
57.75
60.50
150.73
255.44
355.45
321.50
321.82
343.69
339.32
336.67
335.00
276.23
213.98
154.16
172.75
192.62
212.21
201.91
196.61
199.58
211.78
225.00
240.90
220.21
203.34
189.75
282.51
360.87
416.98
407.06
401.42
399.07
384.29
370.46
358.13
296.92
232.66
169.55
237.64
315.91
394.25
392.90
391.12
389.81
356.08
325.47
301.18
274.61
246.32
218.07
313.51
392.16
448.33
432.91
437.75
456.25
452.34
446.97
439.89
400.25
354.53
304.53
315.96
327.14
339.12
330.96
322.51
313.90
306.49
298.94
291.15
271.81
252.19
233.19
306.66
370.85
423.20
415.24
425.31
447.80
455.53
462.11
464.03
411.19
351.08
287.63
265.50
243.09
221.14
233.78
247.71
260.60
252.94
245.14
237.49
224.07
210.19
196.86
264.56
332.69
398.33
441.64
480.61
512.39
525.53
537.41
547.62
506.95
461.76
414.57
386.62
358.15
329.14
326.63
314.29
292.61
243.56
190.82
138.26
130.88
124.44
118.13
190.61
267.29
336.67
340.50
343.92
347.49
380.55
433.71
481.96
447.49
408.47
367.52
401.28
432.53
462.04
458.55
449.17
434.55
385.79
335.25
287.20
236.64
184.94
134.96
215.12
292.83
359.08
377.90
403.38
433.30
462.11
489.95
514.52
486.64
455.81
423.96
420.03
413.26
403.72
376.16
346.20
315.08
282.89
249.70
215.21
196.89
179.22
161.26
230.06
301.35
365.85
372.88
386.62
405.09
436.76
469.15
496.57
470.50
441.21
410.36
395.25
379.73
363.65
359.81
356.58
352.64
327.84
301.19
272.03
234.46
195.95
158.47
243.89
332.24
404.43
433.16
462.35
487.12
498.24
508.18
516.94
478.17
435.69
389.55
390.94
391.65
392.83
369.53
345.93
321.82
295.79
269.03
244.16
222.66
201.48
180.90
276.29
359.74
419.96
452.30
490.41
528.67
537.46
544.18
549.17
521.77
490.01
454.87
451.77
448.40
444.74
434.61
423.97
412.66
397.05
380.49
363.41
336.32
309.48
282.29
341.58
392.54
428.89
465.10
502.10
537.52
545.92
549.46
547.50
547.50
547.50
0.00
0.00
0.00
0.00
0.00
0.00
0.00
0.00
0.00
0.00
0.00
0.00
0.00
0.00
0.00
0.00
0.00
0.00
0.00
0.00
0.00
0.00
0.00
0.00