6.41616
4.79236
4.86873
6.11451
5.90758
7.87544
7.79675
6.72227
9.05694
9.64655
10.17967
10.19599
11.59537
11.82786
10.50861
10.56389
10.58765
10.2415
8.89361
8.56875
8.71586
9.60387
8.77573
7.93212
6.83238
7.04906
5.09943
5.33061
3.53489
5.15837
5.29855
6.25801
8.82072
10.00006
10.7843
10.46041
9.41192
10.79405
10.78008
11.42321
11.16672
9.36005
9.91148
5.17442
6.13563
6.84762
5.46549
4.78401
5.24705
6.4402
5.48122
1.67552
2.16202
2.57997
3.17408
1.03217
3.06798
7.14833
8.73561
10.49855
10.8569
9.52278
10.97296
10.9535
10.22735
10.07968
10.7444
10.28882
8.64389
6.97442
6.49285
5.69355
8.33373
7.66092
7.18957
7.00163
8.05841
7.51754
7.31216
9.93603
10.01607
11.77905
12.76123
12.52711
11.55498
12.41027
11.23947
11.17267
11.94502
11.48757
8.09124
8.09573
7.61848
7.87355
8.29534
6.35516
7.48468
5.76209
4.46818
6.66118
6.79796
7.43268
6.48988
4.05905
4.3392
5.70239
4.67803
4.06152
7.70078
10.40472
11.77531
12.2433
11.94348
10.86164
8.63476
8.74965
8.23662
7.19158
6.53732
5.06868
2.80846
2.99696
2.63318
4.23197
5.52718
5.51438
5.84479
7.72076
7.89486
7.8873
8.76026
6.32457
7.70549
8.5546
10.76286
11.37001
10.60545
9.13654
9.20702
7.48897
7.71301
7.35689
6.783
5.3718
4.67595
5.44606
4.8174
4.71371
4.35487
3.71921
2.94235
3.54867
6.5452
7.41917
8.93596
9.51851
9.12591
10.54091
10.73679
11.38456
11.38644
10.99162
8.4374
6.33376
7.55821
5.64975
5.71429
8.08053
6.54956
5.77508
6.88672
3.69484
2.57238
3.42646
2.36114
2.09677
5.59639
9.9615
11.91599
13.24582
8.76889
9.77693
11.73474
12.44361
10.96254
9.62587
9.88576
7.41347
6.28944
7.36194
5.72245
5.31874
2.28503
0
0
0
0
0
0.00606
1.44945
6.0614
8.83077
11.55719
12.24842
11.99468
11.90436
11.62413
11.34187
11.91978
10.1443
10.81006
12.17086
11.56194
8.93918
7.18934
7.41858
9.06258
7.95225
7.35925
6.79422
5.32601
4.37019
1.27891
1.09386
3.7996
8.27036
8.06921
7.62296
9.76448
11.31459
12.68828
12.36344
11.7958
11.38287
9.48006
9.67389
9.64665
8.7454
6.90026
6.22966
5.97292
4.00038
1.80564
1.68211
0.67978
2.0454
1.99189
1.94984
3.32368
6.38005
8.46955
9.46617
8.93785
12.54805
12.63653
10.88532
12.79688
11.87934
9.24354
6.83219
4.21872
8.11273
6.71585
6.05272
4.29644
5.55092
4.91867
3.16188
3.26359
3.76667
3.53128
4.35554
5.99662
7.00404
8.54556
11.45456
11.42175
9.60832
11.24316
12.26512
12.25983
12.45285
14.06568
13.77301
12.27864
8.76205
7.58911
6.67509
5.54808
5.19422
5.1673
5.41614
5.3582
4.73177
6.50764
5.94983
6.07053
7.98153
9.4179
10.63907
12.26649
12.75473
12.24018
12.47776
12.48157
11.96712
8.63858
8.24457
9.73909
8.29361
6.17243
7.15324
7.87885
6.64543
5.32883
5.10543
3.26185
4.81089
3.81026
2.43108
5.80702
6.69655
5.91221
5.81138
8.30649
10.87385
12.3767
11.68489
11.45765
11.41352
9.36457
8.99127
9.40241
9.69978
9.89433
8.39318
6.51706
6.04557
6.09548
5.86993
5.82362
4.88988
3.66804
2.27493
3.72179
5.41212
5.16436
4.64958
4.83043
8.30271
11.03676
11.86198
11.15
11.18743
10.68081
9.8618
9.46613
8.55523
8.10539
8.13794
6.51466
6.45674
5.59989
6.36724
6.73275
5.50335
3.91931
3.56602
3.2962
5.09874
4.76366
3.76927
3.91298
4.04507
3.3351
7.1468
9.45227
9.68554
9.69129
7.69474
8.65843
8.77771
8.64267
8.32216
4.4542
2.02177
4.21368
5.62786
7.76169
6.35841
5.7087
6.19003
6.42637
7.44266
8.32406
9.22259
8.51595
9.62363
10.17211
9.26601
9.08506
9.13249
8.04164
4.52411
4.63932
6.67116
5.77866
6.16161
4.75995
4.75699
5.68042
6.47837
6.35034
5.75218
4.82908
5.85169
6.24018
6.45213
7.54045
9.17075
10.59022
9.94268
10.45324
9.94947
9.77747
10.43501
10.95687
6.9044
5.31996
5.86594
6.33274
6.41521
7.19289
8.27257
7.99923
7.59447
6.12259
5.73016
4.42773
5.37647
7.80445
8.71732
10.04795
10.54951
11.01743
11.68402
10.87613
9.18718
10.99899
10.81624
8.89814
6.70217
6.87006
8.43813
9.06413
8.71914
7.58119
7.38026
7.45091
5.97399
5.0333
7.8143
8.71849
9.18503
10.57594
11.6468
11.28948
11.59647
10.79368
10.59979
11.03379
11.30799
11.30216
11.81303
10.25573
6.33833
7.26603
8.38637
9.97193
11.76588
9.95207
9.60039
8.27802
8.61246
8.66231
6.68057
6.23566
5.95967
9.21928
10.22235
9.85263
9.34959
9.71534
10.51386
10.58364
10.5313
11.01599
9.62859
7.02015
7.79487
5.97743
6.07039
4.30611
3.23923
4.28013
3.23104
2.70896
4.22324
5.44346
4.16102
4.08626
5.54665
6.66455
6.33414
5.92447
5.21042
5.57194
6.40403
10.68649
11.44214
11.03882
10.89251
10.54273
7.9949
5.94482
4.66226
4.57361
3.3047
4.18502
3.71438
3.08283
2.38922
3.30194
4.30169
4.41011
4.78497
6.52297
7.23802
7.97901
7.46439
9.33049
10.46338
10.27575
9.44789
8.9247
8.96194
7.72402
6.15365
6.68018
6.73674
8.38034
9.42204
8.34519
7.74824
7.76445
5.10753
4.42898
6.1318
5.78668
5.13945
6.02924
7.23263
8.44677
9.8507
9.93503
10.10204
11.84283
12.95124
12.51325
9.46926
8.21227
6.78974
6.61376
6.73489
7.65266
6.64082
5.76519
3.68443
3.08688
1.55162
0.6714
0.66153
1.15041
1.13898
1.38817
1.94338
4.40361
7.42693
8.01133
9.9098
12.54834
12.6524
12.50812
11.17686
8.48951
6.75419
4.08486
2.92811
2.66805
2.43023
1.72401
1.72003
1.61975
1.8316
2.65256
2.44352
1.74867
1.30621
0.55221
1.23378
4.40626
7.11079
7.5962
8.05454
9.59727
11.80056
11.57564
11.12969
10.36688
8.63117
6.77635
7.17231
8.23839
6.96951
4.67233
7.1185
6.42225
6.72961
5.59128
5.3202
5.51142
7.80615
8.38738
7.24252
6.77136
7.61612
7.50506
8.85949
9.2707
11.79842
11.40599
10.79417
7.80072
6.20306
8.146
7.11445
5.67606
8.16441
8.00286
7.76557
6.00308
5.45677
3.92908
2.35101
2.30619
4.49247
6.47176
8.36815
7.03193
7.52308
8.88626
9.30744
11.54915
12.18794
13.10391
12.23239
11.00363
11.30592
9.49983
9.90666
9.80176
9.2318
8.03117
8.38337
8.96615
8.64377
8.91928
7.88693
7.16412
7.54718
7.23555
9.16254
9.4551
10.39751
10.75222
11.53545
12.70549
12.2156
12.96344
12.5415
12.26074
9.32458
8.94263
8.72061
8.81523
7.29542
7.03763
6.39199
8.10059
7.808
7.42638
6.48905
6.17271
7.07206
9.51327
10.89209
11.34439
11.22577
12.28032
11.98561
12.16664
10.56973
11.55784
11.11195
11.51762
10.20055
11.21952
9.43129
9.31755
8.62615
9.66282
8.08342
6.72792
7.57828
6.15162
4.45486
3.07527
4.14016
7.75479
8.72713
9.7861
10.08428
10.71626
11.45467
11.50457
11.33179
12.14479
11.40225
9.82893
10.04468
10.32877
11.02068
10.99541
10.82917
9.74604
7.34824
5.99497
5.09885
5.6361
5.63734
5.07944
6.3064
8.90614
8.69121
9.10734
9.53385
11.22273
11.11789
11.6512
12.37256
11.86698
10.1573
9.18538
7.06478
7.7602
7.39726
6.64687
6.5166
7.06497
7.12315
6.15903
5.97574
4.99053
3.21431
2.19038
3.39399
6.11701
4.66498
6.54615
7.23145
7.48024
7.77032
7.66604
9.41464
12.22076
11.82162
8.80664
7.20704
7.83352
7.6777
6.93306
7.37949
7.32116
6.71499
6.93798
7.96837
8.51022
7.71378
7.46454
5.83121
7.05807
9.02111
8.70078
6.4503
7.39488
9.65407
10.82215
10.78533
11.75472
10.33884
8.14532
7.9025
9.48661
8.69734
6.01389
4.69895
6.26585
6.51171
6.33102
5.45419
2.19938
2.24734
2.23038
2.83583
5.34372
7.60973
8.74432
9.78355
12.36095
12.06981
10.4206
11.98157
10.01537
10.76212
8.33327
7.73501
8.3127
8.1875
7.68634
7.50781
7.10872
5.18053
5.5277
6.46168
6.05216
6.71412
5.31518
5.54075
7.81929
8.64713
8.90318
8.62407
9.02129
11.76842
13.10609
13.69525
12.13286
8.33062
7.49079
6.11757
6.84094
6.79865
4.59734
3.26862
3.59665
3.55849
3.10031
2.71955
2.59814
1.53742
0.5922
0
0.20762
1.11967
2.4134
5.31654
10.93616
11.90564
12.76716
13.31653
13.49059
10.91469
9.73497
9.60107
8.27553
8.79134
8.57335
7.65483
7.22805
6.16754
5.322
6.0033
5.50112
5.3907
4.19598
4.04411
5.13286
6.67428
6.47731
5.98131
6.91652
8.71558
9.73037
10.86495
11.35503
11.45121
9.99753
9.98087
10.4144
8.59825
8.81778
7.91633
9.8033
9.88461
10.11124
11.11022
11.34404
10.4125
9.66861
10.26475
10.15598
11.04529
11.02403
12.02612
11.36807
11.64417
12.10586
10.82339
12.08116
11.71447
10.96128
10.34165
6.70215
9.78752
8.99011
8.34105
7.65425
6.93997
5.79194
4.65968
2.97547
1.60029
3.18973
4.61407
5.81713
8.2679
10.02939
10.19823
11.11687
12.22004
12.8991
13.00273
12.64814
11.9581
11.78083
10.71062
8.76149
8.02025
10.75976
9.41855
9.51831
8.70572
7.90992
8.49305
7.23766
5.84922
4.82031
8.8157
10.38537
9.97413
10.0875
11.12124
10.42536
10.12562
9.91016
10.2358
12.33592
10.75943
9.08877
6.70314
5.01717
8.10353
8.03878
7.25177
7.88859
8.95979
7.47261
6.65887
7.83362
5.88479
7.26428
6.76194
9.14373
10.05918
11.13231
10.30985
10.49735
11.22605
9.34166
9.93037
10.47627
9.64278
9.49778
8.21664
6.19979
5.40948
7.59406
7.49371
8.31403
8.09868
7.12003
7.83356
7.39201
5.78943
6.3474
7.48588
8.94785
10.22555
10.83709
10.35265
10.64176
12.16288
10.77382
10.12317
11.24027
11.08313
8.1622
6.77307
6.10521
6.71853
7.81051
4.76276
3.32231
4.64388
5.05746
4.99594
3.94308
3.77518
5.47557
6.43384
8.28191
8.73317
7.84726
9.61684
11.65257
12.22484
11.239
12.40761
12.50312
9.11702
6.82575
6.59155
6.72751
7.38211
7.78191
6.6771
4.11892
4.26468
4.97064
4.43769
4.3405
4.37826
2.76032
3.33531
4.21371
4.90581
4.53129
7.36193
7.16672
6.52421
11.41065
13.13089
12.83525
11.2783
11.67637
7.85232
8.8819
8.43393
8.30453
8.2984
8.93456
11.08022
9.9515
9.46276
7.95933
8.36395
7.51325
0
0
0
0
0
0
0
0
0
0
0
0
0
0
0
0
0
0
0
0
0
0
0
0
0
0
0
0
0
0
0.00067
4.10217
9.99459
10.37213
10.95406
8.64962
7.01813
7.6285
9.78532
8.89434
8.73257
7.81966
5.98937
4.19265
5.1032
3.75758
3.2876
3.21845
4.17979
7.27888
8.41188
10.07016
10.91638
11.45189
10.65098
13.18523
16.03984
13.57802
11.26489
12.72333
10.85262
9.50607
7.44666
6.46265
3.28728
2.94766
3.6983
3.81675
4.18282
2.50789
2.68807
4.22142
4.95289
7.26918
8.81762
10.55064
12.11738
12.73516
12.77781
14.58383
13.75407
12.22308
11.5925
10.08474
8.09112
8.54436
8.23467
6.26543
4.96751
4.80944
5.76221
5.19108
5.09637
5.52959
5.85207
5.12604
5.162
5.15373
4.15305
4.80579
4.16279
8.50268
14.39864
15.29821
14.40267
13.72783
12.68211
10.50424
10.94434
12.27556
11.59282
10.1971
9.14384
9.17597
8.02202
7.85903
7.39544
6.0414
4.61027
3.63843
3.87399
6.36554
4.91892
9.07558
10.58455
11.72197
10.88059
11.03983
14.0896
14.40711
12.6089
12.36541
11.73582
12.14289
10.43483
10.91571
10.79537
9.53612
10.49779
9.9311
10.82518
9.82158
7.73505
6.01045
4.94526
8.91081
10.79678
12.27869
12.91814
12.71029
12.93185
13.97133
13.83934
11.56135
13.17354
12.06153
10.13235
9.78912
10.17799
10.49053
11.48928
10.93855
8.36694
7.23037
7.85154
8.92805
10.22331
9.53002
9.52102
10.25698
9.76048
10.07287
10.47689
11.6629
13.32633
15.93175
16.02563
15.81711
12.81961
12.19985
11.39467
10.93436
10.37764
10.22247
9.65647
9.52289
8.45386
6.83292
7.09782
8.92661
7.91229
6.87811
7.74746
10.3941
10.4217
11.70986
12.53797
12.72006
14.00459
14.29192
13.8089
13.58429
13.49772
11.99654
11.58348
10.69352
10.18756
10.68939
2.77184
7.38143
7.78242
7.97282
7.58562
6.02712
5.0595
4.06482
5.17445
9.49968
11.04448
12.12551
12.568
12.15502
11.63393
13.77342
15.64405
15.84075
14.0638
8.95956
9.91677
9.44498
8.96404
8.8041
10.01732
8.12851
7.78807
8.82927
6.79213
6.26058
4.89936
5.36066
7.1378
7.03886
5.34874
9.42402
9.03165
11.08934
13.26417
14.16936
15.30284
14.97363
9.51075
9.8436
8.44694
7.51194
6.82767
6.47283
7.06018
7.19133
6.83125
7.27154
7.13466
5.1439
5.61899
4.12514
5.1877
4.1162
3.84604
5.21658
6.31813
8.66881
14.93849
15.78189
15.5804
15.37217
14.31451
11.06335
9.7852
7.85604
8.07715
7.09099
5.65923
4.90163
6.10506
5.72755
4.46898
3.81687
3.89488
4.36185
4.46068
6.34484
4.04681
4.97219
8.93019
13.36577
15.30153
15.45043
15.85676
15.78682
14.52383
11.14181
9.30068
7.82497
7.78479
5.98686
4.28983
2.18009
4.43229
7.11857
6.79765
5.40161
4.47996
4.07929
4.71718
6.66844
6.41436
7.4344
9.66846
9.70081
13.63744
15.35307
15.95519
11.78508
14.99835
11.15548
9.56882
7.41731
6.26845
4.3422
3.24854
4.41829
4.25312
3.79981
3.43838
1.72792
1.80233
1.67102
1.23143
1.40238
1.98591
6.22757
9.26079
9.49918
7.96538
8.00952
9.95153
10.05563
8.93098
5.95245
4.49703
2.89211
2.47348
2.3051
1.19733
0.73842
1.17463
0.83925
0.04159
0
0.2493
0.22117
0.43523
0.33799
0.14542
0.36632
3.1188
10.38082
12.03449
12.71104
13.04649
11.80796
11.02034
5.54583
3.48878
2.28586
0.88425
0.85302
2.40731
5.92105
5.04079
2.6647
1.23764
0.28734
0.93754
0.54645
0.58745
1.30704
3.95013
6.33173
6.79123
10.10454
14.13302
13.24777
14.2697
14.3688
13.45921
9.75422
9.49288
8.44953
7.89382
6.02263
5.58782
6.81544
6.67204
6.12878
5.52175
4.92486
5.67499
4.74085
6.78452
8.34531
8.47021
9.72298
12.12544
12.52951
14.5921
16.01424
15.78887
14.75409
12.86917
11.51972
9.90495
9.05379
7.81941
7.87006
8.10895
8.40697
6.58947
6.07676
7.36224
6.27539
5.60518
6.17049
7.65728
9.22692
9.40891
10.70987
11.45045
11.93764
11.37428
11.80873
12.86537
13.51567
14.33212
13.0279
10.08611
8.09004
7.52427
7.23402
6.77006
4.46738
3.08663
4.32446
4.38618
3.31105
5.48442
5.89737
3.43281
4.93681
7.33306
3.92087
3.82869
7.98817
10.77304
12.98043
14.02304
14.71379
13.41485
11.6414
10.14096
9.51311
9.09993
8.89945
8.83264
7.73904
7.64247
7.51485
8.48306
6.54259
4.29245
7.0545
8.91107
8.94433
7.72689
6.6934
7.26129
9.33466
10.93383
13.71562
14.73179
14.95253
13.65561
11.88407
9.72591
8.91578
6.24923
6.30188
5.29084
5.44673
4.5402
3.41253
2.87607
3.68
4.62059
5.01763
6.35535
6.42681
5.53949
8.04878
11.524
12.87536
14.66403
14.08622
13.97543
12.3945
11.08173
9.16846
7.52597
6.5092
5.3935
3.5778
1.96987
0.63403
0.70249
0.2577
0.10594
0.20698
0.6333
0.57688
1.22487
2.41747
2.95848
5.26342
7.0516
10.2559
12.21615
12.58179
12.73544
12.88716
12.06111
9.93417
8.2004
6.47864
6.37094
5.96725
3.82541
1.88073
0.86386
1.11133
0.46099
0.93136
1.07435
1.1084
1.61784
2.53557
2.99192
6.60797
11.14163
13.3199
13.74991
13.38526
13.11249
13.35287
12.97008
10.42259
6.592
5.56227
5.25515
2.47829
2.52015
2.14095
1.66761
2.12452
0.36471
0
0
0
0
1.09162
0.64166
1.04657
9.55851
12.42915
15.02963
15.89515
16.00224
14.84018
13.7985
12.0205
10.18893
5.77798
5.20488
4.62373
4.20171
5.57874
6.64665
5.77099
4.10799
1.43236
0.92656
0.76086
1.116
1.52263
2.09208
6.22005
12.41169
14.60455
15.26002
14.26134
15.27468
14.37912
12.89727
12.96581
12.68888
10.97599
9.36627
7.42294
7.24456
5.94783
3.93989
2.99856
1.53627
1.70505
1.53122
1.14741
1.96293
4.54767
6.53711
10.42834
12.30953
12.70778
15.23228
14.45731
13.54025
12.55857
11.96579
8.77461
5.69185
5.46754
4.95029
5.86866
6.66234
4.49075
3.42504
2.43221
1.63752
1.48482
2.0401
1.05489
2.28272
4.82963
4.93145
6.56151
9.63825
13.71344
15.21607
14.75481
13.66739
12.43786
10.85794
8.11415
7.66978
6.65798
7.78695
7.69139
6.84333
4.67694
3.23228
2.26344
1.61996
2.56549
1.6119
1.12062
2.846
6.65169
7.86299
7.84656
12.09971
14.98308
15.15845
14.6274
15.98826
15.96625
13.78703
10.88432
9.59323
7.47641
7.3906
6.69776
6.45947
4.25935
3.90471
3.50393
3.94384
2.20262
2.22613
3.6639
4.89147
6.0688
6.60468
6.98521
8.87514
10.93043
15.42087
16.09771
16.42728
15.82139
14.15782
11.26603
11.16991
10.51699
9.3983
7.5739
6.51592
5.27878
5.52956
8.52142
6.15371
3.7194
2.32646
4.85672
4.37891
5.12155
8.54147
9.53803
9.40577
10.33775
7.05395
12.468
15.13381
13.8879
15.13082
13.19639
10.82299
7.86991
7.009
7.05383
5.38276
5.45194
5.77574
4.35757
5.6996
6.75426
9.0916
9.01693
9.29059
9.58912
11.05613
7.33466
4.54471
5.23288
9.09802
12.84614
13.74285
12.8704
14.28648
12.16615
10.87772
10.35268
10.13767
10.41858
9.84939
10.26424
10.21828
8.59456
7.26442
5.89564
4.83923
5.15456
8.36775
9.95824
11.58034
10.63059
11.52543
12.54693
14.81499
13.78758
15.24449
14.22677
14.45137
15.07512
14.68801
14.19884
13.16509
12.032
11.68632
13.05311
13.11822
13.0897
13.45539
12.57611
12.09167
11.54091
12.772
12.87838
13.01751
13.32831
13.64081
12.89231
13.05453
13.52779
14.91914
14.00095
14.15311
14.87016
11.28818
5.79176
6.48325
6.53256
6.19257
5.59644
5.65053
5.72977
5.1297
3.93607
4.82411
5.13689
4.35652
4.16731
4.81003
5.23255
5.99297
6.59561
7.1683
6.13227
6.51791
5.6414
6.21228
6.61367
6.59912
8.74134
10.38619
9.74276
10.47014
10.24909
11.52973
10.73581
9.38044
8.85094
7.06284
7.8919
9.44403
10.80231
10.43556
12.22963
12.81268
13.98853
12.74382
12.68282
14.06931
12.39328
13.13094
12.97239
11.95184
12.70006
13.64053
13.69587
14.052
11.63229
11.22246
10.5907
10.22167
10.15282
8.28746
4.69629
7.19109
6.76595
6.52036
6.75342
9.51406
12.96533
13.3451
12.85251
14.33087
13.29523
14.97227
13.25447
11.44661
11.04304
10.25152
10.11048
10.37933
8.67655
10.36021
9.51443
8.56564
5.3347
3.6676
5.68024
6.4883
5.10072
4.45504
7.9225
11.77146
13.08706
13.70077
14.15326
15.74322
14.69992
15.42835
13.32558
11.88759
11.39414
9.46311
8.07615
7.88398
7.36151
8.19537
9.18207
8.69202
8.91567
6.57743
7.577
7.35357
8.11706
9.37475
12.18921
13.29391
15.25499
14.95755
12.22642
11.94447
13.30523
12.8528
10.2586
10.34166
9.83104
7.5179
7.73751
6.76282
5.50898
5.47516
6.68639
6.92468
7.50754
6.31158
7.08706
10.32452
9.61709
7.39736
8.28637
13.65761
14.19149
14.90836
14.39425
15.28929
14.79645
12.12747
11.34285
11.41655
9.17454
8.40975
7.61325
6.6802
5.9092
6.60328
5.78294
6.3331
5.58258
6.09608
6.71625
7.86415
10.37775
12.28083
13.97036
15.23774
15.2449
15.39078
13.75146
14.87712
13.87495
14.34511
14.03208
13.32271
13.34877
12.3049
11.34587
10.58592
10.2081
9.22485
9.57986
9.1802
7.4337
9.55908
8.51448
7.26525
6.3267
10.53807
13.71883
14.09692
15.03876
13.39154
14.58877
13.91452
14.57867
11.71192
4.71264
2.67275
5.18451
8.05098
8.26767
6.8926
8.19689
9.41879
9.29506
7.57847
6.60963
5.0691
3.36424
6.26962
10.0708
9.71545
9.89241
10.80742
12.52312
12.68686
14.60465
15.34995
15.22803
14.31634
13.45614
11.23794
11.60796
11.25002
9.49897
9.55369
7.25642
6.82232
6.50804
5.93882
4.87494
2.80934
1.14453
0.3389
0.83823
1.62253
2.66964
5.16711
14.60989
15.93951
16.08568
15.93815
16.08239
14.91193
13.72936
12.36279
11.41711
8.7789
6.9618
4.41219
3.09152
2.09231
1.80623
1.51139
2.38113
2.25944
2.91756
4.68288
1.57535
3.43904
1.79627
12.52704
12.34854
15.33539
16.2547
16.31188
15.90293
15.57372
6.7075
8.85731
7.19237
6.34043
6.74181
5.73155
4.90189
3.75389
3.31753
3.38009
2.89843
2.78317
3.84789
3.90153
3.13458
6.65176
7.87582
7.16166
8.04283
13.07172
14.98718
15.28518
16.06113
14.54517
12.36778
11.78841
11.11672
10.46309
9.95823
8.21957
8.40222
8.8343
7.38311
6.01298
4.75278
5.99119
6.61261
8.05735
9.51725
10.57328
10.56306
14.37031
15.84225
15.17526
15.4564
16.00488
14.45313
14.85643
13.21906
11.4398
10.97547
10.07239
9.53558
8.13885
9.16089
9.70072
9.97559
8.7879
9.28496
7.75635
8.23647
10.19874
10.72007
11.93249
12.64257
12.64348
12.69166
12.54867
14.4368
8.64106
6.22093
5.95866
5.5336
5.58916
5.27399
6.84634
9.2043
10.13084
7.5204
6.4924
6.0223
8.03286
6.56337
6.27145
6.49802
8.24574
9.10759
9.58109
9.62014
8.81398
13.30304
15.43452
15.88487
14.49876
13.65977
11.54278
9.41238
8.62277
9.04068
8.79787
8.14608
7.75492
7.90953
9.35769
7.47059
5.31866
7.53307
10.02217
7.16774
7.12214
6.38549
7.99219
9.18694
12.50315
14.64302
13.33047
12.45409
11.17864
11.34179
12.83479
12.13971
12.28549
11.78873
11.21439
8.45965
10.437
9.44417
10.16831
10.51876
12.01419
11.78818
8.29095
11.84359
11.87573
11.9674
10.52004
9.83751
11.75456
13.02915
12.78118
11.01069
12.82986
13.29942
13.10884
11.57729
10.18452
10.72749
11.5917
11.03951
10.84762
11.5448
11.09696
10.93375
9.23509
8.97615
9.90563
8.94823
9.83491
9.76379
9.16071
6.7961
6.67419
9.93207
12.62498
13.25367
13.35496
12.71491
13.98736
12.38491
11.99771
13.27869
12.34631
12.30382
11.66474
11.69464
11.35535
9.79099
9.96234
10.78218
12.20016
11.34199
10.93195
10.35146
10.53017
11.84075
12.8914
11.30531
13.47513
13.16617
13.51157
12.79813
12.47808
12.07613
12.28795
11.38462
10.21693
9.88237
9.12146
10.06959
7.66644
8.50569
7.97285
9.30633
7.25022
6.08631
7.97166
6.49249
8.6998
11.30594
11.64485
12.29374
14.34733
13.58682
11.94199
13.40694
13.62244
10.571
11.35326
11.51594
13.73603
13.44057
12.31647
10.63211
11.21047
10.49252
7.72898
6.21594
5.7581
7.74497
9.1431
10.50535
11.65722
12.6292
13.824
13.90424
12.78162
13.70626
13.344
12.14604
11.10457
13.06942
11.57607
10.24991
10.37484
10.5264
10.16066
9.85384
9.13195
9.34349
6.39133
6.86305
6.95957
10.36365
11.04695
13.6388
13.79262
13.07493
13.90032
12.94361
12.82295
11.40538
12.53662
13.87423
13.99198
12.93525
12.80258
11.16271
9.12973
9.37565
10.82967
10.86499
10.78679
10.17009
6.82923
7.98055
7.13919
7.50728
9.31567
9.47188
10.88633
11.57548
11.89803
11.98145
13.37554
14.00672
13.77312
14.24336
14.83646
12.53378
9.96545
11.17886
10.92531
10.02853
10.54095
10.89745
10.05148
10.2298
9.37166
7.18503
3.95861
4.20287
5.55608
5.89107
6.17647
6.13748
7.30849
13.69238
14.48476
14.69978
15.06101
14.27411
13.05735
11.04242
9.75919
8.47532
7.19919
6.82817
6.47556
5.78407
5.8248
6.52021
6.38337
6.21403
5.65318
7.22097
9.19721
9.24735
8.04598
8.48515
8.40403
10.95857
14.91342
15.23217
14.81914
13.43499
11.7452
11.08396
10.66983
9.03451
9.05306
8.20783
7.04808
6.82105
6.02605
5.6447
6.08173
5.12159
5.09034
5.30648
5.30239
6.54912
6.43032
7.41737
9.37619
13.45857
14.21695
15.68123
15.49609
14.69564
11.86247
9.31386
8.63214
8.48986
6.93126
6.07816
5.23316
4.54697
3.49887
3.26512
3.78388
2.75709
3.02891
4.60116
5.76754
5.75054
6.9145
6.26533
6.32074
8.43117
10.98334
11.00719
11.34942
12.99629
11.25632
9.83194
9.55869
7.45473
5.59006
6.45647
4.18458
3.46405
3.94565
4.47596
5.51481
7.65565
6.89343
6.67323
7.50448
9.4547
9.23484
9.91575
10.9728
11.21999
13.85247
15.69653
15.57096
15.36728
12.5522
11.57629
11.17688
12.39898
11.47885
11.29422
10.4675
10.57935
8.82296
8.02406
8.02222
6.48218
6.10404
6.31118
8.47027
8.71411
9.55829
9.09184
9.99999
10.39019
11.17511
11.88676
14.95087
14.29541
13.68214
11.29291
12.06238
11.50416
12.84531
12.35063
10.32457
10.71051
9.81317
9.77925
8.16989
9.76113
8.5767
6.41943
5.96231
9.41954
10.4148
11.7934
12.4482
13.00665
11.93146
11.7624
13.67809
13.51938
12.63695
11.55346
10.59907
9.31127
9.82167
10.01
10.04156
9.1663
10.34879
8.25881
8.09677
8.20944
9.36495
8.42482
8.40652
8.89653
9.07385
6.5434
7.32587
7.58764
8.53678
11.26603
14.13647
12.75122
14.36723
10.60052
10.14652
9.94509
9.663
9.03244
11.14666
10.17639
7.82554
6.09724
6.39786
6.83295
4.14698
5.02188
5.03499
4.32829
5.48499
6.80251
6.58854
10.20438
14.15268
12.83495
13.6619
13.93949
12.49422
11.15808
9.75223
8.06945
8.02218
7.74585
8.32391
8.34421
7.56448
5.92877
5.58861
4.55378
2.95815
1.98629
1.32693
0.20143
0.42792
0.90627
3.70462
1.72719
5.61775
12.14178
14.44881
13.6324
14.02632
13.37244
12.33098
9.85049
4.92556
3.99286
3.28515
3.60763
2.16944
4.46907
4.05422
3.75897
1.80597
1.53463
2.28492
2.49037
6.02668
7.00498
10.86769
14.16838
13.89802
13.71196
14.45033
13.60518
10.99338
7.33594
5.47524
6.46992
7.48728
7.52873
7.31428
8.39127
7.25966
7.05982
8.97557
8.08316
6.21561
7.69772
3.66897
2.27895
4.93964
5.75858
5.82529
6.71384
8.72317
10.20552
10.99959
14.42251
14.23932
12.08525
8.68711
6.83791
6.17027
7.68945
8.03354
6.91307
6.16184
7.06863
6.22439
6.36956
5.81659
5.99455
6.70543
8.6908
9.65818
9.62756
11.47147
12.84999
11.82483
11.03805
11.77428
12.6571
11.94918
13.13555
9.04919
7.40839
7.65635
8.99109
9.57209
8.61164
8.22146
8.95759
6.87849
4.7509
4.88322
2.31591
4.95874
3.18992
3.49294
8.12907
9.22977
10.74367
12.78982
13.58911
14.2119
14.76071
13.73499
12.24685
6.13156
7.12833
6.85964
8.85411
7.70116
6.13313
5.61031
5.79987
3.68216
3.71122
1.69891
0.16943
0
0
0.09922
0.44851
2.27062
5.5248
7.09529
10.64284
9.95268
12.42294
13.04021
11.5494
9.66661
9.66525
8.55003
6.77346
5.72354
4.72546
6.19728
7.61899
6.61056
6.44181
6.00092
6.73813
8.6857
5.76987
5.54575
7.14703
10.10729
12.36395
13.33976
12.79755
13.76343
13.07739
12.62429
9.45162
7.95165
8.90511
11.62116
8.99045
6.24229
6.74274
8.01263
6.99956
5.31268
7.10596
8.18934
11.42168
10.71851
9.19235
5.88029
7.34291
9.00398
12.27536
12.93981
12.65958
12.81576
13.45891
11.78668
11.33858
8.77223
9.26539
10.7149
9.93886
9.87034
9.4684
9.73587
9.64983
8.66154
8.60721
6.76162
7.3189
9.94658
11.03286
13.24034
12.81622
12.37399
11.90336
11.58796
13.36804
13.09751
13.12161
11.80875
11.2123
9.47861
8.16228
8.35197
10.02311
8.90659
7.17531
8.25931
4.89426
4.57905
4.21888
6.1587
7.8536
8.44079
6.53443
7.88436
9.08887
10.78296
11.0147
10.78164
11.95282
12.98291
13.13645
12.62713
9.89614
8.0926
7.88913
8.21816
8.21508
7.30491
7.95113
6.1425
8.58046
9.4256
7.85101
5.32891
4.60309
3.15107
5.29437
9.1188
9.75024
9.92689
10.7511
11.10976
11.30974
12.57662
11.29823
12.00635
11.34579
11.5196
8.80116
7.43913
7.18404
7.97952
6.76233
5.76257
5.14843
3.45775
2.99108
3.50189
4.68841
6.34328
8.65662
10.41363
12.20392
12.43513
13.47657
11.83667
12.45074
12.83396
12.42942
12.00025
10.76304
8.79635
9.14462
11.29686
8.75053
7.8528
6.43067
6.41995
6.9944
7.29665
6.48353
6.65894
5.27371
5.20236
6.08134
7.29305
6.73503
6.29992
8.83971
10.57236
11.12805
11.89334
12.80396
12.69891
11.3986
8.24947
8.28759
6.90431
7.32455
7.30504
6.5878
6.95016
6.97912
4.12501
1.67963
2.13728
2.69236
2.27741
0.58313
0.69334
3.64301
9.05959
10.6917
12.33131
12.90498
13.07024
12.06624
10.85289
11.54102
9.66047
7.15498
5.9639
6.66778
6.40922
5.45617
5.69876
5.35512
4.69165
4.45021
3.84391
5.46403
6.52322
7.65034
6.1287
8.01491
9.29283
11.22606
14.26144
14.03491
12.74021
12.66912
12.11023
9.76674
9.35364
8.3259
6.87288
5.95814
5.58791
5.12938
3.85705
5.38985
4.08468
4.38326
4.52943
5.00306
5.41464
4.63434
3.68614
7.97213
10.37848
12.53901
11.15621
8.40523
10.07268
14.19422
13.50299
12.02704
7.50881
8.27629
9.11234
8.46175
7.58058
6.45337
4.44129
2.66989
2.36055
2.22351
2.96973
4.89677
4.98515
4.00006
3.12248
3.25639
5.79939
6.60419
8.09093
13.25655
15.08812
14.45959
13.11954
10.44504
9.2587
7.27829
5.16838
5.21651
5.50519
3.59323
4.22438
4.65223
5.42129
4.64953
3.30888
2.88617
3.91257
3.65348
2.65003
5.13767
8.35751
10.11537
10.54453
11.28644
11.59596
11.21871
11.21877
8.60207
5.95127
5.60633
3.92507
4.09851
3.81104
1.76431
1.00178
1.226
0.95773
1.3711
0.89597
2.23691
2.23534
1.46231
3.38848
8.45393
9.09496
9.20039
10.03391
10.10165
7.91817
11.13225
9.93783
9.26555
8.07603
9.08572
6.09452
4.7489
2.64826
1.4762
1.3744
1.13917
1.31327
0.91154
0.40418
0.71094
2.0981
1.77716
1.83833
3.27006
9.12012
9.18116
7.34791
7.66859
9.80435
11.55887
8.90221
7.57473
6.64122
6.21514
5.44612
3.47481
2.20441
1.27591
1.47906
1.60241
1.54513
1.11522
1.79773
2.33701
1.22628
0.50126
0.45725
0.64909
3.42583
10.85521
14.31035
14.00807
14.85313
11.92543
11.3137
11.08707
8.19438
4.92419
3.60357
3.82941
4.90303
4.93833
6.72701
6.36877
5.22168
3.02398
5.03346
7.0536
4.58056
3.42976
6.47997
8.84645
10.55766
12.56842
13.01817
11.71363
12.19786
14.45002
13.18687
10.64029
8.26286
8.71921
9.75804
9.39564
7.22842
8.92539
10.22979
9.82882
9.79963
8.2702
7.11068
6.56943
10.18679
10.42302
11.31951
9.36954
6.89983
8.79281
10.80583
11.17685
13.65772
11.78601
12.53806
10.96315
9.54128
9.30562
9.19199
9.14012
7.23236
8.10995
8.94315
8.85162
8.39295
7.03079
6.16441
9.39322
11.33311
10.33627
8.25708
8.91865
9.81769
11.80114
10.28284
9.6164
12.9824
15.31778
12.8867
11.62761
8.36967
9.21728
6.47562
5.15115
5.55616
6.62121
8.71853
8.32898
7.61396
3.80658
5.33123
8.20153
9.13423
9.78616
9.63444
9.04026
10.02163
13.92342
16.08671
16.23328
15.46603
15.40103
12.00123
9.19849
7.79103
6.01946
5.65374
6.07399
5.69649
5.61891
5.8627
4.11884
3.50393
4.25919
2.41494
3.80232
6.87741
7.38014
7.46889
8.31464
11.36749
13.26638
14.58664
15.37245
15.93097
14.58822
11.82803
10.9865
9.77031
7.35462
6.19518
5.31234
5.76142
5.42347
5.19434
5.10066
4.53436
4.00794
4.72157
5.4029
6.28424
5.50493
6.75778
7.61468
8.28773
11.7103
13.51222
12.92273
16.00619
15.75677
14.93681
12.02022
10.23967
7.29894
6.77419
7.99964
7.01609
8.8716
8.6045
6.02131
6.44273
7.05601
8.65495
6.6316
7.91569
8.19611
10.4144
11.12138
10.52682
11.92568
15.6947
14.94718
13.42184
15.39053
14.42255
11.43492
6.66997
6.39592
7.09712
7.1199
8.22473
6.86975
6.38575
6.34093
7.27323
6.1691
4.27926
3.70698
1.69489
1.1752
2.09847
4.93069
4.7679
9.14528
7.30492
12.46334
15.11035
14.95517
14.04116
12.33012
10.61063
10.97147
8.35985
7.71013
6.79209
4.67688
4.21852
6.69942
7.48068
6.553
4.97699
6.37637
8.60148
7.60717
4.01235
5.71888
5.29567
7.99202
12.47966
13.87642
14.89867
10.06497
4.59403
9.86415
8.88855
9.84404
6.78097
6.46883
6.96249
6.76923
7.72616
7.39231
8.68558
7.3083
5.20925
5.91235
7.25431
9.16845
8.90443
8.27046
7.07992
7.98608
11.70384
11.59536
14.58746
14.52802
14.2589
11.60754
11.17642
10.66968
9.40682
9.03051
12.2511
10.61181
10.28708
9.63067
8.82777
7.02495
5.16232
5.13773
8.38298
9.97321
9.11146
7.91958
8.37767
5.69482
8.4383
12.3467
13.86013
15.41474
14.94668
12.67974
11.00958
11.88792
11.53248
9.30387
9.43948
9.31856
9.9404
10.33606
9.75834
9.65262
7.06056
9.56446
8.08101
8.02548
8.00225
6.69587
10.68031
11.19871
11.99408
14.07184
14.69224
13.31671
12.30712
10.94253
10.45549
11.03947
12.83495
11.8732
10.08677
8.693
8.00946
7.09648
7.96122
5.81094
6.29417
6.315
5.0136
4.85207
6.62218
8.58378
10.60405
12.75083
13.26204
14.57832
13.46583
13.84639
12.50587
9.96365
10.36956
9.15796
8.57367
10.21937
10.66181
9.34039
8.2027
9.52351
8.75038
7.24401
6.7616
6.36513
6.25892
9.27686
10.11427
9.75826
9.49627
10.19827
10.60603
12.93147
14.79594
13.48102
12.48869
11.61405
11.0093
11.62899
11.48443
11.39483
10.59971
9.47725
10.28622
8.3881
6.39493
6.41956
7.91168
9.99798
10.39515
9.11352
9.63247
10.23542
12.27541
14.04476
13.91822
13.39141
14.08822
14.79889
13.69066
11.14963
10.64542
9.38063
10.89603
9.73497
7.39177
8.25168
7.7617
6.81424
6.23868
5.71397
6.30162
4.62098
6.62156
6.31932
8.39414
11.01209
12.21382
15.39619
14.49031
14.04263
12.68746
12.48649
11.21438
11.11478
12.19798
11.67496
12.29531
12.34518
10.23761
9.45496
7.4484
7.03842
6.09073
7.7881
5.99674
6.71166
6.00485
3.90952
4.21946
8.45527
10.8941
8.66763
5.83615
8.60999
11.3654
9.57879
10.54209
10.34376
7.05954
5.47987
6.36072
6.97002
6.55065
6.87333
5.64411
6.40445
3.97314
2.76783
3.76784
3.54474
4.77462
5.09454
5.98799
7.22571
8.93576
7.7332
10.34035
13.34385
12.88453
13.25528
13.67153
10.76392
8.35217
8.49182
9.78958
11.19286
10.21639
9.69884
10.51403
10.25779
10.48853
9.3313
9.98631
7.42558
8.25215
7.17244
8.77418
9.58112
11.04784
13.86955
14.53894
13.10671
13.7462
15.0598
15.18509
11.29735
9.15219
10.38398
10.01438
11.05333
11.3008
10.23114
10.94148
12.42535
12.85936
9.58379
9.99842
8.79336
7.97085
4.91837
3.11482
5.19631
11.37896
9.74219
10.76477
14.96011
15.65967
15.83622
13.56753
10.74085
10.55813
10.5777
10.80614
9.08087
7.29819
4.97688
8.67664
8.09068
6.25095
4.43811
8.00104
6.4489
8.1269
8.31623
8.45967
8.66949
9.13975
6.78801
10.33892
15.04458
16.28062
16.46691
14.91181
12.04634
9.80228
11.4726
10.90733
10.19439
8.5185
5.00294
6.11552
6.37046
4.70691
4.26503
3.32696
2.67945
2.28039
3.60136
6.17663
9.50662
12.66821
14.38103
14.02182
15.29632
15.48777
15.3938
13.84296
11.93182
9.93564
9.15318
9.68438
10.72204
10.37124
9.49866
9.93302
10.7951
9.64449
7.91429
8.69283
7.94633
7.67324
5.29402
6.1056
11.23695
9.6013
7.16018
8.58678
15.34516
16.1613
15.50033
13.03877
12.63559
11.33372
12.32375
11.40638
12.50833
13.8941
13.50286
10.48333
5.71838
3.00959
2.4578
6.18694
11.32552
10.26465
10.20532
10.07852
9.77741
10.12922
11.72353
15.07957
16.44349
16.75659
16.72826
14.25002
10.72921
11.93555
12.7141
12.94652
12.67038
12.21936
10.97905
10.73619
12.04213
10.76914
10.95943
12.16931
12.1739
11.63407
9.5116
10.31528
10.03314
11.71148
13.5252
14.03747
15.60456
15.2308
14.79071
14.43274
12.91742
10.7789
10.53552
12.28087
10.88936
13.44019
13.54122
12.08053
11.69286
9.97892
6.26852
5.13363
4.91784
6.73635
9.90961
10.94853
11.11978
10.65175
13.13893
14.53687
14.22778
16.36429
16.24037
15.05957
11.97698
12.30716
12.1945
11.38488
12.02317
11.14526
10.59029
10.30851
11.90573
10.49838
8.00104
9.41508
8.31473
9.68217
11.22139
11.80874
12.03754
11.77126
12.28338
15.14041
16.56746
16.79128
16.71835
15.62783
11.67324
7.19987
6.4743
7.40225
8.03768
8.85345
9.67627
9.56147
8.80112
7.01847
7.70252
7.67118
7.53405
5.0746
5.02069
5.84146
6.79634
6.74761
9.79399
12.78284
12.63513
14.30519
15.54879
14.8423
12.0219
10.52156
9.42455
10.27881
9.86414
9.05537
9.21824
9.24956
9.25557
9.71185
8.7298
8.47963
8.22353
10.26259
11.81139
11.43238
12.23653
12.43858
13.49071
14.48306
14.99793
14.88886
14.69424
13.72669
11.67299
11.1762
10.45872
10.63672
11.10593
9.58577
9.45713
10.39953
7.9903
5.04777
6.39216
3.84184
8.61815
4.27234
6.6438
10.24774
8.0651
8.3342
12.1936
13.97995
14.2072
14.54397
15.39049
15.0237
11.72818
11.01749
12.03654
12.02348
12.66306
13.36982
13.2975
12.60849
10.17812
9.25076
11.5523
10.91559
10.01392
12.59706
12.78592
14.51703
14.95381
14.67635
15.00293
15.4227
15.15215
15.83465
15.41293
14.41986
12.75979
12.90019
13.63036
13.96809
13.69559
9.69475
6.03514
7.05513
4.28545
10.25547
9.91063
9.86712
12.71183
13.39519
14.32521
14.40848
14.99419
14.85296
14.90495
15.87102
15.35814
16.22766
15.89014
16.22276
14.92819
14.42598
14.74027
15.06378
14.68424
14.37648
12.77014
11.53138
13.09177
12.15707
13.18014
13.5198
13.46745
13.72599
13.85968
14.24326
13.58962
12.95872
12.20903
15.29653
16.38525
15.39197
15.45418
14.71688
14.39175
11.94831
13.02949
12.91831
14.32352
11.60543
10.423
8.86392
7.04105
9.34102
7.89019
6.84904
8.53956
10.20575
8.37732
7.84648
10.57087
13.51763
13.64988
14.86002
15.30428
15.47383
15.27955
14.5901
13.94066
13.87866
14.29564
12.60872
10.34304
8.46269
8.95863
10.512
11.74685
12.97176
12.01236
9.49844
10.33643
11.37318
10.12016
9.42175
13.35516
13.19862
11.28698
8.25851
13.61716
14.92873
15.23937
15.14434
14.17727
13.23551
13.43362
10.79833
9.98757
9.53252
7.90153
7.6773
8.88604
9.55591
11.21164
11.24168
11.82418
11.79072
13.51708
13.40745
14.32643
14.02924
14.70924
15.38873
14.91986
14.66802
14.44796
14.80525
15.1683
14.5719
12.80827
13.45842
12.89662
12.76641
11.11889
11.98658
11.05398
10.61305
11.32018
11.64448
12.18586
13.03968
13.57549
13.25069
12.39706
12.64227
12.98317
14.1027
13.99375
14.05234
13.67081
12.42371
11.22217
12.31054
12.79365
11.09059
9.10506
9.05416
9.23179
10.45724
10.17005
8.48196
9.70708
9.59716
9.74776
10.91191
11.06003
11.02911
12.2726
14.15882
15.14601
15.033
14.57538
14.62497
14.65565
14.42683
13.36343
12.21791
11.11612
9.69049
8.79966
9.29235
10.85
11.4274
11.21433
9.62812
7.6505
7.78696
8.26331
5.0943
3.10504
3.37443
3.39347
5.59508
8.52357
9.33374
13.28342
13.99223
11.06775
8.62323
8.1259
5.54976
5.9711
6.51713
6.50279
6.48093
6.90467
5.23593
6.61686
4.39963
2.39709
4.89286
7.31731
5.08871
2.73659
8.12921
9.81505
7.61016
9.1484
12.84671
15.18945
15.58141
15.95032
14.85803
15.11463
15.91952
14.13004
13.98092
14.12356
12.04684
9.23078
4.3038
2.51665
0
2.75951
2.26574
0.06737
3.42309
7.15412
9.87112
12.21319
13.7126
15.13522
16.27499
16.47116
15.80574
15.84697
16.35465
14.67812
11.48996
13.76457
12.93945
14.30992
13.84286
12.36139
10.03024
11.66616
13.12727
11.58273
12.18961
12.54902
14.37802
14.65291
14.58701
14.24744
13.75736
14.96426
15.73796
15.91784
16.67344
15.90318
15.21594
15.07572
15.30827
14.52358
13.51481
14.39589
14.77049
13.64087
12.2608
11.17104
9.32191
5.91334
7.34447
12.43154
12.92689
11.24454
11.55806
11.1737
11.76959
13.41197
15.11494
16.24167
16.1198
16.08702
15.52269
14.73925
14.21099
14.12106
14.11162
12.39286
13.24286
10.11974
10.62374
10.57657
9.28576
9.87472
9.22484
9.50322
8.96324
9.90259
12.5253
13.40129
12.94664
14.28133
16.2101
17.01809
17.42262
16.02205
13.39806
10.16267
10.28478
9.05251
9.38766
9.16923
9.40311
8.84746
7.24769
6.1918
4.79242
6.01376
5.71028
7.45439
9.93261
14.0963
14.68265
15.64004
15.89806
16.2067
15.40379
15.9554
14.36031
14.8328
14.61129
14.57861
14.65041
13.07478
13.63026
13.67424
13.00762
12.54629
9.80231
8.96673
9.16835
9.83219
5.8688
5.97813
10.28575
11.06157
12.23837
12.65232
13.99803
14.34376
13.01219
12.67054
14.06767
15.54642
12.30574
12.00238
12.89162
13.63165
10.65889
7.89921
12.08872
12.82812
11.22809
7.95586
8.36558
6.29319
5.50426
5.58461
8.82144
7.37666
8.23946
11.28172
6.57361
11.30752
16.42385
16.72263
16.84623
15.73975
15.21578
14.30044
14.12758
14.08574
13.28201
13.28885
12.48614
13.10297
10.12041
7.58495
1.83496
1.49086
3.05334
7.83178
7.59049
8.83953
10.26629
11.77568
12.30256
13.22552
14.77639
15.13765
15.97949
16.0923
15.0398
13.93899
13.78437
14.08599
14.81808
14.03431
13.88685
13.34389
9.90741
8.30842
10.15005
10.25069
10.01162
11.20051
12.47784
14.27871
14.37057
13.31819
14.47414
12.95771
12.48774
16.00796
17.20462
15.32898
10.06392
10.01743
10.71717
8.67603
8.61436
8.75206
4.85011
10.96676
9.53233
8.13091
5.74428
5.17838
3.7979
3.67406
3.58119
4.65115
5.37411
6.9297
7.73154
7.99074
9.80068
13.05066
15.04281
15.14348
14.01348
9.34609
8.69274
11.8385
12.78289
11.0433
7.95725
6.6618
7.91309
7.33685
6.99198
8.86443
10.77143
14.86572
13.52559
13.98536
13.7134
10.61129
8.20471
9.14706
13.35561
15.07359
15.92229
15.77848
15.6113
14.4824
13.38231
11.39088
11.79663
11.41815
13.66394
12.1648
9.50806
10.33393
8.4414
8.98386
7.3993
8.6564
9.2688
10.31835
11.14942
13.50399
14.04095
14.55553
13.89391
14.36638
13.24756
13.41593
14.55324
13.50067
11.26243
11.02227
10.14242
9.52894
11.28963
11.14348
9.93506
9.58595
7.76572
7.85638
8.95783
6.02577
7.00729
9.75236
9.77954
10.69791
12.33579
13.97344
14.80189
15.13598
15.21556
14.42519
14.05144
13.93308
13.59324
12.86247
12.66948
13.0019
12.72156
11.41707
12.32937
12.64829
12.3034
12.02687
12.32134
11.0288
10.70753
11.21963
13.29116
13.91789
14.35969
14.80192
15.61412
15.04217
16.18215
15.88873
13.69255
12.81101
12.40984
11.67247
12.15234
12.97777
10.70249
9.56813
8.88689
6.97497
8.42061
5.48113
6.67272
7.07283
8.88267
11.70173
12.94411
13.07757
12.69096
13.82908
14.74574
15.75646
16.69797
16.6141
14.47837
14.02628
12.44022
11.57386
12.28334
12.66988
10.40624
6.98568
3.51036
3.91775
2.3457
3.48347
6.42866
6.62284
7.72567
12.60615
11.93776
11.6166
11.53896
13.25199
14.73498
15.06302
14.72457
15.85706
16.13421
15.62314
15.08545
16.24256
14.63102
14.52304
14.23908
12.73718
11.26569
11.32888
10.17517
8.33558
8.34556
11.71681
12.59057
13.73838
14.51649
14.46657
14.13685
12.76811
13.99896
15.26385
15.84762
16.13368
15.25293
15.62865
15.36491
13.91259
12.83132
12.85474
13.3363
13.25508
11.48877
8.47921
7.67547
9.59586
8.96397
9.11502
9.58793
9.96668
11.10112
12.8626
13.233
14.03958
15.70557
16.25663
16.09055
15.8921
15.64611
14.00736
13.9969
12.14694
11.87931
11.16971
6.95897
6.4816
5.88747
4.15304
5.46852
7.8724
7.14429
7.19613
10.71054
11.28849
12.92922
12.88744
14.08951
14.13985
13.86113
15.19142
15.57739
15.4736
16.34503
15.58193
14.26598
14.70605
13.53607
13.46016
12.97922
12.40899
11.28928
11.74003
10.07302
9.59038
10.17373
10.62848
12.70038
13.75005
13.21277
13.38182
14.24019
15.61073
15.24086
15.51782
13.96268
15.49584
15.52994
15.87984
16.63881
15.27868
8.91927
6.02451
6.18359
4.00244
4.02867
11.90781
10.16898
10.68184
11.89818
13.79418
12.67746
13.99268
15.09534
15.48612
14.95296
15.31857
15.44541
15.10559
15.37534
16.17013
16.58333
16.10586
15.34649
16.15274
15.26521
13.79941
10.64375
10.73325
4.94825
5.77707
8.19571
8.07058
10.38704
10.34406
11.43669
12.48888
12.66356
14.72954
15.33637
15.69388
16.24173
15.9739
15.79626
15.97885
5.28314
14.83521
13.9216
13.90776
12.2277
12.24743
10.0118
8.52926
10.20597
8.65709
6.45538
8.61488
9.97482
9.29071
10.72278
12.66003
14.3175
12.92508
12.11714
14.02758
15.47795
14.62409
14.46525
14.04475
15.2593
13.05864
9.81899
8.64903
8.8987
9.3425
7.30776
7.78511
7.81355
8.43258
10.34118
9.97703
11.49356
11.98513
11.2025
10.21267
7.86753
7.60314
10.85894
13.21182
11.18948
14.85915
16.67993
16.63133
14.45852
12.18739
11.2803
10.84724
12.29648
13.3281
11.28605
10.16157
9.3268
9.42211
10.23828
9.3219
8.9588
10.99487
10.72316
11.55508
10.70709
8.73639
8.29058
9.18064
12.77886
15.09309
15.6406
16.69165
14.76777
10.90201
11.37908
13.59169
12.74895
12.05138
13.75327
12.50629
11.56921
13.9035
14.07496
12.98069
11.67861
12.39102
12.68387
13.41748
13.62757
13.20053
11.04109
13.82216
14.48025
15.7249
16.12112
16.80148
15.39877
15.63873
13.4604
14.62043
12.55628
12.55566
12.75572
13.04402
11.75181
11.96285
12.02505
9.71302
7.01234
9.80104
11.16972
11.80296
13.06608
12.89739
11.41539
12.55072
15.04678
15.02521
15.73848
15.33155
13.15371
12.43538
10.91843
10.41425
11.54186
11.2426
9.78308
10.172
11.96919
11.94644
14.28267
12.30611
10.95482
8.67325
6.57536
8.64218
11.39287
15.29722
15.58053
15.97457
16.08385
15.17024
14.6411
14.56808
15.7003
15.18539
14.39435
11.86549
13.36471
12.46508
8.99947
10.32417
10.60702
7.09399
6.53928
9.74569
7.11287
7.52402
8.25134
9.52105
11.88889
14.3221
16.08327
16.32309
16.217
15.34965
15.96557
15.81535
14.91247
15.32174
14.8589
14.4061
13.26852
12.88572
12.85979
10.15662
11.08072
10.62501
10.40446
7.4611
7.75248
7.79923
6.76529
5.33752
6.2318
10.71644
8.85431
10.78354
13.63853
14.91169
14.98527
14.74647
14.76854
12.53417
12.74536
12.42904
9.78253
6.78332
4.79804
5.73633
6.51292
8.85443
9.36294
10.95946
11.49754
13.25076
14.0498
14.05469
12.7181
12.00482
13.13581
14.74661
15.38974
15.51377
15.27761
15.26287
15.06282
16.51511
12.66649
13.79061
14.14819
11.47591
12.37652
13.75095
10.67324
7.876
4.84876
5.79598
7.3982
9.00562
10.55539
10.96443
13.39748
14.40484
15.3865
15.43591
16.19128
16.0838
15.33686
15.53972
14.77633
14.21176
12.6644
12.43296
12.56635
13.36488
11.08779
12.1816
10.84424
10.7792
11.19241
12.22689
12.27348
10.84213
11.01205
9.34547
11.1443
13.60318
13.16496
14.48088
15.47427
15.79676
15.77393
15.07778
14.15411
13.11018
12.25823
12.29161
11.39862
10.99456
11.72686
12.67421
13.34877
13.95754
14.03643
13.20554
13.76017
13.61225
13.51535
12.8681
13.47077
14.26638
14.40093
14.2107
15.54665
15.43003
15.45097
15.37046
14.00796
13.19203
13.03712
12.06585
11.48307
13.23839
12.67051
13.06189
11.33123
10.82826
11.11204
9.62217
10.23153
8.32423
7.99694
12.50279
11.72247
11.01583
12.37155
14.95847
13.19973
15.82196
16.31304
16.59722
15.50547
13.63408
13.65715
12.96603
11.65975
11.46027
9.49141
5.35134
7.90515
7.72862
8.64743
8.26835
5.1528
5.64526
6.09725
11.99605
13.05903
11.37061
8.35101
10.50852
13.42191
13.11186
16.67039
16.96102
14.97325
10.68943
11.3753
12.87534
12.35463
10.613
9.77739
8.45148
7.54589
6.95535
10.34634
8.75883
5.77707
4.48412
6.7165
10.02783
10.84857
12.07962
13.17943
14.96955
16.26415
16.00375
15.45876
15.70949
15.98697
15.40005
16.09195
14.75556
15.06324
14.72489
14.46199
13.78749
12.2623
13.06688
10.88998
6.80701
6.7213
10.40296
12.61626
12.26657
12.66914
12.28535
14.03685
14.68966
14.88476
14.80243
16.21015
15.51057
13.85722
11.80212
10.16075
8.90575
6.66087
8.28721
9.12296
10.09693
11.62165
10.92005
9.84034
10.58411
10.19364
10.32146
9.97679
9.55098
8.98938
7.91027
6.01956
6.26716
9.08018
13.28714
14.58577
15.81117
15.34873
13.29417
11.66737
9.39876
7.96958
8.64086
8.23365
9.2504
7.02193
8.11156
6.61286
7.68321
5.63481
5.91062
6.28491
6.59834
6.63802
7.38174
4.94731
3.3734
7.72807
13.72311
16.27708
15.61117
14.24502
13.12571
11.47275
10.37131
9.5701
10.15687
10.39468
8.80717
8.59479
6.69218
4.98401
4.58321
5.64986
6.16875
6.09967
6.70448
8.47208
9.78311
12.41324
11.99219
12.88494
15.50056
14.9056
14.76384
14.37363
11.38936
10.8174
10.36883
8.99801
10.04152
9.86141
10.69391
10.15743
10.00779
10.68959
10.08531
7.97018
8.26739
6.84314
5.48046
6.57909
4.70357
9.89291
15.26623
15.98327
15.66825
15.69193
14.18095
12.20757
8.84379
7.00004
7.94062
5.43186
1.58096
1.2023
4.24168
2.76116
0.10321
0
0.02519
0
0.37093
1.23718
2.16748
0.55082
1.71297
1.35544
0.63693
2.90644
10.40833
10.94705
12.18923
12.54843
5.54096
0.21126
0
3.08084
7.52967
8.17641
8.0073
6.55332
5.24609
5.1707
5.90473
6.05772
3.15442
2.78799
5.82739
5.39401
5.26827
5.75956
12.03327
11.453
15.5071
15.03985
13.51738
10.98304
8.50548
8.48513
8.36687
7.12679
7.23461
5.52921
3.41453
6.0986
7.19422
6.26732
6.0485
3.21656
4.94692
7.10126
7.99263
8.24685
8.94579
12.14311
14.58873
13.9055
13.91168
14.82427
14.57707
13.79506
11.86173
9.4629
7.81094
8.872
8.78465
7.55955
6.29934
6.42792
5.15966
5.5336
4.30401
4.69669
6.55335
6.93628
3.81598
1.66723
5.35547
11.1851
14.57578
15.03172
16.36719
16.2954
15.16942
13.44421
10.76992
10.13683
8.27947
7.99927
5.82442
6.51053
7.16493
5.7762
4.78022
3.34563
0.88829
2.493
2.55824
2.70591
0.5919
1.90239
5.20926
5.73108
5.93693
13.03472
16.23696
15.95124
14.31567
11.99074
8.51956
5.9362
7.02686
5.47762
5.93746
9.17847
9.41692
7.79107
5.93872
6.28344
4.86878
5.57455
5.02416
7.40928
6.15479
6.91579
6.35615
8.43763
12.6848
15.07602
16.0738
15.25945
14.06397
13.07108
13.56956
10.53148
9.6595
8.83898
7.71432
5.5772
4.24502
5.37577
4.58088
4.63927
4.52167
3.66931
8.68748
10.01333
8.59138
8.34225
8.02038
7.84397
6.63735
8.88366
13.35509
14.45951
14.21093
14.06912
10.65173
8.54002
7.11773
8.36625
8.62537
8.64888
10.16244
10.39361
9.16498
7.68961
9.31351
8.99794
8.35771
11.12541
10.75793
11.92709
10.90495
12.91888
13.06376
13.9246
13.58628
14.47415
14.98273
13.15123
10.01356
9.09097
8.54219
8.57887
8.91116
9.70794
9.4983
6.52483
6.86742
3.92156
1.56887
1.17905
1.45655
3.41577
6.75816
4.98969
8.6261
10.75686
13.11976
13.50394
12.87606
14.61906
13.41937
11.802
7.69562
5.6678
4.70436
5.66109
5.62672
7.27683
6.91967
6.95944
6.36339
6.26623
6.45304
6.23049
4.32396
4.62139
5.83325
7.73083
11.05218
13.15714
15.9728
15.57427
16.76389
16.03027
15.2889
14.56817
11.76082
8.5357
8.54331
7.05663
9.90664
10.43832
9.90359
11.89748
11.14912
8.72805
7.32041
7.25953
9.14697
10.794
9.73455
9.19871
10.20075
12.1644
13.86936
15.05522
15.06569
15.92031
15.73727
16.52923
16.3357
13.75412
13.45289
10.71683
12.68001
11.29877
9.62472
10.71604
8.80479
9.34725
8.88139
8.42599
8.60574
10.52802
8.38495
10.10441
11.58114
11.63482
15.22802
16.40453
17.15755
16.76915
15.48047
12.90989
11.47969
10.80208
9.03741
8.82038
9.57848
11.42504
13.16309
12.37958
8.29154
6.52542
8.10225
10.68562
9.85355
8.17061
9.64368
9.94672
11.03937
12.47471
12.37477
14.59696
16.03998
15.7331
15.867
13.22687
10.35699
10.90088
12.9994
13.40637
12.91005
13.01709
13.66261
12.76253
12.27726
10.66579
9.23746
8.781
9.67561
11.14363
11.47095
12.53755
13.10824
12.79042
14.75184
14.81428
15.7448
17.16456
15.81988
15.72493
14.57976
11.97111
7.82394
4.21232
7.38493
7.90001
6.97312
3.77716
0.80317
4.1734
5.9159
5.75571
4.58024
7.87348
3.31136
0
0
1.76318
9.8419
13.39787
13.82141
14.85266
16.63292
13.69801
12.3963
12.24984
14.63237
13.78241
12.51135
9.79731
8.90499
6.70084
7.03459
4.90996
4.85302
7.40612
7.69924
11.37723
13.41534
12.03269
14.30578
14.78378
15.3124
15.54453
15.9285
15.87341
16.22357
15.47266
14.32581
12.31518
10.95029
10.31488
9.35509
9.40668
9.06525
8.67854
8.05506
8.04689
10.07696
10.18271
8.6427
7.22191
6.73027
9.33339
10.15345
9.83484
13.45859
15.00866
15.8127
16.84452
14.89865
12.0957
12.10453
10.01929
9.51834
8.32774
8.57129
10.39978
9.8304
9.23974
7.46929
6.39562
6.66446
8.83484
10.71465
11.13096
10.03444
8.85101
9.26047
11.87294
15.56428
15.76549
15.53228
15.73468
13.56623
11.52277
10.46651
7.93301
7.54912
8.39517
7.64777
7.88471
7.69072
6.78451
5.84964
5.52131
6.50053
5.60728
5.64229
7.48855
7.51912
6.52743
7.40333
9.79311
14.22339
15.61766
16.23699
16.61336
15.87531
12.37644
9.43355
7.90132
6.74039
5.3983
3.8478
2.68569
3.01888
2.77435
3.49924
1.36236
0
0.28552
0.52863
1.10879
1.09978
1.0456
1.74873
1.9973
2.63842
4.54541
6.97857
6.50782
4.89351
4.4263
3.8902
1.9808
0
0
0
0
0
0
0
0
0
0
0
0
0
0
0
0
0
0
0
0
0
0
0.02501
0.01667
0
0
0
0
0
0
0
0
0
0
0
0
0
0
0
0
0
0
0
0.14269
0.54866
0.05643
0
0
0
0
0
0
0
0
0
0
0
0
0
0
0
0.13064
0.11946
0.76269
3.18965
5.93057
7.2316
6.8355
9.94491
2.05388
5.71172
4.77653
2.32351
0.69919
0.02257
0
0
0
0.49488
2.0519
2.10157
0.68191
0
0
0
0
0
0
0
0
0
0
0
0.14234
4.75748
8.88563
5.70559
2.14738
2.23763
0.49341
0
0
0.06217
0.48684
0.88192
0.78802
0.89058
1.18323
1.82314
1.6805
3.48634
7.03572
7.25731
8.96636
8.03183
10.30029
10.41039
10.51601
10.22063
6.92003
2.13464
0
1.46664
4.31441
1.82126
0.4277
0.83726
0.72211
0.47155
0.79247
0.16531
0.03947
0
0
0
0
0
0
0
0
0
0.61646
4.408
3.92926
3.00608
6.2546
2.18283
0.04592
0
0.06147
0
0
0
0
0
0
0.01237
0.25905
3.45782
3.93343
4.04334
2.7875
1.03704
1.31448
5.39671
10.81881
9.58935
9.33802
8.32468
6.45228
7.61855
7.90154
7.36869
5.91228
7.32578
5.70288
1.65317
0.72374
0.47613
1.4203
5.48823
9.84657
9.10372
5.97964
9.80403
13.99582
13.40897
12.07087
11.76456
11.37923
9.95656
7.72601
7.56657
6.17788
6.43457
7.937
8.39222
7.47568
8.1004
9.64734
9.29416
8.14826
8.76973
9.75006
8.89107
8.99614
10.09482
10.18103
11.51878
9.72047
10.993
12.49296
12.22073
11.29663
9.27499
8.67145
9.32536
10.57141
9.50439
8.71982
8.28932
8.60014
8.5639
7.32028
6.71581
6.18108
3.10596
0
0
0
0
0
0
0
0
3.91897
7.42345
11.00103
9.70456
9.07965
7.69626
8.31642
9.23374
9.35994
8.43271
9.36775
9.97283
8.13798
6.62362
4.32193
6.03024
8.3507
8.85221
9.92958
8.56062
7.72465
8.06696
11.85929
12.79337
14.37821
12.90931
10.95241
9.55388
7.28728
8.49141
8.36423
8.4499
7.31842
9.60436
8.94344
7.16286
6.94699
8.4002
8.2513
11.07742
9.79712
10.74532
11.5825
12.56916
9.97446
9.2213
12.2761
11.89567
11.46083
12.7529
12.73114
11.68804
5.08385
0.69163
0
2.68349
7.45229
8.41254
9.65558
8.20347
8.15887
6.98767
6.59553
7.73395
8.19698
9.68354
10.07757
10.02414
10.49049
11.39968
16.19303
16.06961
16.00204
15.4318
13.15303
10.70818
9.0268
8.14917
7.76306
6.83726
6.56105
5.65808
5.67439
3.76159
5.23051
3.73753
4.37642
6.23535
8.6294
4.21781
2.80661
2.1926
4.94343
7.29507
5.97218
6.30966
9.74982
12.2383
13.1748
13.01284
10.63052
7.2556
8.78005
8.9769
8.96622
8.30244
7.68131
6.80556
4.83723
5.82531
6.29346
6.02119
7.33784
7.0027
6.49658
5.78726
4.4176
4.99205
9.28203
10.28478
15.09624
14.50437
13.81439
10.84155
8.62511
8.72208
9.05191
9.23263
8.96108
8.58114
6.39006
6.08088
6.69399
5.42765
5.757
5.7251
4.55305
1.83402
3.98893
6.63527
7.3331
4.34011
2.97628
11.66134
13.95108
14.94813
13.15586
8.96045
3.41321
2.91393
6.52364
4.31949
3.12581
2.29641
2.04532
3.97222
2.04275
1.05567
1.28779
1.72586
1.94485
5.46206
9.26416
9.55333
9.42812
7.51663
10.70304
14.86532
15.22695
14.85887
12.32713
8.8724
6.78036
7.67777
8.87342
7.61168
6.03141
3.62271
3.57509
3.94232
4.86709
4.84816
2.88543
4.48616
8.38668
9.13526
9.47114
10.14542
11.65143
12.20184
8.51748
14.0817
15.56115
14.79186
14.75473
13.94869
13.82208
12.21328
12.25858
11.72652
11.16923
11.49993
10.3345
9.58578
9.05787
7.04276
8.57597
9.72312
9.34988
11.86228
11.39904
10.83642
11.64614
12.94883
13.66079
14.5003
15.72046
16.30425
13.99899
11.74632
11.02228
9.82666
11.2398
11.34095
10.7618
8.58063
6.95463
5.85879
6.14676
6.82618
7.64203
10.23188
10.48742
12.72263
12.68034
12.51581
12.67497
14.45326
14.54605
15.51291
16.39096
15.10855
14.76275
12.70931
12.02494
11.83683
11.66755
10.17014
8.75638
8.32727
7.67941
6.61045
5.35893
5.06936
5.42211
6.1173
9.29691
9.3814
6.26713
5.81406
6.7201
8.21916
9.37006
8.74948
7.85972
12.99303
13.60074
11.97551
11.32971
10.64549
10.66606
9.99001
8.32893
8.41721
6.19589
6.079
7.55239
6.75055
7.6954
7.53466
10.07163
11.36924
8.97675
9.17155
11.579
13.65008
13.9039
13.92477
14.38959
13.40907
13.42359
13.14425
13.38447
12.46834
12.63532
10.73423
8.29818
7.099
6.25106
5.32766
5.34678
4.36688
2.22804
2.63874
4.51621
6.1857
7.58441
9.4637
11.65929
11.94739
14.16753
15.45457
15.50813
14.84474
12.45075
9.73797
9.03048
9.21758
7.88974
7.93746
8.4426
7.40537
6.52726
5.45022
3.64434
3.45366
3.93123
1.80438
0.26223
0
0
0
5.45776
11.47343
13.94707
14.26659
14.4669
12.53831
11.37178
8.61703
4.74107
4.31158
6.99161
5.74847
4.32538
2.1568
1.35091
2.0598
2.11566
0.81085
0.36782
0.22961
0.66603
0.71036
0.53878
1.6134
4.07221
10.26023
14.34049
16.2071
15.34437
15.00412
13.41331
8.88003
5.68922
4.57313
4.50151
4.38703
6.95721
7.33825
3.01679
3.39019
2.15407
1.75403
1.69241
1.61832
2.02353
0.27517
0
1.64437
5.27427
6.86165
9.12812
11.37429
12.88658
12.50059
11.00417
7.56433
4.26177
3.92648
4.23172
3.31046
2.99096
2.84272
2.76232
2.0228
1.20376
0.99382
0.9171
1.7138
2.25615
1.5948
1.34967
0.98144
1.01601
6.32878
11.49491
9.06214
12.25899
13.60471
12.78119
9.13993
6.80056
4.68459
5.28502
4.30364
3.65105
3.84587
3.38035
1.48264
1.80016
2.81237
2.14567
1.87751
3.04412
2.68731
3.70519
5.45539
11.64558
13.77658
13.98917
12.91983
14.09106
13.61625
11.99831
9.18787
6.42154
3.16614
4.14051
4.21407
5.141
2.46784
1.10735
1.58312
1.0807
0.51857
0.95442
0.73515
1.77445
2.27287
1.10714
1.03264
7.80188
13.2619
11.2865
15.92726
16.25463
13.80366
12.53075
9.50458
4.85499
5.09083
5.41953
3.22511
0.82374
1.55319
1.37411
0.01692
0
0
0
0
0.01094
0.12737
0
0.86031
0.7696
3.51946
6.74436
9.73161
13.31183
12.77025
2.86084
4.48694
0.53207
3.30125
3.55237
6.78088
2.55738
0.29236
1.1991
0.10338
0.32415
1.08437
0.48744
0.6576
0.74783
0.39049
1.39787
1.11058
0.77337
3.40348
9.45148
7.41723
11.75176
10.94972
8.29495
5.89153
4.6522
2.8588
3.00318
1.47267
0.89151
0.74518
0.22374
0.07055
0.01248
0
0.79832
0
0
0
0
0.43009
0.7955
0.88428
0.84133
0.07783
0.40836
1.5869
3.55162
2.51078
1.58435
1.36617
0.16279
0.05519
0
0
0.41444
0.59602
0.17858
0
0
0
0
0
0.83827
1.90664
3.70933
2.54073
7.91276
11.12224
9.63964
10.63532
8.76751
7.13411
4.08729
2.78556
3.38972
2.72108
3.17004
3.40088
3.62756
3.26935
2.59292
0
0
0
4.01975
1.60078
1.95301
1.79672
3.82002
9.70212
10.33388
11.10236
13.03988
12.62765
10.95648
9.6454
7.55174
4.10917
3.20038
2.55088
1.93445
2.00856
0.95182
0.86125
0.94481
1.19066
1.05235
0.49083
0.05362
1.55134
0.12569
0
0.04777
0.39335
1.17662
1.89109
1.92321
1.42999
2.04311
2.16568
2.3339
0.89181
0.65487
0.13547
0.10409
0
0
0
0
0
0
0
0
0
0.50681
2.6969
5.80847
7.20788
10.59452
3.4922
3.35672
2.78361
3.75271
4.07405
4.16175
2.73263
2.68714
1.66802
2.94858
2.69321
2.18898
2.25279
1.40058
1.30873
2.05761
1.10682
0.70407
3.73445
5.69183
5.69372
5.61321
4.06756
1.82828
4.62303
9.1371
11.3922
10.75411
7.81417
4.73433
4.33949
4.58275
5.45586
4.81053
2.43257
2.26489
2.25368
1.1494
0.73478
0.98603
0.36474
0.09897
0.61372
5.18963
4.86139
5.0971
3.79201
3.40438
2.78377
3.53147
4.80358
9.92038
9.1757
7.76764
5.34155
5.8664
4.67894
3.23105
1.02126
1.09912
1.70357
2.52447
1.98746
1.85221
1.35107
1.58505
5.67861
7.13409
6.03067
6.16687
4.82741
2.36277
8.11766
11.45624
13.57866
12.95639
9.51968
6.15897
5.84891
6.68504
6.3689
6.30865
7.37918
6.13117
6.51082
4.89377
5.19366
5.70153
4.85064
4.32324
4.85032
7.41033
9.29363
11.09941
12.92827
12.76602
14.30444
12.96529
12.25073
11.49373
10.61505
11.35024
13.06031
10.73319
9.84847
9.23274
8.92308
11.91886
10.50301
9.25137
8.89711
8.08456
8.38956
10.48183
9.65468
11.45563
10.73794
11.1137
12.94959
14.57504
14.89492
15.03567
13.72918
11.65947
9.97834
7.40558
10.44089
10.11673
12.19638
11.13092
10.41654
11.81633
11.60162
9.88833
9.97724
11.21967
10.17877
11.5388
11.32708
11.73645
10.3949
10.50091
10.86257
13.90922
14.28059
14.39029
11.73294
6.96406
7.25363
7.64157
7.86481
9.87912
9.96832
8.93198
8.73536
7.95864
7.22274
6.73892
7.18354
5.13203
4.29665
7.45545
8.11063
9.71872
9.8817
11.636
12.27512
13.41914
13.732
14.06586
12.02264
12.26016
8.43062
6.43247
3.67702
3.88819
5.18663
3.78224
5.29054
4.32686
5.97178
6.04629
6.77254
6.16972
6.31676
6.84659
6.39025
5.38368
6.56715
5.7249
7.07553
9.64746
13.55947
14.92035
15.2537
13.92658
10.4677
10.88836
10.96358
10.40255
10.70084
10.94955
10.62448
9.62159
8.21824
10.50142
10.03746
8.98302
8.42273
11.12818
11.70815
11.09545
11.72454
11.2431
7.09311
7.31216
10.01034
12.15041
11.51024
11.07445
11.44309
9.54839
6.23261
5.22549
5.64376
6.24681
5.88796
6.04692
5.33421
4.86891
3.67023
3.30173
2.60404
5.31698
7.00928
7.32049
8.97735
9.54705
12.73956
12.17196
14.18139
16.21438
15.16064
11.88509
7.00365
7.10309
5.57623
4.37642
4.60894
3.17356
2.88411
3.08366
2.0886
2.38493
2.79327
3.36101
1.79935
2.91483
4.07596
4.98256
5.77048
12.1154
10.79065
6.40046
8.03683
14.11091
12.43294
12.23437
7.41057
4.77822
3.81718
3.44542
3.32066
2.07093
1.71413
0.9533
0.89505
1.13699
1.31988
1.8279
1.08463
1.96492
1.17623
0.23327
0.52781
3.93278
7.37275
9.53167
7.7603
3.29209
4.22307
5.01579
2.06617
1.50693
0
0
0
0
0
0
0
0
0
0
0
0
0
0
0.40557
1.12401
2.49311
0
0
0
0
0
0.14938
0.94791
0.87042
0.71434
0.72914
0
0
0.13685
0.27624
0.39507
0.58796
0.72987
0.52922
0.04885
0.09503
0.63639
0.51509
1.54633
6.84736
7.13064
7.65915
9.17201
10.71241
10.52154
8.41504
6.04212
2.64984
1.92214
3.06798
3.51448
2.98175
3.47886
3.90796
2.93603
2.15414
2.18326
2.71043
2.34915
1.81522
3.27669
6.44229
6.65657
7.71008
13.03461
13.23157
13.04293
13.65918
11.76007
8.19153
5.45484
4.87313
3.93179
5.7235
7.44757
5.54634
5.3975
4.66407
3.78805
2.82406
4.76808
6.67111
7.1882
7.6004
9.02296
10.1522
10.1377
13.42116
15.98901
15.57657
13.92387
12.66316
11.17257
7.32753
4.29868
4.4302
4.80069
4.07105
3.44511
2.08095
1.60514
1.75167
2.48033
2.65651
1.55283
1.66348
2.7
4.15252
3.06705
3.22039
9.25461
9.09555
10.84146
12.57361
10.88603
9.24166
6.48744
3.2646
4.98412
4.45527
3.50767
2.04345
1.2916
1.35291
1.03399
0.83735
0.40231
0.65805
0.9577
0.46551
0.47948
0.97213
0.78521
2.12223
4.01514
5.66217
7.1537
9.07836
9.20211
6.96566
5.73448
3.2323
2.22338
2.59539
2.18544
1.78605
2.07968
0.98793
0.25087
0.06087
0.46949
0.97656
1.88987
2.35621
0.70447
0.04239
0.06184
2.54987
6.13508
8.78455
11.46993
9.69898
8.09135
7.78791
5.78441
4.85329
3.81623
2.25735
1.03349
1.85365
3.03491
1.42011
2.12559
1.56627
1.65988
2.23527
2.0113
1.83308
4.54969
6.71164
3.95081
2.76467
2.1008
4.26796
9.17561
13.49082
13.03221
12.40425
10.33281
7.27344
4.73735
2.62674
2.51454
1.82993
0.68524
0
0.05915
0.40804
1.71185
2.5557
1.95663
1.92932
1.22951
0.84117
0.9441
0.96324
1.19052
8.0852
9.59828
10.03498
7.94761
8.27758
7.74726
4.78377
4.58801
4.11221
3.02297
2.65158
2.54706
1.77666
2.21927
2.35271
1.93177
1.52677
1.60739
1.72855
2.36435
4.08879
3.32827
2.6944
1.31926
0.7017
4.03473
8.63336
11.32773
9.99064
8.83256
7.29495
4.04279
3.64295
3.25576
2.31155
1.35333
1.59152
1.35389
1.45136
1.32068
0.96258
0.67071
0.67276
1.14718
1.2024
0.32024
8.2495
3.26731
1.61272
1.15825
1.66713
3.77754
6.88891
4.96839
3.97904
3.54008
2.07135
2.10103
0.80348
1.17013
2.04278
1.42444
1.42939
1.41524
0.51719
0.01495
0.08698
0.69982
1.48995
3.47503
5.03455
7.60555
6.726
5.43064
2.41336
5.51224
10.77032
8.2992
6.96508
7.0677
4.75654
2.8723
2.90803
2.90841
3.20273
1.77522
2.01178
2.48848
3.77277
2.61958
2.36062
2.10988
2.23307
2.62512
0.84097
1.82374
3.53953
4.23553
3.73937
4.51998
6.83827
8.52981
7.92915
5.41852
4.56023
3.57437
2.68165
2.67749
2.20081
3.14867
2.7469
2.71417
2.59864
2.40358
2.60331
2.52533
0.57324
0.48049
0.54452
6.06139
10.92547
11.91274
13.32435
14.26267
12.64178
11.03117
9.92368
6.30183
4.49434
5.20806
4.60728
3.93392
2.57807
1.1148
1.51953
1.58437
0.88885
0
0
0.93993
1.06161
0.36649
0.83316
4.28555
9.55316
11.45064
12.54981
12.47219
12.54286
10.55037
7.84673
5.6264
4.1634
4.53719
2.22305
1.62497
0.79705
0.64267
0.19723
0
0
0
0
0.02257
0.64186
0.09437
0.64108
3.4225
7.7691
2.55842
1.63199
1.90995
0
0
0
0.3021
0
0.59571
0.44653
0.15025
0
0
0
0
0
0
0
0
0.3131
0.61272
0.75315
1.59845
5.79027
7.58732
4.81109
0.52353
1.82159
1.43284
0.84972
0
0.19769
1.42807
1.98857
1.14621
0.65796
0
0.53507
0.06795
0.38973
0.53209
0
0
0
0
0
0
0.18007
1.57972
2.95579
3.65034
3.67372
4.0719
3.40578
2.50493
1.29412
1.70394
1.22497
0.80366
1.02023
0.8518
1.3387
1.70507
1.46742
1.34064
0.59798
0.89527
0.97503
1.39206
1.68036
1.6901
4.04237
8.32055
11.24383
12.91204
12.92314
12.32539
7.75883
5.74621
3.53959
3.98972
3.66723
2.77388
2.49573
2.4483
1.41889
1.00852
0.59973
1.27423
1.36741
2.29378
2.83918
2.36247
3.95099
7.55501
8.37691
10.10747
11.31577
11.75539
12.29495
11.90795
10.00339
6.83061
4.83147
3.79919
2.89795
1.022
1.53159
1.02082
0.78564
1.26598
1.06483
1.32096
1.63282
2.87945
2.50363
0.47317
0.31942
2.19908
9.37935
9.27426
10.03056
10.00238
11.75471
10.18529
8.85503
4.95962
2.71245
1.92092
0.95375
0.77534
1.46806
1.7964
1.69661
2.21084
2.17387
1.97069
1.98117
1.30826
0.22472
0
0.0242
1.1646
4.45803
9.00103
10.44432
12.20794
12.87229
11.19354
9.38958
5.92503
5.19764
3.31255
1.1549
1.07539
1.35111
0.4627
0.58483
0.27168
0.31374
0.47658
0.24477
1.74496
0.87136
0.55097
0.40996
0.70605
1.23192
3.63314
9.2761
10.98787
8.27235
0.32442
3.83715
3.96039
3.30763
3.57421
2.10063
1.5575
3.1532
2.15231
2.07889
1.20721
1.98736
2.9658
3.00609
5.43362
6.88389
6.25836
4.68993
7.06092
12.23158
9.35824
8.91227
12.55239
14.85456
10.8078
9.52451
8.18543
7.67844
6.97918
6.3072
7.57283
6.21925
6.31027
4.39715
3.0055
2.46287
2.08263
2.69954
4.62575
6.85076
6.8506
8.00702
8.09599
14.05108
16.09058
14.96459
15.52278
13.4036
10.78969
5.87237
5.12384
5.17518
7.60635
7.9245
6.57311
6.44377
4.82292
3.89234
4.65814
4.91034
3.16833
2.56622
3.23349
4.967
3.6097
8.10431
10.54351
11.53793
12.2114
13.56604
11.43677
11.85281
11.5129
9.16243
6.18558
6.11873
5.30651
3.16114
1.63778
0.85528
1.48748
0.87537
0
0
0.43328
0.68482
0.20013
0.34239
0.13262
1.10922
6.57989
10.64559
8.44846
4.32221
4.78776
8.91817
9.96633
10.39358
6.72795
6.17954
5.04636
2.40885
1.66168
1.01796
0.4569
0
0
0
0
0
0.20792
0.00305
0.04799
0.05648
0.8705
5.07898
3.3223
3.32871
4.60316
2.76609
0.47534
0.6843
0.58049
0.77693
0.23506
0.14582
0
0
0
0
0
0.06776
0
0
0
0.10268
0.28302
0.21845
1.62143
2.88933
3.57423
3.14838
3.49001
4.64282
3.92453
3.47757
1.76276
0.91802
0.58071
0.39384
0.57257
0.45567
0.17545
0
0
0
0.01992
0
0
0
0
0.02974
0.00682
1.3242
2.69028
4.43861
2.35712
1.65056
0.79933
1.79674
1.83258
1.941
2.05975
1.5318
0.61956
0.30664
1.83779
0.78536
0
0
0
0
0
0
0.16031
0.24165
0.24301
1.65635
3.77331
3.27174
4.41449
2.78454
1.86022
1.90135
1.28136
2.6161
1.78782
0.75337
0.45146
0.59519
4.07795
8.32487
1.96333
0.16936
0
0
0
0.29485
1.13914
0.96443
2.23612
1.04196
0.92365
0
2.32002
5.52201
3.90272
2.8581
1.25833
0.77127
1.37662
1.63257
0.34963
0.64913
0.70558
0.65041
0.37567
0
0
0
0
0.05323
0
0.42754
2.11336
1.11397
1.26624
5.79413
8.27966
9.11213
10.73071
3.79468
3.54241
2.65505
1.57242
0.58314
1.311
1.56988
1.10003
0.7794
0.75037
1.39016
1.8837
0.69853
0.50952
0.35682
0.23385
0.32889
0.37516
1.5957
5.15809
8.68879
10.25213
8.82483
8.18094
4.85712
2.26822
1.39723
1.97079
2.77393
1.56922
0.72332
0.63127
0.52544
0.48142
0.40339
0.14836
0.13719
0.1071
0.0099
0.02004
0.19707
1.70397
2.19298
3.8101
4.74423
4.47594
0
2.94953
4.82952
4.07217
3.30359
2.94501
4.22456
2.58376
1.42858
0.63423
0.5846
1.02041
0.90995
0.55148
0.23671
0.64549
0.69163
0.37004
0.22429
1.56565
2.56697
1.58073
5.91925
5.33057
8.03024
7.5049
4.79916
3.59888
2.30093
1.95702
1.49812
2.05863
1.57425
1.54133
1.04305
1.92018
2.8034
0.48689
0.372
0.34754
1.09035
4.1252
3.63982
4.33442
8.60969
9.97567
9.88287
9.78376
11.19071
9.30103
7.24638
6.60705
6.06365
5.1176
3.119
2.67537
2.40416
1.78177
2.2027
1.74591
2.30222
1.48562
1.60671
4.2333
8.15473
8.56506
9.35399
10.71524
10.94078
11.13431
10.34108
12.58243
12.89871
10.92705
8.72552
6.68628
7.14613
6.1993
7.20013
5.53846
4.91437
3.73555
3.89609
3.76883
1.357
0.81147
1.5917
6.22521
9.38561
9.1847
9.24333
8.43353
9.15004
10.75957
11.04603
11.1719
11.77966
13.01389
10.47648
8.28775
7.34028
6.47771
4.88809
4.89457
4.63193
2.03194
0.82864
1.50037
2.02138
2.12707
1.70599
2.60944
2.00818
4.4802
6.84392
8.94939
10.32035
13.40795
13.56797
12.22988
11.65213
10.13586
8.25161
8.29599
8.27666
8.16259
5.61875
4.15336
2.76351
2.44802
2.54041
3.25293
3.25202
4.34415
3.56666
5.37559
4.97762
5.7769
8.71584
9.74203
9.28013
9.99429
9.71514
11.39899
13.10966
8.11644
7.61414
7.44373
7.22291
5.72058
5.29052
3.23771
2.25355
2.51453
4.28885
2.17604
2.00595
0.77107
1.70817
2.25356
4.46886
4.46811
4.05435
3.11781
4.55268
10.52136
14.70011
14.14521
11.13584
7.79836
7.53671
7.44362
6.14515
5.78269
4.36158
3.27994
3.26479
2.96482
1.35799
1.17977
0.54086
1.81996
1.85718
2.78955
4.34994
3.60743
6.0576
8.0698
9.59785
12.56705
11.7842
11.59898
10.77561
7.13437
5.28894
6.42226
5.38953
4.26668
2.70724
1.79358
1.37289
0.71229
0.47224
0.61626
1.0478
0.84324
0.6541
1.13692
1.86652
2.81937
4.08668
5.63614
8.74385
10.20638
12.58938
11.16384
10.89219
9.29937
6.79633
6.21951
4.8351
3.33615
4.00566
3.0666
2.87816
2.42886
1.6931
0.66609
1.13698
1.36726
1.3886
1.95531
5.05799
6.86795
8.00508
7.53892
7.24723
9.24992
10.72523
10.86865
11.86452
11.62497
9.76249
9.36485
9.35354
9.14036
7.80767
8.44824
9.68391
8.84738
7.64032
7.1179
6.74855
6.17031
6.78832
8.5165
11.13577
11.69945
13.20181
13.20754
12.69434
12.91783
11.63367
11.94715
10.00362
10.47505
10.49397
11.08064
11.09697
10.19201
9.38069
8.16191
6.98193
7.37461
7.39464
7.89965
7.80374
8.55305
8.04074
11.48036
11.42582
10.68445
10.50293
11.5614
8.68898
8.73077
9.75047
12.83233
13.91945
11.07119
9.87852
8.57512
7.51895
7.23076
6.35984
7.04013
4.70584
5.33426
5.5765
5.11077
3.94766
4.3077
5.47867
6.75538
5.39683
2.94173
5.51674
7.58895
8.1139
9.79053
14.74857
15.24445
14.23654
10.60659
9.05989
7.12648
5.51593
5.11332
6.65452
3.95914
3.322
2.06095
1.85887
1.97841
3.0375
1.85585
1.47386
2.4903
6.13402
4.924
4.72762
7.1808
10.99153
12.46651
13.17031
13.72589
15.14487
11.92273
8.61957
6.48728
4.79702
5.57379
4.87254
3.60145
3.01243
2.25216
2.27871
2.65182
2.09476
1.75663
2.42704
3.89262
5.27632
6.96682
9.87546
12.95086
12.19304
12.61118
14.47608
13.22878
11.91485
9.11553
7.41055
6.64692
6.38892
6.54603
4.55563
4.90626
4.18732
3.61699
3.90566
4.92798
4.17423
3.8753
5.04556
8.57093
9.77015
9.66433
10.73804
12.29954
14.70023
14.96327
16.06818
15.1091
12.16161
11.52019
10.28725
6.65523
6.9485
5.95083
6.68974
7.00453
7.30875
7.52715
7.00114
6.83494
5.03649
4.59376
5.357
8.82182
10.36344
8.93519
10.99856
12.9369
14.13789
13.6157
16.06983
16.10442
15.51042
14.36637
13.34737
14.44293
15.1621
14.32081
11.62495
10.33376
7.99854
7.84055
9.45432
11.94491
7.44158
9.62296
7.86659
8.00623
11.03767
11.43103
12.09652
12.61563
14.22851
14.00612
14.12909
14.42447
14.19032
13.69173
12.58646
7.89673
8.71471
7.35144
6.81946
6.77465
6.8973
6.79924
5.89189
5.49287
5.85229
6.44043
7.01089
7.532
10.78982
11.13977
9.7459
10.06381
12.65701
13.18254
13.435
13.35148
13.52586
11.08463
9.54152
8.30625
10.2863
9.67485
8.83545
10.1087
10.17928
8.7834
6.08447
6.55434
7.29297
6.19853
7.46284
8.26123
7.94739
7.82345
7.29286
7.55007
9.01236
10.19236
9.29846
12.87263
13.92298
11.43516
6.85676
4.70795
5.32304
5.64311
3.86455
4.27358
4.54933
4.31757
4.342
4.31065
3.03779
2.61961
4.68312
4.96371
4.76892
4.65939
4.79543
7.69913
7.45292
9.034
12.67344
13.21758
12.86476
9.76345
6.39231
5.83934
6.13427
4.55105
2.27602
2.29765
1.65243
3.02716
4.35212
3.31292
2.11293
3.1996
1.05824
2.68315
2.14463
3.08715
3.18905
5.27752
12.37411
14.59208
15.18023
15.41273
14.02659
9.68274
9.4977
5.52461
3.44071
1.84195
1.43803
1.43386
1.80021
1.94428
2.0949
1.54855
1.20313
0.97956
1.06675
0.93606
1.7657
1.64969
3.79344
9.17845
9.37851
10.1319
9.87496
10.61109
9.8235
7.33969
5.76812
4.01611
4.01798
2.67028
1.40368
0.60054
0.56789
0.11805
0.25354
0.01014
0
0.08544
0.40271
0.20808
1.18078
3.26802
5.43552
5.21928
7.98266
7.90719
8.22147
10.21526
10.52048
9.4174
7.46364
5.76181
4.51734
3.5792
3.18401
2.55208
1.35463
0.82002
0.96956
1.13734
1.15503
1.47098
1.49428
2.84051
5.99802
7.40609
8.09535
7.67235
7.66049
11.59107
12.05176
12.17356
10.4832
9.29857
6.86885
5.17689
5.05733
4.07557
4.12217
4.05
3.78073
3.92627
3.47961
2.87354
2.65026
3.50429
3.07339
4.19715
5.38163
6.4735
7.3069
9.12077
11.18465
11.08988
12.30097
14.17614
12.5931
10.11084
7.0137
5.08772
4.5309
4.39168
4.85936
5.09311
4.51297
2.86488
3.48489
3.78073
3.52773
4.31054
3.34971
4.10327
5.15605
7.58444
9.37461
10.49809
10.99015
12.13258
12.79662
13.5105
12.23232
9.63741
6.63295
5.50726
4.7372
3.04672
4.09344
3.59457
4.50832
3.50388
2.98353
4.76751
3.60618
4.35926
3.853
3.17279
4.3518
7.93892
10.1623
10.48316
9.61997
9.71849
12.97139
15.38484
14.37502
10.78384
8.83508
7.83908
6.27454
5.66807
5.59944
6.3306
5.67033
4.63029
4.06762
4.31718
3.04118
2.55406
4.27627
5.49495
5.24326
5.46631
8.43336
11.51855
12.20272
11.65146
12.78891
13.00381
12.58687
12.06406
7.26215
6.20955
6.18129
6.04812
4.22844
3.37741
2.71946
2.44501
2.77567
1.85244
1.91495
1.75579
2.5826
0.75228
0.68336
0.21436
0.8054
2.41743
9.82154
13.76259
14.06675
14.2973
12.70497
9.33981
6.73908
5.34231
2.85684
3.03636
2.38625
0.7138
0.24212
0.22977
0
0
0
0
0
0
0
0
0.10479
0.40234
0.77359
1.79486
2.15018
2.13136
2.09187
1.50632
1.28747
1.16924
0.55212
0.51298
0.21881
0
0
0
0.05243
0
0.46286
0.4993
0.42995
0.26167
0.48534
0.5136
0.6118
1.07677
1.98941
3.84302
4.33713
3.92507
4.57542
4.78323
4.49588
3.62126
2.80211
1.44647
0.80176
1.22047
0.78724
0.55912
0.67137
0.80612
0.48004
0.65618
0.33709
0.81302
1.21338
0.42353
0.16087
1.05892
4.99994
8.89378
9.82254
9.22304
10.14121
8.39796
7.81049
8.4759
7.38807
4.63296
1.92664
1.24867
1.05713
1.21434
1.73114
1.65112
0.84166
0.3265
0
0
0.20616
0.9472
1.26994
1.84795
4.43507
9.0091
9.35117
13.95689
15.51675
12.61924
9.99923
7.44273
7.71901
6.85688
5.07213
4.7334
4.10685
2.74604
4.58303
4.26071
2.83482
2.99319
2.56001
3.02526
4.97474
5.05582
6.82356
10.78878
12.30441
12.59954
13.00835
11.78491
10.81066
8.69353
9.0006
9.45074
9.05075
9.26205
8.76684
8.10315
6.68187
4.73087
1.81221
4.04997
2.49109
1.77542
1.4577
3.40399
4.23574
6.69441
8.26495
9.85062
11.03646
12.44885
12.07966
12.2075
11.87627
9.6868
6.45641
5.76668
5.11972
3.39643
2.79008
2.2709
1.14536
2.06561
1.95209
1.10426
1.1779
0.29086
0.26263
0.2924
1.01561
2.38856
3.45636
7.62746
8.95763
10.41288
11.69792
13.88754
13.49147
10.79095
8.33609
8.94715
5.59829
4.9492
4.78259
5.02191
4.47399
3.31173
3.04371
3.08181
2.33493
4.59992
6.05484
7.75197
6.42775
7.99898
10.3551
11.35
12.40975
11.97696
12.97417
11.17359
10.53222
9.62689
8.38146
7.84383
6.43403
3.94272
8.3674
7.2825
7.54032
6.98893
6.91473
3.54865
3.17315
3.84638
3.17331
1.76745
4.0564
5.65359
7.40252
11.37752
12.75935
12.18669
12.31121
12.7614
12.68519
12.79335
9.40414
10.10562
11.12569
11.54784
11.7992
11.82865
10.13598
10.43989
12.57048
11.71815
8.84499
7.86133
7.39145
10.13341
11.13083
11.74895
13.82802
13.40212
15.05973
14.92761
14.71235
14.60612
15.70279
13.96968
11.20769
11.16747
10.80074
9.56877
10.06226
10.7949
8.26842
8.16811
7.06542
9.38449
10.20419
8.66988
6.84791
9.82957
11.2142
10.14969
10.5765
11.51019
10.03315
11.589
12.16388
13.10869
11.30501
12.49105
12.52262
9.84145
9.74653
8.32571
5.49157
6.24603
8.35993
6.93919
5.29415
5.28894
3.4583
3.18887
4.799
6.15954
8.38454
8.54719
8.92484
9.9585
10.57894
12.95873
13.32248
12.8778
13.09176
12.35339
12.01229
12.94961
12.28097
11.38402
8.58166
7.36635
5.11371
4.25633
5.08915
5.2781
5.37264
5.1144
6.55016
8.19234
10.35331
11.29965
11.99152
12.72726
12.30377
12.50801
13.42094
13.64635
11.80551
13.27062
11.3831
10.16191
9.48867
9.33532
10.23701
10.28394
9.61641
7.64861
4.06439
3.04755
3.27158
3.77052
4.35828
6.66967
10.51184
10.38225
10.92538
11.3592
11.23737
12.96925
13.38311
12.78607
12.70523
10.52565
10.50427
11.45202
10.66728
8.82202
6.9393
5.76453
5.64908
5.35195
5.16012
5.39544
4.05977
5.37831
4.37889
3.27632
4.07662
7.68918
7.55691
8.37697
11.48088
10.28438
11.6707
11.63016
11.13297
11.45146
9.64446
9.66916
8.68843
8.07529
7.41173
6.43614
6.44113
5.12874
4.83354
6.0492
6.56233
4.95843
3.12481
5.09595
4.34464
5.33056
6.22828
9.29985
11.894
11.65867
12.23157
13.29214
12.09266
11.32839
10.57384
9.96441
8.97713
8.26661
7.80734
7.64843
7.55846
8.42582
8.50772
8.38538
7.58173
8.88067
7.11837
6.56009
8.69398
10.22847
10.72318
12.57783
13.47843
13.59946
12.03342
12.51452
12.19698
10.47338
11.81926
10.4198
11.62467
10.72478
10.69432
9.43926
8.73363
8.21597
7.69212
6.80225
6.23431
7.23605
8.27432
10.73741
10.25458
9.53839
9.37261
10.65889
10.54781
10.54411
12.07876
13.65407
12.85235
10.90819
12.38604
9.72113
9.81685
12.77006
11.39131
12.70793
0
0
0
0
0
0
0
0
0
0
0
0
0
0
0
0
0
0
0
0
0
0
0
0