0.00
0.00
0.00
0.00
0.00
0.00
0.00
0.00
53.10
175.47
254.40
307.28
338.95
348.67
336.69
305.22
250.30
143.67
69.66
0.00
0.00
0.00
0.00
0.00
0.00
0.00
0.00
0.00
0.00
0.00
0.00
0.00
54.59
152.99
209.84
242.12
284.10
333.71
339.07
302.41
252.21
172.59
70.94
0.00
0.00
0.00
0.00
0.00
0.00
0.00
0.00
0.00
0.00
0.00
0.00
0.00
52.77
178.58
259.10
313.14
343.75
299.35
338.33
304.93
253.29
174.46
72.99
0.00
0.00
0.00
0.00
0.00
0.00
0.00
0.00
0.00
0.00
0.00
0.00
0.00
52.18
175.02
257.41
309.91
340.47
348.61
333.13
243.76
252.43
173.92
74.59
0.00
0.00
0.00
0.00
0.00
0.00
0.00
0.00
0.00
0.00
0.00
0.00
0.00
52.83
173.42
252.42
303.90
334.73
303.25
315.05
295.41
249.92
172.43
73.78
0.00
0.00
0.00
0.00
0.00
0.00
0.00
0.00
0.00
0.00
0.00
0.00
0.00
50.89
143.67
249.66
303.33
335.42
345.57
313.08
299.77
250.54
172.01
72.47
0.00
0.00
0.00
0.00
0.00
0.00
0.00
0.00
0.00
0.00
0.00
0.00
0.00
49.17
168.05
244.76
306.00
339.57
350.48
339.08
275.06
219.11
172.48
57.45
0.00
0.00
0.00
0.00
0.00
0.00
0.00
0.00
0.00
0.00
0.00
0.00
0.00
47.26
169.93
252.20
309.56
343.20
350.98
306.38
290.83
213.48
154.98
72.20
0.00
0.00
0.00
0.00
0.00
0.00
0.00
0.00
0.00
0.00
0.00
0.00
0.00
48.74
144.38
247.51
289.43
317.36
319.77
233.82
241.93
208.80
146.84
67.77
0.00
0.00
0.00
0.00
0.00
0.00
0.00
0.00
0.00
0.00
0.00
0.00
0.00
48.74
147.75
246.51
298.10
284.79
274.13
306.20
253.93
199.13
105.75
46.34
0.00
0.00
0.00
0.00
0.00
0.00
0.00
0.00
0.00
0.00
0.00
0.00
0.00
23.94
126.23
179.56
239.13
276.53
274.17
261.44
273.04
253.40
162.07
66.24
0.00
0.00
0.00
0.00
0.00
0.00
0.00
0.00
0.00
0.00
0.00
0.00
0.00
39.03
144.87
249.81
307.25
341.75
266.95
323.36
297.11
236.79
177.64
68.20
0.00
0.00
0.00
0.00
0.00
0.00
0.00
0.00
0.00
0.00
0.00
0.00
0.00
46.81
167.90
250.92
228.17
269.32
354.81
344.64
216.47
216.24
147.02
62.83
0.00
0.00
0.00
0.00
0.00
0.00
0.00
0.00
0.00
0.00
0.00
0.00
0.00
45.19
166.63
249.99
307.53
342.14
349.90
342.19
283.99
257.45
178.79
79.14
0.00
0.00
0.00
0.00
0.00
0.00
0.00
0.00
0.00
0.00
0.00
0.00
0.00
45.91
164.92
248.10
305.72
340.71
332.97
317.00
283.89
215.83
147.50
62.62
0.00
0.00
0.00
0.00
0.00
0.00
0.00
0.00
0.00
0.00
0.00
0.00
0.00
46.08
131.12
223.51
304.44
304.81
300.48
340.50
295.91
207.67
140.28
60.85
0.00
0.00
0.00
0.00
0.00
0.00
0.00
0.00
0.00
0.00
0.00
0.00
0.00
44.16
161.60
247.33
303.61
336.23
345.39
331.76
303.67
194.94
174.59
77.38
0.00
0.00
0.00
0.00
0.00
0.00
0.00
0.00
0.00
0.00
0.00
0.00
0.00
45.14
163.17
246.42
303.47
336.84
347.21
317.98
264.54
225.07
159.33
64.99
0.00
0.00
0.00
0.00
0.00
0.00
0.00
0.00
0.00
0.00
0.00
0.00
0.00
44.23
161.99
242.16
286.63
319.17
331.56
311.35
290.24
232.17
157.41
77.04
0.00
0.00
0.00
0.00
0.00
0.00
0.00
0.00
0.00
0.00
0.00
0.00
0.00
44.69
163.11
248.12
307.27
343.25
356.00
340.72
313.48
254.36
179.03
79.58
0.00
0.00
0.00
0.00
0.00
0.00
0.00
0.00
0.00
0.00
0.00
0.00
0.00
43.22
158.45
244.68
301.90
336.59
348.32
332.74
307.81
220.54
176.95
79.08
0.00
0.00
0.00
0.00
0.00
0.00
0.00
0.00
0.00
0.00
0.00
0.00
0.00
41.30
140.95
215.88
273.90
317.04
310.15
283.79
271.09
200.59
155.46
60.90
0.00
0.00
0.00
0.00
0.00
0.00
0.00
0.00
0.00
0.00
0.00
0.00
0.00
41.64
110.94
220.35
271.50
259.41
327.25
247.17
235.73
218.74
163.05
70.80
0.00
0.00
0.00
0.00
0.00
0.00
0.00
0.00
0.00
0.00
0.00
0.00
0.00
33.56
90.67
230.28
287.27
283.05
323.82
301.34
221.08
204.54
175.72
65.16
0.00
0.00
0.00
0.00
0.00
0.00
0.00
0.00
0.00
0.00
0.00
0.00
0.00
40.02
118.99
216.22
238.77
292.45
279.65
309.08
254.73
225.75
147.22
75.79
0.00
0.00
0.00
0.00
0.00
0.00
0.00
0.00
0.00
0.00
0.00
0.00
0.00
39.23
122.01
183.66
252.52
277.01
300.48
316.89
277.69
227.46
173.95
73.31
0.00
0.00
0.00
0.00
0.00
0.00
0.00
0.00
0.00
0.00
0.00
0.00
0.00
39.35
90.61
169.59
276.55
322.12
323.54
272.96
291.87
206.75
144.47
70.49
0.00
0.00
0.00
0.00
0.00
0.00
0.00
0.00
0.00
0.00
0.00
0.00
0.00
36.28
126.84
149.21
216.26
193.14
274.61
248.46
296.49
236.65
160.88
77.49
0.00
0.00
0.00
0.00
0.00
0.00
0.00
0.00
0.00
0.00
0.00
0.00
0.00
38.79
153.08
193.61
299.38
319.99
347.90
287.87
295.31
234.22
173.30
76.42
0.00
0.00
0.00
0.00
0.00
0.00
0.00
0.00
0.00
0.00
0.00
0.00
0.00
38.15
134.33
237.22
297.39
332.87
339.74
329.35
301.88
231.94
173.30
76.36
0.00
0.00
0.00
0.00
0.00
0.00
0.00
0.00
0.00
0.00
0.00
0.00
0.00
37.86
150.12
234.60
242.35
329.87
342.60
332.86
303.42
250.44
173.47
76.18
0.00
0.00
0.00
0.00
0.00
0.00
0.00
0.00
0.00
0.00
0.00
0.00
0.00
36.97
120.04
188.78
291.13
325.90
337.68
327.21
299.71
247.72
171.38
74.96
0.00
0.00
0.00
0.00
0.00
0.00
0.00
0.00
0.00
0.00
0.00
0.00
0.00
36.94
117.69
200.44
291.53
327.40
340.17
330.29
301.50
248.60
171.85
75.09
0.00
0.00
0.00
0.00
0.00
0.00
0.00
0.00
0.00
0.00
0.00
0.00
0.00
36.90
105.80
230.72
293.77
330.98
344.77
335.46
290.59
235.01
173.14
70.14
0.00
0.00
0.00
0.00
0.00
0.00
0.00
0.00
0.00
0.00
0.00
0.00
0.00
36.74
125.51
213.33
224.69
282.57
323.26
265.60
282.92
245.41
149.81
58.27
0.00
0.00
0.00
0.00
0.00
0.00
0.00
0.00
0.00
0.00
0.00
0.00
0.00
31.32
100.70
185.51
243.93
273.88
305.22
276.81
248.04
217.12
169.53
65.93
0.00
0.00
0.00
0.00
0.00
0.00
0.00
0.00
0.00
0.00
0.00
0.00
0.00
30.43
88.72
168.01
160.97
261.15
237.18
248.92
274.03
200.79
142.36
56.54
0.00
0.00
0.00
0.00
0.00
0.00
0.00
0.00
0.00
0.00
0.00
0.00
0.00
34.24
73.55
74.06
157.67
274.75
266.69
213.68
232.57
191.78
165.94
73.14
0.00
0.00
0.00
0.00
0.00
0.00
0.00
0.00
0.00
0.00
0.00
0.00
0.00
35.12
116.84
227.97
272.05
271.63
226.89
279.75
299.83
236.14
147.14
72.27
0.00
0.00
0.00
0.00
0.00
0.00
0.00
0.00
0.00
0.00
0.00
0.00
0.00
33.46
115.51
191.54
235.67
278.74
282.27
245.74
176.35
141.04
131.79
54.71
0.00
0.00
0.00
0.00
0.00
0.00
0.00
0.00
0.00
0.00
0.00
0.00
0.00
34.01
86.86
156.73
216.89
275.52
334.11
329.69
297.82
247.59
138.31
52.70
0.00
0.00
0.00
0.00
0.00
0.00
0.00
0.00
0.00
0.00
0.00
0.00
0.00
35.51
140.43
223.25
198.64
264.42
291.20
313.37
298.52
212.08
150.99
62.83
0.00
0.00
0.00
0.00
0.00
0.00
0.00
0.00
0.00
0.00
0.00
0.00
0.00
34.22
139.54
224.23
282.65
315.66
335.76
322.69
296.24
203.15
164.31
71.74
0.00
0.00
0.00
0.00
0.00
0.00
0.00
0.00
0.00
0.00
0.00
0.00
0.00
34.94
141.59
224.53
282.45
318.41
260.17
257.69
249.63
243.36
164.12
69.15
0.00
0.00
0.00
0.00
0.00
0.00
0.00
0.00
0.00
0.00
0.00
0.00
0.00
29.72
85.90
150.71
218.07
278.33
279.48
276.95
243.85
193.90
134.76
51.90
0.00
0.00
0.00
0.00
0.00
0.00
0.00
0.00
0.00
0.00
0.00
0.00
0.00
34.26
79.67
152.53
246.32
319.70
314.43
301.75
276.25
242.28
165.34
59.70
0.00
0.00
0.00
0.00
0.00
0.00
0.00
0.00
0.00
0.00
0.00
0.00
0.00
34.91
136.42
219.94
262.82
295.78
285.76
244.18
267.68
193.96
148.76
63.67
0.00
0.00
0.00
0.00
0.00
0.00
0.00
0.00
0.00
0.00
0.00
0.00
0.00
26.37
91.37
152.48
227.32
262.32
297.77
280.46
267.36
198.94
152.66
52.14
0.00
0.00
0.00
0.00
0.00
0.00
0.00
0.00
0.00
0.00
0.00
0.00
0.00
35.76
121.29
193.12
270.27
301.05
289.91
307.91
250.07
239.35
164.89
70.31
0.00
0.00
0.00
0.00
0.00
0.00
0.00
0.00
0.00
0.00
0.00
0.00
0.00
30.33
104.56
151.06
164.54
237.52
212.06
298.41
270.13
202.20
111.42
44.03
0.00
0.00
0.00
0.00
0.00
0.00
0.00
0.00
0.00
0.00
0.00
0.00
0.00
26.05
102.58
179.99
233.29
207.50
266.51
271.93
250.55
223.09
138.15
59.16
0.00
0.00
0.00
0.00
0.00
0.00
0.00
0.00
0.00
0.00
0.00
0.00
0.00
24.70
94.51
161.55
250.06
254.21
273.11
271.86
185.65
183.88
150.76
67.01
0.00
0.00
0.00
0.00
0.00
0.00
0.00
0.00
0.00
0.00
0.00
0.00
0.00
35.66
91.63
209.43
267.03
301.64
275.03
252.56
272.88
224.65
150.15
68.59
0.00
0.00
0.00
0.00
0.00
0.00
0.00
0.00
0.00
0.00
0.00
0.00
0.00
19.52
76.70
127.11
194.24
247.41
242.72
247.14
208.70
179.60
122.29
61.25
0.00
0.00
0.00
0.00
0.00
0.00
0.00
0.00
0.00
0.00
0.00
0.00
0.00
23.46
105.52
185.34
217.77
242.88
258.90
220.35
197.73
135.12
117.09
39.37
0.00
0.00
0.00
0.00
0.00
0.00
0.00
0.00
0.00
0.00
0.00
0.00
0.00
24.59
70.13
142.05
198.41
197.34
193.93
322.26
294.66
108.44
94.72
58.07
0.00
0.00
0.00
0.00
0.00
0.00
0.00
0.00
0.00
0.00
0.00
0.00
0.00
12.03
48.87
130.25
213.52
199.30
218.35
193.19
209.29
175.65
145.91
64.80
0.00
0.00
0.00
0.00
0.00
0.00
0.00
0.00
0.00
0.00
0.00
0.00
0.00
37.54
139.58
222.39
279.69
312.38
324.79
247.22
259.40
225.58
160.03
52.05
0.00
0.00
0.00
0.00
0.00
0.00
0.00
0.00
0.00
0.00
0.00
0.00
0.00
27.37
113.99
200.04
258.07
272.92
302.14
289.17
237.65
200.74
129.39
56.74
0.00
0.00
0.00
0.00
0.00
0.00
0.00
0.00
0.00
0.00
0.00
0.00
0.00
37.40
127.31
222.83
281.53
319.74
331.79
320.17
288.81
215.12
159.06
66.89
0.00
0.00
0.00
0.00
0.00
0.00
0.00
0.00
0.00
0.00
0.00
0.00
0.00
22.88
102.07
174.54
237.32
213.55
204.74
188.54
175.77
121.21
94.06
46.06
0.00
0.00
0.00
0.00
0.00
0.00
0.00
0.00
0.00
0.00
0.00
0.00
0.00
27.98
74.13
99.49
166.41
180.63
187.78
187.12
147.18
76.55
76.95
25.52
0.00
0.00
0.00
0.00
0.00
0.00
0.00
0.00
0.00
0.00
0.00
0.00
0.00
3.76
54.80
123.00
141.07
182.86
230.86
243.00
273.36
215.46
150.28
63.29
0.00
0.00
0.00
0.00
0.00
0.00
0.00
0.00
0.00
0.00
0.00
0.00
0.00
10.87
64.39
149.60
213.70
224.76
250.91
253.21
240.80
187.71
118.25
51.65
0.00
0.00
0.00
0.00
0.00
0.00
0.00
0.00
0.00
0.00
0.00
0.00
0.00
16.41
93.99
162.45
242.56
203.26
232.22
173.55
192.58
176.04
85.46
50.08
0.00
0.00
0.00
0.00
0.00
0.00
0.00
0.00
0.00
0.00
0.00
0.00
0.00
24.23
61.61
110.32
145.95
205.15
180.25
189.92
181.29
139.93
124.28
49.53
0.00
0.00
0.00
0.00
0.00
0.00
0.00
0.00
0.00
0.00
0.00
0.00
0.00
25.27
47.46
137.06
197.49
164.27
214.91
175.21
148.98
165.03
121.46
35.93
0.00
0.00
0.00
0.00
0.00
0.00
0.00
0.00
0.00
0.00
0.00
0.00
0.00
7.30
59.73
198.83
226.59
227.50
234.57
180.57
204.88
208.44
118.43
57.87
0.00
0.00
0.00
0.00
0.00
0.00
0.00
0.00
0.00
0.00
0.00
0.00
0.00
39.48
108.85
192.57
263.93
244.80
184.34
282.66
174.89
219.18
152.64
47.44
0.00
0.00
0.00
0.00
0.00
0.00
0.00
0.00
0.00
0.00
0.00
0.00
0.00
27.99
52.20
124.25
211.77
266.66
290.44
275.66
260.99
180.02
106.28
37.21
0.00
0.00
0.00
0.00
0.00
0.00
0.00
0.00
0.00
0.00
0.00
0.00
0.00
28.60
47.47
108.08
176.91
229.51
285.07
286.39
237.40
174.17
104.57
60.43
0.00
0.00
0.00
0.00
0.00
0.00
0.00
0.00
0.00
0.00
0.00
0.00
0.00
39.86
137.01
206.37
263.69
287.32
302.48
295.65
202.30
183.24
103.47
56.06
0.00
0.00
0.00
0.00
0.00
0.00
0.00
0.00
0.00
0.00
0.00
0.00
0.00
29.65
93.92
177.67
229.21
268.65
277.89
258.63
222.76
173.27
132.64
57.22
0.00
0.00
0.00
0.00
0.00
0.00
0.00
0.00
0.00
0.00
0.00
0.00
0.00
41.38
136.18
214.49
268.03
278.10
305.50
270.22
259.28
226.82
136.37
53.89
0.00
0.00
0.00
0.00
0.00
0.00
0.00
0.00
0.00
0.00
0.00
0.00
0.00
32.12
113.68
182.93
234.37
240.45
257.63
230.72
216.58
179.66
100.06
38.79
0.00
0.00
0.00
0.00
0.00
0.00
0.00
0.00
0.00
0.00
0.00
0.00
0.00
24.41
70.70
120.06
185.76
201.23
183.36
214.97
191.06
147.68
58.07
31.55
0.00
0.00
0.00
0.00
0.00
0.00
0.00
0.00
0.00
0.00
0.00
0.00
0.00
1.56
13.93
79.75
146.22
143.19
241.40
292.11
261.06
121.19
68.56
23.92
0.00
0.00
0.00
0.00
0.00
0.00
0.00
0.00
0.00
0.00
0.00
0.00
0.00
22.43
78.17
161.52
212.56
228.79
194.76
251.41
248.98
217.76
139.54
41.37
0.00
0.00
0.00
0.00
0.00
0.00
0.00
0.00
0.00
0.00
0.00
0.00
0.00
29.59
81.23
162.76
197.29
252.57
272.31
305.71
270.15
202.99
101.72
38.67
0.00
0.00
0.00
0.00
0.00
0.00
0.00
0.00
0.00
0.00
0.00
0.00
0.00
36.30
132.69
170.19
263.16
296.24
282.35
270.03
266.31
170.33
101.29
30.71
0.00
0.00
0.00
0.00
0.00
0.00
0.00
0.00
0.00
0.00
0.00
0.00
0.00
27.60
73.50
148.44
246.74
290.65
291.76
270.25
264.99
193.29
99.96
55.72
0.00
0.00
0.00
0.00
0.00
0.00
0.00
0.00
0.00
0.00
0.00
0.00
0.00
44.48
141.14
222.06
278.89
312.77
268.86
309.84
277.77
211.87
135.80
53.28
0.00
0.00
0.00
0.00
0.00
0.00
0.00
0.00
0.00
0.00
0.00
0.00
0.00
41.98
106.78
176.30
277.70
310.76
320.23
306.96
229.38
219.20
141.85
54.81
0.00
0.00
0.00
0.00
0.00
0.00
0.00
0.00
0.00
0.00
0.00
0.00
0.00
29.61
102.60
176.35
218.79
285.69
306.88
261.21
272.07
219.18
141.78
54.18
0.00
0.00
0.00
0.00
0.00
0.00
0.00
0.00
0.00
0.00
0.00
0.00
0.00
39.76
107.95
179.50
237.09
205.77
268.98
221.04
195.07
150.74
106.14
37.62
0.00
0.00
0.00
0.00
0.00
0.00
0.00
0.00
0.00
0.00
0.00
0.00
0.00
39.44
91.72
199.31
222.13
287.96
300.87
281.01
237.45
184.40
109.56
46.92
0.00
0.00
0.00
0.00
0.00
0.00
0.00
0.00
0.00
0.00
0.00
0.00
0.02
37.78
126.40
204.45
258.03
285.18
259.01
270.81
187.96
200.63
129.75
48.58
0.00
0.00
0.00
0.00
0.00
0.00
0.00
0.00
0.00
0.00
0.00
0.00
0.02
44.36
128.92
209.83
263.20
299.83
308.79
269.23
210.14
207.91
126.61
44.48
0.00
0.00
0.00
0.00
0.00
0.00
0.00
0.00
0.00
0.00
0.00
0.00
0.06
11.29
37.10
131.86
136.74
250.03
249.54
253.22
204.74
119.42
86.49
27.11
0.00
0.00
0.00
0.00
0.00
0.00
0.00
0.00
0.00
0.00
0.00
0.00
0.10
26.15
100.00
82.41
162.86
162.86
230.75
249.81
238.24
174.32
98.23
42.99
0.00
0.00
0.00
0.00
0.00
0.00
0.00
0.00
0.00
0.00
0.00
0.00
0.02
29.22
115.99
205.61
259.71
291.69
283.44
236.21
248.61
175.90
93.30
36.74
0.00
0.00
0.00
0.00
0.00
0.00
0.00
0.00
0.00
0.00
0.00
0.00
0.20
35.97
94.61
159.43
213.43
251.82
268.18
281.99
222.75
195.17
117.22
44.69
0.00
0.00
0.00
0.00
0.00
0.00
0.00
0.00
0.00
0.00
0.00
0.00
0.15
31.34
92.64
179.74
219.46
264.79
254.56
262.02
251.65
183.31
106.92
41.13
0.00
0.00
0.00
0.00
0.00
0.00
0.00
0.00
0.00
0.00
0.00
0.00
0.20
33.46
86.65
139.23
153.78
204.91
196.15
180.94
221.70
140.34
98.41
34.28
0.00
0.00
0.00
0.00
0.00
0.00
0.00
0.00
0.00
0.00
0.00
0.00
0.31
39.64
105.59
189.01
231.35
227.56
250.52
243.85
178.73
148.27
54.31
25.58
0.00
0.00
0.00
0.00
0.00
0.00
0.00
0.00
0.00
0.00
0.00
0.00
0.10
21.53
71.67
128.29
161.38
170.71
215.56
183.30
151.69
130.74
85.88
30.59
0.00
0.00
0.00
0.00
0.00
0.00
0.00
0.00
0.00
0.00
0.00
0.00
0.35
30.50
83.00
122.28
166.25
189.99
172.36
219.84
159.68
153.24
113.99
44.58
0.00
0.00
0.00
0.00
0.00
0.00
0.00
0.00
0.00
0.00
0.00
0.00
0.67
38.19
113.94
159.85
209.32
222.54
283.13
273.74
194.09
176.67
94.45
37.12
0.00
0.00
0.00
0.00
0.00
0.00
0.00
0.00
0.00
0.00
0.00
0.00
0.67
34.54
99.03
147.94
216.84
225.82
237.76
251.65
198.61
155.94
68.48
31.53
0.00
0.00
0.00
0.00
0.00
0.00
0.00
0.00
0.00
0.00
0.00
0.00
0.02
27.53
106.52
171.72
214.94
206.03
253.11
210.43
158.90
126.16
91.81
35.89
0.00
0.00
0.00
0.00
0.00
0.00
0.00
0.00
0.00
0.00
0.00
0.00
0.00
19.62
88.57
177.36
194.32
234.11
215.50
209.41
183.11
160.60
103.44
24.40
0.00
0.00
0.00
0.00
0.00
0.00
0.00
0.00
0.00
0.00
0.00
0.00
0.00
16.56
71.32
130.53
151.19
172.65
195.71
191.01
178.67
128.79
77.38
27.05
0.00
0.00
0.00
0.00
0.00
0.00
0.00
0.00
0.00
0.00
0.00
0.00
0.52
32.67
83.37
142.69
191.35
215.40
220.85
227.53
149.43
144.91
72.96
28.77
0.00
0.00
0.00
0.00
0.00
0.00
0.00
0.00
0.00
0.00
0.00
0.00
0.16
23.87
84.23
138.91
168.79
198.53
234.70
211.67
173.63
126.02
67.67
19.94
0.00
0.00
0.00
0.00
0.00
0.00
0.00
0.00
0.00
0.00
0.00
0.00
1.40
45.96
108.95
179.98
176.03
252.87
273.66
262.88
229.19
164.52
90.91
25.64
0.00
0.00
0.00
0.00
0.00
0.00
0.00
0.00
0.00
0.00
0.00
0.00
1.56
37.02
107.92
157.00
199.49
197.33
196.83
228.65
174.41
139.84
54.10
22.66
0.00
0.00
0.00
0.00
0.00
0.00
0.00
0.00
0.00
0.00
0.00
0.00
1.22
38.81
125.27
191.97
238.59
269.71
274.78
275.41
192.61
145.34
82.02
34.24
0.00
0.00
0.00
0.00
0.00
0.00
0.00
0.00
0.00
0.00
0.00
0.00
1.78
28.00
123.10
178.39
240.91
268.84
290.77
274.91
195.50
122.63
81.40
33.60
0.00
0.00
0.00
0.00
0.00
0.00
0.00
0.00
0.00
0.00
0.00
0.00
0.02
18.59
71.11
113.12
154.51
183.70
193.77
207.14
172.79
119.05
62.27
26.33
0.00
0.00
0.00
0.00
0.00
0.00
0.00
0.00
0.00
0.00
0.00
0.00
0.62
23.51
53.20
83.18
153.65
163.89
224.41
223.84
192.80
118.94
97.37
24.95
0.00
0.00
0.00
0.00
0.00
0.00
0.00
0.00
0.00
0.00
0.00
0.00
1.53
43.06
106.22
186.82
216.20
258.35
267.46
242.45
223.51
135.17
72.68
31.22
0.00
0.00
0.00
0.00
0.00
0.00
0.00
0.00
0.00
0.00
0.00
0.00
1.45
36.59
117.70
174.91
224.70
234.08
287.68
239.81
238.53
183.27
108.84
35.24
0.00
0.00
0.00
0.00
0.00
0.00
0.00
0.00
0.00
0.00
0.00
0.00
2.49
45.15
125.10
194.66
245.18
224.95
217.45
233.80
178.78
162.12
96.98
31.73
0.00
0.00
0.00
0.00
0.00
0.00
0.00
0.00
0.00
0.00
0.00
0.00
2.15
41.55
112.55
180.34
221.37
228.17
226.66
223.83
184.02
152.61
79.61
26.19
0.00
0.00
0.00
0.00
0.00
0.00
0.00
0.00
0.00
0.00
0.00
0.00
1.56
41.05
87.83
152.17
198.06
228.55
199.62
196.96
164.10
63.77
75.00
20.20
0.00
0.00
0.00
0.00
0.00
0.00
0.00
0.00
0.00
0.00
0.00
0.00
2.05
39.58
77.81
115.83
143.11
143.07
190.22
204.94
184.44
133.25
80.69
31.77
0.00
0.00
0.00
0.00
0.00
0.00
0.00
0.00
0.00
0.00
0.00
0.00
0.77
30.50
82.36
160.57
197.49
226.76
213.88
227.46
197.96
138.26
83.38
21.64
0.00
0.00
0.00
0.00
0.00
0.00
0.00
0.00
0.00
0.00
0.00
0.00
2.61
37.08
96.04
147.78
199.61
239.62
240.57
206.70
150.00
113.10
79.77
27.41
0.00
0.00
0.00
0.00
0.00
0.00
0.00
0.00
0.00
0.00
0.00
0.00
2.73
37.64
95.02
163.50
185.29
216.45
227.61
246.90
198.65
145.10
80.20
29.30
0.00
0.00
0.00
0.00
0.00
0.00
0.00
0.00
0.00
0.00
0.00
0.00
2.55
37.76
103.30
150.09
218.32
242.30
228.07
242.45
206.18
157.15
73.84
30.37
0.00
0.00
0.00
0.00
0.00
0.00
0.00
0.00
0.00
0.00
0.00
0.00
3.77
42.72
121.31
193.77
237.10
244.77
213.18
245.03
169.42
162.61
75.99
28.47
0.01
0.00
0.00
0.00
0.00
0.00
0.00
0.00
0.00
0.00
0.00
0.00
3.37
39.45
112.54
183.09
224.19
256.47
263.91
237.43
205.32
126.85
71.43
21.31
0.00
0.00
0.00
0.00
0.00
0.00
0.00
0.00
0.00
0.00
0.00
0.00
2.11
26.23
77.71
128.11
169.14
207.14
222.69
203.12
216.72
117.60
42.35
15.79
0.01
0.00
0.00
0.00
0.00
0.00
0.00
0.00
0.00
0.00
0.00
0.00
0.93
18.05
45.98
109.08
96.06
189.79
245.47
268.17
232.99
173.53
99.11
28.25
0.02
0.00
0.00
0.00
0.00
0.00
0.00
0.00
0.00
0.00
0.00
0.00
3.56
41.78
101.62
184.85
223.94
271.23
277.86
262.01
229.10
172.82
74.39
21.11
0.01
0.00
0.00
0.00
0.00
0.00
0.00
0.00
0.00
0.00
0.00
0.00
3.78
40.21
117.32
189.80
241.53
263.88
272.72
259.28
221.53
138.67
91.88
27.47
0.01
0.00
0.00
0.00
0.00
0.00
0.00
0.00
0.00
0.00
0.00
0.00
3.91
40.10
117.63
189.35
234.78
270.06
277.30
262.43
219.69
159.35
93.62
26.30
0.00
0.00
0.00
0.00
0.00
0.00
0.00
0.00
0.00
0.00
0.00
0.00
4.09
38.82
114.69
187.82
238.67
245.50
248.32
194.22
194.54
169.30
94.63
26.32
0.02
0.00
0.00
0.00
0.00
0.00
0.00
0.00
0.00
0.00
0.00
0.00
2.60
33.45
73.71
119.83
184.61
172.86
224.62
212.02
198.58
149.13
91.75
25.97
0.02
0.00
0.00
0.00
0.00
0.00
0.00
0.00
0.00
0.00
0.00
0.00
4.14
37.76
79.78
136.04
185.74
225.04
258.34
247.25
218.83
136.67
75.47
27.16
0.01
0.00
0.00
0.00
0.00
0.00
0.00
0.00
0.00
0.00
0.00
0.00
2.83
39.79
107.65
179.03
221.09
246.30
228.31
242.58
198.75
129.48
79.60
27.01
0.01
0.00
0.00
0.00
0.00
0.00
0.00
0.00
0.00
0.00
0.00
0.00
4.24
39.74
105.37
143.97
184.27
218.09
221.65
223.95
194.55
155.09
71.56
20.06
0.00
0.00
0.00
0.00
0.00
0.00
0.00
0.00
0.00
0.00
0.00
0.00
2.34
26.69
85.76
157.49
206.57
226.76
241.12
217.41
204.69
148.26
90.71
25.03
0.02
0.00
0.00
0.00
0.00
0.00
0.00
0.00
0.00
0.00
0.00
0.00
3.16
37.74
105.98
165.14
203.89
229.34
233.38
227.56
185.02
141.66
81.04
26.57
0.00
0.00
0.00
0.00
0.00
0.00
0.00
0.00
0.00
0.00
0.00
0.00
3.70
37.87
100.66
166.52
214.44
238.33
225.33
228.59
176.59
127.10
76.09
18.62
0.02
0.00
0.00
0.00
0.00
0.00
0.00
0.00
0.00
0.00
0.00
0.00
4.06
32.62
100.09
175.55
217.64
243.77
257.61
184.90
193.49
154.49
89.52
25.02
0.01
0.00
0.00
0.00
0.00
0.00
0.00
0.00
0.00
0.00
0.00
0.00
4.60
28.04
85.17
138.08
198.02
259.06
255.84
245.71
202.13
130.17
76.65
25.43
0.00
0.00
0.00
0.00
0.00
0.00
0.00
0.00
0.00
0.00
0.00
0.00
4.59
34.68
107.67
177.64
228.58
244.71
209.42
215.95
175.31
119.27
65.44
18.96
0.00
0.00
0.00
0.00
0.00
0.00
0.00
0.00
0.00
0.00
0.00
0.00
3.20
33.16
92.26
174.24
208.39
211.95
229.53
238.11
197.81
115.04
64.70
26.63
0.01
0.00
0.00
0.00
0.00
0.00
0.00
0.00
0.00
0.00
0.00
0.00
3.82
28.88
74.88
111.41
159.19
195.61
175.05
188.12
122.78
83.81
57.90
21.32
0.02
0.00
0.00
0.00
0.00
0.00
0.00
0.00
0.00
0.00
0.00
0.00
0.64
19.00
59.92
101.89
142.46
139.01
192.57
199.29
160.22
86.91
64.14
19.04
0.00
0.00
0.00
0.00
0.00
0.00
0.00
0.00
0.00
0.00
0.00
0.00
4.51
34.20
97.74
172.75
169.17
215.35
221.73
170.42
189.51
143.46
86.98
17.13
0.02
0.00
0.00
0.00
0.00
0.00
0.00
0.00
0.00
0.00
0.00
0.00
4.25
39.18
90.24
144.75
202.26
212.29
211.32
215.65
176.30
135.22
82.71
22.50
0.01
0.00
0.00
0.00
0.00
0.00
0.00
0.00
0.00
0.00
0.00
0.00
2.52
29.86
102.63
155.18
215.91
249.27
242.68
234.08
193.93
131.57
82.71
18.07
0.01
0.00
0.00
0.00
0.00
0.00
0.00
0.00
0.00
0.00
0.00
0.00
2.78
33.99
85.87
114.62
197.59
234.24
242.45
223.46
200.60
128.03
61.45
16.91
0.03
0.00
0.00
0.00
0.00
0.00
0.00
0.00
0.00
0.00
0.00
0.00
2.74
28.26
84.68
130.48
181.27
195.78
225.02
180.31
127.23
96.70
46.06
15.57
0.02
0.00
0.00
0.00
0.00
0.00
0.00
0.00
0.00
0.00
0.00
0.00
2.65
20.44
60.28
105.75
139.04
163.68
173.69
185.24
150.86
92.05
54.70
23.11
0.01
0.00
0.00
0.00
0.00
0.00
0.00
0.00
0.00
0.00
0.00
0.00
3.12
35.35
70.16
120.51
168.17
210.34
206.04
192.31
121.97
106.97
56.99
22.81
0.00
0.00
0.00
0.00
0.00
0.00
0.00
0.00
0.00
0.00
0.00
0.00
2.63
29.68
93.47
161.13
205.34
240.90
249.95
217.52
181.82
107.52
53.98
26.01
0.01
0.00
0.00
0.00
0.00
0.00
0.00
0.00
0.00
0.00
0.00
0.00
4.35
28.84
92.65
163.80
217.22
238.48
233.10
240.52
201.75
95.27
66.06
25.98
0.03
0.00
0.00
0.00
0.00
0.00
0.00
0.00
0.00
0.00
0.00
0.00
2.76
29.42
75.64
127.23
184.59
223.58
234.63
228.12
190.37
138.03
70.10
20.54
0.04
0.00
0.00
0.00
0.00
0.00
0.00
0.00
0.00
0.00
0.00
0.00
5.13
31.69
100.32
169.26
219.78
248.12
254.91
241.06
205.81
154.06
84.39
23.79
0.02
0.00
0.00
0.00
0.00
0.00
0.00
0.00
0.00
0.00
0.00
0.00
5.06
31.03
100.31
169.34
219.19
248.13
255.32
224.15
205.98
152.94
83.44
23.25
0.01
0.00
0.00
0.00
0.00
0.00
0.00
0.00
0.00
0.00
0.00
0.00
4.70
32.65
84.42
149.41
187.04
235.81
244.30
231.37
198.68
147.27
84.01
25.64
0.03
0.00
0.00
0.00
0.00
0.00
0.00
0.00
0.00
0.00
0.00
0.00
4.71
31.34
97.56
163.14
210.60
236.06
216.08
212.24
165.25
109.53
42.20
17.18
0.04
0.00
0.00
0.00
0.00
0.00
0.00
0.00
0.00
0.00
0.00
0.00
2.40
32.14
80.56
140.82
178.28
196.39
188.51
123.65
129.23
78.54
56.89
20.47
0.02
0.00
0.00
0.00
0.00
0.00
0.00
0.00
0.00
0.00
0.00
0.00
0.92
23.86
90.83
145.56
195.27
193.87
210.53
236.27
167.91
117.22
79.51
17.32
0.03
0.00
0.00
0.00
0.00
0.00
0.00
0.00
0.00
0.00
0.00
0.00
2.84
23.93
73.33
137.64
177.47
204.10
209.25
182.50
162.66
120.52
45.15
19.57
0.00
0.00
0.00
0.00
0.00
0.00
0.00
0.00
0.00
0.00
0.00
0.00
4.66
28.76
86.74
159.83
204.53
223.27
236.36
224.47
187.13
132.13
60.60
18.48
0.05
0.00
0.00
0.00
0.00
0.00
0.00
0.00
0.00
0.00
0.00
0.00
3.97
30.12
87.84
149.29
212.46
241.27
197.29
182.58
166.34
121.86
51.72
7.89
0.01
0.00
0.00
0.00
0.00
0.00
0.00
0.00
0.00
0.00
0.00
0.00
0.00
11.84
41.80
64.32
131.07
162.04
186.88
192.03
167.90
134.51
78.88
18.28
0.03
0.00
0.00
0.00
0.00
0.00
0.00
0.00
0.00
0.00
0.00
0.00
2.91
20.21
61.91
139.55
201.30
220.93
243.84
211.73
193.50
120.98
53.64
13.90
0.05
0.00
0.00
0.00
0.00
0.00
0.00
0.00
0.00
0.00
0.00
0.00
3.83
25.64
77.50
126.94
190.95
241.71
208.50
221.38
129.27
102.37
54.03
15.56
0.06
0.00
0.00
0.00
0.00
0.00
0.00
0.00
0.00
0.00
0.00
0.00
0.90
17.88
38.92
58.58
85.57
135.38
130.61
117.81
128.30
106.24
63.91
27.23
0.03
0.00
0.00
0.00
0.00
0.00
0.00
0.00
0.00
0.00
0.00
0.00
2.76
32.57
80.52
139.17
175.69
172.79
215.78
177.65
153.05
118.81
56.20
22.47
0.06
0.00
0.00
0.00
0.00
0.00
0.00
0.00
0.00
0.00
0.00
0.00
3.07
25.51
92.88
157.04
201.69
231.60
246.00
227.08
158.34
111.05
66.00
22.65
0.01
0.00
0.00
0.00
0.00
0.00
0.00
0.00
0.00
0.00
0.00
0.00
3.99
26.07
91.90
134.78
170.26
232.28
205.09
186.04
168.11
115.21
63.64
17.66
0.03
0.00
0.00
0.00
0.00
0.00
0.00
0.00
0.00
0.00
0.00
0.00
3.24
31.28
87.26
145.36
187.82
213.36
227.43
221.81
192.42
139.83
74.92
20.32
0.03
0.00
0.00
0.00
0.00
0.00
0.00
0.00
0.00
0.00
0.00
0.00
3.44
27.60
89.32
155.72
205.30
238.08
249.17
235.08
182.09
125.25
45.71
20.46
2.01
0.00
0.00
0.00
0.00
0.00
0.00
0.00
0.00
0.00
0.00
0.00
2.32
25.97
79.94
137.99
186.04
205.90
191.53
199.64
176.46
121.69
78.94
27.52
2.37
0.00
0.00
0.00
0.00
0.00
0.00
0.00
0.00
0.00
0.00
0.00
2.94
28.80
83.34
139.88
182.81
235.32
194.75
193.64
182.21
134.45
58.84
23.13
0.12
0.00
0.00
0.00
0.00
0.00
0.00
0.00
0.00
0.00
0.00
0.00
2.48
23.74
50.52
109.02
170.20
213.49
214.90
211.17
180.76
118.05
62.85
25.26
0.13
0.00
0.00
0.00
0.00
0.00
0.00
0.00
0.00
0.00
0.00
0.00
1.96
19.48
67.99
89.28
138.12
205.65
198.78
122.63
148.68
106.79
47.60
17.21
0.51
0.00
0.00
0.00
0.00
0.00
0.00
0.00
0.00
0.00
0.00
0.00
3.05
26.33
80.35
136.84
187.30
196.50
219.52
188.54
166.25
121.02
73.26
28.29
2.37
0.00
0.00
0.00
0.00
0.00
0.00
0.00
0.00
0.00
0.00
0.00
2.29
23.93
81.97
151.74
206.53
235.46
230.98
225.67
170.14
129.28
66.14
12.53
0.04
0.00
0.00
0.00
0.00
0.00
0.00
0.00
0.00
0.00
0.00
0.00
1.66
10.62
75.26
119.33
182.49
208.15
213.34
195.35
181.31
122.06
85.83
25.97
1.62
0.00
0.00
0.00
0.00
0.00
0.00
0.00
0.00
0.00
0.00
0.00
3.31
23.34
88.70
159.07
211.20
217.76
237.37
216.68
190.71
152.49
70.66
25.50
2.63
0.00
0.00
0.00
0.00
0.00
0.00
0.00
0.00
0.00
0.00
0.00
2.79
32.19
88.85
149.11
204.73
236.11
237.69
232.95
201.68
137.94
81.61
17.20
2.89
0.00
0.00
0.00
0.00
0.00
0.00
0.00
0.00
0.00
0.00
0.00
2.99
21.38
89.49
154.69
200.68
222.18
184.31
172.11
144.54
71.85
45.09
13.69
0.75
0.00
0.00
0.00
0.00
0.00
0.00
0.00
0.00
0.00
0.00
0.00
1.81
29.72
83.53
134.76
196.94
226.93
220.49
187.40
189.73
136.94
75.58
23.90
2.66
0.00
0.00
0.00
0.00
0.00
0.00
0.00
0.00
0.00
0.00
0.00
2.82
25.74
87.07
145.07
171.84
220.45
216.08
213.48
163.79
128.17
75.34
17.02
0.84
0.00
0.00
0.00
0.00
0.00
0.00
0.00
0.00
0.00
0.00
0.00
2.49
29.90
85.30
158.31
205.61
209.98
214.16
214.05
175.77
122.45
56.49
23.39
0.59
0.00
0.00
0.00
0.00
0.00
0.00
0.00
0.00
0.00
0.00
0.00
1.80
28.74
84.72
146.91
199.72
227.96
224.46
182.64
180.89
148.23
60.68
25.45
2.43
0.00
0.00
0.00
0.00
0.00
0.00
0.00
0.00
0.00
0.00
0.00
2.75
25.48
85.99
145.21
206.03
227.80
247.85
197.97
181.67
142.88
86.72
28.82
3.14
0.00
0.00
0.00
0.00
0.00
0.00
0.00
0.00
0.00
0.00
0.00
2.51
26.52
81.31
149.98
192.84
212.83
210.89
204.41
162.80
113.04
66.37
26.67
2.49
0.00
0.00
0.00
0.00
0.00
0.00
0.00
0.00
0.00
0.00
0.00
1.12
22.48
84.16
148.75
182.78
219.64
241.08
230.07
199.64
150.88
85.69
26.13
0.57
0.00
0.00
0.00
0.00
0.00
0.00
0.00
0.00
0.00
0.00
0.00
2.57
26.54
84.88
154.23
208.26
236.31
245.79
230.74
194.31
137.93
89.62
28.39
1.90
0.00
0.00
0.00
0.00
0.00
0.00
0.00
0.00
0.00
0.00
0.00
2.49
21.81
67.24
156.19
213.04
239.27
245.14
216.54
206.47
149.07
62.28
22.53
0.05
0.00
0.00
0.00
0.00
0.00
0.00
0.00
0.00
0.00
0.00
0.00
2.44
24.11
80.88
152.63
192.39
218.76
213.30
214.99
127.67
120.03
82.22
19.93
0.10
0.00
0.00
0.00
0.00
0.00
0.00
0.00
0.00
0.00
0.00
0.00
0.45
27.04
70.20
119.10
165.58
174.78
198.13
183.61
175.47
134.88
76.57
24.79
0.57
0.00
0.00
0.00
0.00
0.00
0.00
0.00
0.00
0.00
0.00
0.00
2.10
26.87
88.32
156.29
196.87
206.76
229.09
233.93
187.39
160.51
89.88
24.71
2.64
0.00
0.00
0.00
0.00
0.00
0.00
0.00
0.00
0.00
0.00
0.00
1.59
21.79
63.53
142.74
199.51
228.84
234.98
195.49
198.42
159.02
61.76
25.32
0.79
0.00
0.00
0.00
0.00
0.00
0.00
0.00
0.00
0.00
0.00
0.00
1.63
25.83
89.58
142.41
185.32
210.40
197.03
183.00
180.99
142.49
92.67
25.80
3.16
0.00
0.00
0.00
0.00
0.00
0.00
0.00
0.00
0.00
0.00
0.00
2.00
22.37
89.90
152.57
216.70
248.96
258.98
247.12
198.29
162.43
86.23
24.67
2.35
0.00
0.00
0.00
0.00
0.00
0.00
0.00
0.00
0.00
0.00
0.00
1.92
23.87
90.77
149.27
212.82
248.60
254.78
227.26
196.63
164.10
93.50
26.36
3.17
0.00
0.00
0.00
0.00
0.00
0.00
0.00
0.00
0.00
0.00
0.00
1.87
24.24
74.87
142.46
186.70
211.90
245.98
181.41
201.69
151.25
93.44
27.36
2.14
0.00
0.00
0.00
0.00
0.00
0.00
0.00
0.00
0.00
0.00
0.00
1.47
25.45
87.04
158.58
204.07
214.38
223.11
214.60
192.67
129.19
86.61
21.52
0.05
0.00
0.00
0.00
0.00
0.00
0.00
0.00
0.00
0.00
0.00
0.00
1.40
27.29
85.90
160.92
179.70
194.07
264.15
252.87
220.46
162.39
83.63
21.64
2.70
0.00
0.00
0.00
0.00
0.00
0.00
0.00
0.00
0.00
0.00
0.00
1.64
22.19
90.50
162.64
204.01
244.43
209.25
211.93
218.93
143.65
88.93
27.40
2.85
0.00
0.00
0.00
0.00
0.00
0.00
0.00
0.00
0.00
0.00
0.00
1.61
21.50
77.27
163.24
215.97
249.19
259.07
236.36
217.49
144.53
56.12
28.02
2.26
0.00
0.00
0.00
0.00
0.00
0.00
0.00
0.00
0.00
0.00
0.00
1.02
20.97
71.56
140.61
187.60
217.70
217.66
216.94
188.57
151.04
91.15
18.35
0.70
0.00
0.00
0.00
0.00
0.00
0.00
0.00
0.00
0.00
0.00
0.00
0.57
21.35
81.02
152.69
194.29
227.06
224.41
212.18
167.46
104.00
58.52
16.64
0.92
0.00
0.00
0.00
0.00
0.00
0.00
0.00
0.00
0.00
0.00
0.00
1.14
23.97
83.04
152.94
201.56
221.24
208.88
174.66
171.00
161.23
72.13
27.71
2.40
0.00
0.00
0.00
0.00
0.00
0.00
0.00
0.00
0.00
0.00
0.00
1.08
26.15
86.24
148.83
200.92
237.09
203.01
222.27
174.68
152.84
85.07
31.27
2.37
0.00
0.00
0.00
0.00
0.00
0.00
0.00
0.00
0.00
0.00
0.00
1.42
24.91
79.52
167.59
223.64
243.89
265.70
256.80
225.11
171.71
86.96
28.62
1.77
0.00
0.00
0.00
0.00
0.00
0.00
0.00
0.00
0.00
0.00
0.00
1.47
23.34
94.66
164.18
222.45
254.97
253.83
193.78
200.92
154.86
98.25
30.35
2.45
0.00
0.00
0.00
0.00
0.00
0.00
0.00
0.00
0.00
0.00
0.00
1.54
25.74
96.07
166.97
213.29
241.18
259.74
197.01
169.51
130.29
97.83
33.98
2.29
0.00
0.00
0.00
0.00
0.00
0.00
0.00
0.00
0.00
0.00
0.00
1.47
24.14
85.54
143.40
206.85
231.54
259.46
244.08
198.54
149.55
96.56
30.06
2.41
0.00
0.00
0.00
0.00
0.00
0.00
0.00
0.00
0.00
0.00
0.00
1.37
24.72
96.85
171.05
225.78
258.88
259.22
242.78
208.98
154.72
97.53
30.50
0.85
0.00
0.00
0.00
0.00
0.00
0.00
0.00
0.00
0.00
0.00
0.00
1.00
24.56
77.70
161.43
205.81
227.51
222.35
246.94
193.20
165.25
94.52
33.27
2.63
0.00
0.00
0.00
0.00
0.00
0.00
0.00
0.00
0.00
0.00
0.00
0.83
25.80
74.82
137.56
174.45
186.06
229.09
238.38
217.59
156.03
97.11
31.04
3.18
0.00
0.00
0.00
0.00
0.00
0.00
0.00
0.00
0.00
0.00
0.00
1.22
28.41
84.70
137.49
186.01
243.19
224.82
200.41
172.66
129.01
64.48
23.42
1.41
0.00
0.00
0.00
0.00
0.00
0.00
0.00
0.00
0.00
0.00
0.00
1.08
23.01
92.46
169.90
223.49
256.95
273.11
260.59
213.12
167.39
104.56
31.71
2.57
0.00
0.00
0.00
0.00
0.00
0.00
0.00
0.00
0.00
0.00
0.00
1.27
26.21
99.81
156.27
185.99
261.70
272.86
260.48
205.76
176.50
104.62
31.95
2.57
0.00
0.00
0.00
0.00
0.00
0.00
0.00
0.00
0.00
0.00
0.00
1.20
26.73
101.25
158.37
176.20
215.75
237.20
245.25
226.33
177.14
105.25
32.00
0.05
0.00
0.00
0.00
0.00
0.00
0.00
0.00
0.00
0.00
0.00
0.00
0.87
27.27
92.13
163.34
202.70
236.17
244.26
234.51
207.89
157.58
97.76
33.48
0.05
0.00
0.00
0.00
0.00
0.00
0.00
0.00
0.00
0.00
0.00
0.00
1.15
30.10
97.90
168.88
208.74
203.38
229.11
227.37
166.46
121.23
54.31
31.13
0.05
0.00
0.00
0.00
0.00
0.00
0.00
0.00
0.00
0.00
0.00
0.00
0.79
24.20
79.85
152.19
173.09
227.33
199.10
158.01
149.48
119.76
59.97
22.66
0.05
0.00
0.00
0.00
0.00
0.00
0.00
0.00
0.00
0.00
0.00
0.00
0.71
23.80
66.52
115.15
153.77
179.97
209.02
220.63
162.97
145.68
98.56
34.09
0.05
0.00
0.00
0.00
0.00
0.00
0.00
0.00
0.00
0.00
0.00
0.00
0.83
28.38
84.71
158.96
156.46
193.72
220.01
161.89
195.50
159.77
98.05
32.56
0.00
0.00
0.00
0.00
0.00
0.00
0.00
0.00
0.00
0.00
0.00
0.00
0.92
23.63
78.85
146.93
203.28
224.15
247.51
191.38
166.61
129.13
72.28
17.51
0.05
0.00
0.00
0.00
0.00
0.00
0.00
0.00
0.00
0.00
0.00
0.00
0.94
29.76
107.94
166.53
198.64
230.15
251.62
266.51
235.07
174.79
107.28
34.81
0.05
0.00
0.00
0.00
0.00
0.00
0.00
0.00
0.00
0.00
0.00
0.00
1.12
30.24
101.09
182.96
233.07
241.39
271.66
205.98
226.10
133.61
86.19
30.31
0.04
0.00
0.00
0.00
0.00
0.00
0.00
0.00
0.00
0.00
0.00
0.00
0.82
33.22
100.68
168.99
194.02
242.48
270.09
259.81
236.15
179.57
83.13
28.01
0.01
0.00
0.00
0.00
0.00
0.00
0.00
0.00
0.00
0.00
0.00
0.00
1.00
33.48
90.38
164.42
222.25
238.75
245.45
245.48
182.48
135.61
84.87
29.34
0.04
0.00
0.00
0.00
0.00
0.00
0.00
0.00
0.00
0.00
0.00
0.00
0.76
21.78
59.60
168.60
191.88
217.40
199.96
184.01
178.97
138.60
73.65
29.34
0.04
0.00
0.00
0.00
0.00
0.00
0.00
0.00
0.00
0.00
0.00
0.00
0.78
30.66
103.44
155.74
225.02
241.88
275.93
258.09
231.55
143.88
75.83
26.39
0.04
0.00
0.00
0.00
0.00
0.00
0.00
0.00
0.00
0.00
0.00
0.00
1.06
32.51
97.01
179.30
189.99
234.51
258.99
194.49
141.99
95.17
36.14
24.78
0.04
0.00
0.00
0.00
0.00
0.00
0.00
0.00
0.00
0.00
0.00
0.00
0.59
31.33
96.56
177.19
209.10
242.61
252.23
244.42
209.23
177.46
73.32
24.26
0.00
0.00
0.00
0.00
0.00
0.00
0.00
0.00
0.00
0.00
0.00
0.00
0.59
19.86
75.32
150.19
197.27
262.16
262.04
223.85
180.34
140.91
86.71
30.88
0.04
0.00
0.00
0.00
0.00
0.00
0.00
0.00
0.00
0.00
0.00
0.00
1.00
29.18
90.37
193.43
199.87
270.76
290.12
275.35
217.01
175.91
84.25
33.99
0.04
0.00
0.00
0.00
0.00
0.00
0.00
0.00
0.00
0.00
0.00
0.00
0.86
24.17
85.61
128.26
203.14
254.24
254.61
227.62
206.92
176.54
100.62
35.09
0.04
0.00
0.00
0.00
0.00
0.00
0.00
0.00
0.00
0.00
0.00
0.00
0.64
28.90
98.52
161.62
165.96
192.61
218.79
202.35
168.04
130.04
87.28
21.69
0.04
0.00
0.00
0.00
0.00
0.00
0.00
0.00
0.00
0.00
0.00
0.00
0.87
30.98
112.75
174.55
227.05
279.67
259.90
250.45
180.40
142.74
76.21
35.79
0.04
0.00
0.00
0.00
0.00
0.00
0.00
0.00
0.00
0.00
0.00
0.00
1.00
37.21
109.22
170.04
208.02
218.95
234.53
207.85
183.08
148.10
90.45
33.92
0.02
0.00
0.00
0.00
0.00
0.00
0.00
0.00
0.00
0.00
0.00
0.00
1.00
29.74
120.83
191.53
252.88
275.08
223.09
245.48
218.34
172.40
63.47
28.34
0.02
0.00
0.00
0.00
0.00
0.00
0.00
0.00
0.00
0.00
0.00
0.00
0.93
40.85
123.98
164.41
238.87
261.11
229.81
218.85
228.97
148.99
95.13
34.45
0.04
0.00
0.00
0.00
0.00
0.00
0.00
0.00
0.00
0.00
0.00
0.00
1.00
34.53
109.22
159.78
219.08
250.77
274.64
261.29
226.29
180.09
103.47
36.72
0.04
0.00
0.00
0.00
0.00
0.00
0.00
0.00
0.00
0.00
0.00
0.00
0.84
36.11
118.64
202.51
244.07
252.11
270.61
257.72
248.24
186.21
91.58
33.52
0.04
0.00
0.00
0.00
0.00
0.00
0.00
0.00
0.00
0.00
0.00
0.00
0.39
32.65
104.32
179.49
222.00
254.09
270.59
208.74
215.41
170.08
111.00
34.75
0.03
0.00
0.00
0.00
0.00
0.00
0.00
0.00
0.00
0.00
0.00
0.00
0.59
35.89
100.92
139.25
218.23
218.71
275.72
244.15
203.66
99.88
62.53
24.78
0.03
0.00
0.00
0.00
0.00
0.00
0.00
0.00
0.00
0.00
0.00
0.00
0.94
41.45
120.31
137.66
183.26
174.12
198.12
226.56
225.86
122.62
55.56
30.86
0.03
0.00
0.00
0.00
0.00
0.00
0.00
0.00
0.00
0.00
0.00
0.00
1.11
46.41
133.11
206.48
260.45
290.43
297.18
283.63
250.35
195.16
107.18
36.29
0.03
0.00
0.00
0.00
0.00
0.00
0.00
0.00
0.00
0.00
0.00
0.00
1.11
47.50
133.14
209.56
258.38
278.90
295.92
265.90
250.67
181.44
116.82
37.41
0.02
0.00
0.00
0.00
0.00
0.00
0.00
0.00
0.00
0.00
0.00
0.00
1.11
48.25
127.98
209.75
262.32
293.23
290.92
287.61
251.47
170.87
79.64
35.67
0.02
0.00
0.00
0.00
0.00
0.00
0.00
0.00
0.00
0.00
0.00
0.00
1.10
48.53
101.95
163.84
207.33
282.71
247.80
264.90
229.01
149.96
65.54
17.41
0.01
0.00
0.00
0.00
0.00
0.00
0.00
0.00
0.00
0.00
0.00
0.00
0.76
38.40
110.18
171.65
216.18
252.52
226.99
224.52
213.67
81.43
64.58
29.52
0.01
0.00
0.00
0.00
0.00
0.00
0.00
0.00
0.00
0.00
0.00
0.00
1.02
48.59
130.41
199.04
250.45
265.22
252.06
274.11
230.33
188.06
99.05
38.12
0.01
0.00
0.00
0.00
0.00
0.00
0.00
0.00
0.00
0.00
0.00
0.00
1.00
52.72
141.52
217.08
270.45
299.45
304.42
260.01
255.35
175.92
120.20
38.10
0.01
0.00
0.00
0.00
0.00
0.00
0.00
0.00
0.00
0.00
0.00
0.00
1.05
47.29
125.20
198.47
266.64
243.20
282.93
279.65
234.34
124.48
108.43
33.19
0.01
0.00
0.00
0.00
0.00
0.00
0.00
0.00
0.00
0.00
0.00
0.00
1.02
49.79
118.38
200.69
240.29
271.49
287.91
263.03
228.50
176.83
66.68
20.23
0.00
0.00
0.00
0.00
0.00
0.00
0.00
0.00
0.00
0.00
0.00
0.00
0.65
37.89
108.39
179.99
192.83
167.63
215.27
198.24
190.17
147.73
81.62
32.03
0.00
0.00
0.00
0.00
0.00
0.00
0.00
0.00
0.00
0.00
0.00
0.00
1.03
43.83
108.47
142.92
245.31
255.33
256.23
229.58
204.33
125.63
75.68
27.09
0.00
0.00
0.00
0.00
0.00
0.00
0.00
0.00
0.00
0.00
0.00
0.00
1.16
57.93
147.47
221.69
262.69
272.69
262.38
226.70
199.94
155.29
74.28
25.32
0.00
0.00
0.00
0.00
0.00
0.00
0.00
0.00
0.00
0.00
0.00
0.00
0.84
43.54
79.93
125.60
182.11
244.65
251.40
211.51
208.00
147.08
80.15
30.50
0.00
0.00
0.00
0.00
0.00
0.00
0.00
0.00
0.00
0.00
0.00
0.00
0.80
33.64
78.93
167.84
221.70
279.86
296.79
270.91
252.86
169.10
86.00
28.58
0.00
0.00
0.00
0.00
0.00
0.00
0.00
0.00
0.00
0.00
0.00
0.00
1.30
60.82
142.74
226.07
278.14
306.86
312.61
287.98
250.83
193.80
74.10
24.40
0.00
0.00
0.00
0.00
0.00
0.00
0.00
0.00
0.00
0.00
0.00
0.00
1.10
45.02
121.61
179.82
224.54
223.77
231.59
251.92
187.58
129.02
71.07
22.87
0.00
0.00
0.00
0.00
0.00
0.00
0.00
0.00
0.00
0.00
0.00
0.00
0.55
25.44
74.24
130.29
165.93
195.46
219.19
182.55
209.04
145.66
89.27
26.86
0.00
0.00
0.00
0.00
0.00
0.00
0.00
0.00
0.00
0.00
0.00
0.00
0.41
33.19
85.54
122.95
167.47
205.94
200.32
177.19
130.19
111.31
53.81
19.45
0.00
0.00
0.00
0.00
0.00
0.00
0.00
0.00
0.00
0.00
0.00
0.00
0.88
55.46
127.52
169.80
242.34
293.78
271.29
276.26
243.99
190.91
122.98
32.18
0.00
0.00
0.00
0.00
0.00
0.00
0.00
0.00
0.00
0.00
0.00
0.00
1.31
60.76
134.26
232.47
285.25
225.41
267.17
297.48
254.24
202.94
123.15
36.85
0.00
0.00
0.00
0.00
0.00
0.00
0.00
0.00
0.00
0.00
0.00
0.00
1.46
56.20
115.15
192.93
269.90
225.03
274.56
262.42
210.61
168.16
95.14
32.56
0.00
0.00
0.00
0.00
0.00
0.00
0.00
0.00
0.00
0.00
0.00
0.00
1.50
53.14
151.81
191.84
256.88
279.59
292.91
263.64
247.14
185.97
94.58
22.96
0.00
0.00
0.00
0.00
0.00
0.00
0.00
0.00
0.00
0.00
0.00
0.00
1.43
59.19
109.51
148.14
233.96
242.34
251.63
239.34
204.07
158.09
73.23
23.53
0.00
0.00
0.00
0.00
0.00
0.00
0.00
0.00
0.00
0.00
0.00
0.00
1.17
52.21
130.81
199.89
221.38
235.25
235.41
247.57
198.03
167.76
94.69
27.40
0.00
0.00
0.00
0.00
0.00
0.00
0.00
0.00
0.00
0.00
0.00
0.00
2.01
71.97
164.30
239.58
289.97
295.19
294.83
292.76
265.73
205.85
125.26
37.30
0.00
0.00
0.00
0.00
0.00
0.00
0.00
0.00
0.00
0.00
0.00
0.00
2.07
72.24
115.49
228.76
288.17
315.44
320.44
302.93
266.59
165.27
78.66
22.16
0.00
0.00
0.00
0.00
0.00
0.00
0.00
0.00
0.00
0.00
0.00
0.00
1.14
60.89
142.36
209.41
263.84
280.65
229.76
228.08
235.14
187.58
109.19
28.74
0.00
0.00
0.00
0.00
0.00
0.00
0.00
0.00
0.00
0.00
0.00
0.00
2.23
75.00
156.16
240.67
276.52
305.94
279.97
254.51
215.70
159.44
60.79
25.01
0.00
0.00
0.00
0.00
0.00
0.00
0.00
0.00
0.00
0.00
0.00
0.00
0.48
25.16
87.32
182.07
207.55
201.70
200.10
214.94
158.60
135.97
75.68
26.42
0.00
0.00
0.00
0.00
0.00
0.00
0.00
0.00
0.00
0.00
0.00
0.00
1.29
66.25
168.26
242.09
291.82
318.96
307.07
296.14
237.18
170.15
123.85
30.45
0.00
0.00
0.00
0.00
0.00
0.00
0.00
0.00
0.00
0.00
0.00
0.00
2.54
71.54
160.85
244.84
294.87
322.79
326.91
308.79
269.68
208.41
126.24
32.43
0.00
0.00
0.00
0.00
0.00
0.00
0.00
0.00
0.00
0.00
0.00
0.00
1.82
61.70
120.36
178.06
233.80
280.40
293.03
255.22
206.20
141.33
92.31
30.42
0.00
0.00
0.00
0.00
0.00
0.00
0.00
0.00
0.00
0.00
0.00
0.00
2.47
78.30
143.47
182.64
207.24
270.02
276.09
197.90
161.94
101.09
62.96
16.24
0.00
0.00
0.00
0.00
0.00
0.00
0.00
0.00
0.00
0.00
0.00
0.00
0.02
20.80
26.01
72.32
113.11
165.76
183.65
132.28
134.25
96.60
44.65
17.43
0.00
0.00
0.00
0.00
0.00
0.00
0.00
0.00
0.00
0.00
0.00
0.00
1.01
45.98
93.09
196.35
224.04
209.27
192.22
192.11
194.08
120.65
58.95
15.69
0.00
0.00
0.00
0.00
0.00
0.00
0.00
0.00
0.00
0.00
0.00
0.00
2.49
62.19
145.62
242.27
296.55
308.43
300.91
308.83
199.39
186.71
121.58
28.77
0.00
0.00
0.00
0.00
0.00
0.00
0.00
0.00
0.00
0.00
0.00
0.00
2.98
81.88
145.30
237.51
265.82
245.89
286.48
253.92
184.10
175.74
85.84
29.49
0.00
0.00
0.00
0.00
0.00
0.00
0.00
0.00
0.00
0.00
0.00
0.00
2.28
63.07
153.98
231.04
203.83
204.83
296.08
278.24
250.15
186.54
87.26
15.63
0.00
0.00
0.00
0.00
0.00
0.00
0.00
0.00
0.00
0.00
0.00
0.00
2.29
59.95
93.71
203.59
264.57
311.07
278.48
261.25
182.76
112.58
114.03
28.38
0.00
0.00
0.00
0.00
0.00
0.00
0.00
0.00
0.00
0.00
0.00
0.00
2.92
71.68
165.55
242.05
288.08
330.76
332.67
296.18
253.82
192.82
114.62
28.90
0.00
0.00
0.00
0.00
0.00
0.00
0.00
0.00
0.00
0.00
0.00
0.00
3.35
86.95
163.10
250.62
285.53
286.59
293.58
213.14
132.49
112.30
75.59
18.52
0.00
0.00
0.00
0.00
0.00
0.00
0.00
0.00
0.00
0.00
0.00
0.00
2.42
70.79
128.52
152.73
164.37
204.71
226.42
275.55
252.35
170.81
107.30
29.27
0.00
0.00
0.00
0.00
0.00
0.00
0.00
0.00
0.00
0.00
0.00
0.00
2.48
54.03
151.74
207.88
215.41
244.41
230.58
214.17
189.92
120.80
88.60
20.35
0.00
0.00
0.00
0.00
0.00
0.00
0.00
0.00
0.00
0.00
0.00
0.00
3.19
78.52
138.34
238.14
258.10
326.78
305.50
227.35
243.96
154.60
100.58
25.89
0.00
0.00
0.00
0.00
0.00
0.00
0.00
0.00
0.00
0.00
0.00
0.00
2.96
35.73
148.12
198.16
267.70
278.04
297.53
207.81
155.24
112.99
76.32
18.04
0.00
0.00
0.00
0.00
0.00
0.00
0.00
0.00
0.00
0.00
0.00
0.00
2.32
37.28
127.81
141.72
183.80
227.47
289.30
275.16
220.42
167.06
106.19
29.72
0.00
0.00
0.00
0.00
0.00
0.00
0.00
0.00
0.00
0.00
0.00
0.00
1.64
67.97
160.26
228.55
283.40
285.30
247.79
178.40
239.38
188.30
113.95
28.31
0.00
0.00
0.00
0.00
0.00
0.00
0.00
0.00
0.00
0.00
0.00
0.00
3.76
67.68
162.11
250.35
293.90
321.52
313.16
302.84
257.82
204.67
99.94
24.92
0.00
0.00
0.00
0.00
0.00
0.00
0.00
0.00
0.00
0.00
0.00
0.00
1.22
41.98
111.50
186.06
214.65
231.94
280.47
199.71
169.16
109.52
61.58
8.19
0.00
0.00
0.00
0.00
0.00
0.00
0.00
0.00
0.00
0.00
0.00
0.00
3.35
62.45
127.61
194.39
202.55
252.69
291.52
268.69
221.34
180.45
83.38
21.64
0.00
0.00
0.00
0.00
0.00
0.00
0.00
0.00
0.00
0.00
0.00
0.00
1.10
38.49
73.41
163.08
208.64
251.59
267.91
244.93
226.75
188.84
96.58
30.90
0.00
0.00
0.00
0.00
0.00
0.00
0.00
0.00
0.00
0.00
0.00
0.00
2.84
70.66
143.52
207.99
262.05
287.49
224.17
232.93
214.43
139.55
70.92
19.28
0.00
0.00
0.00
0.00
0.00
0.00
0.00
0.00
0.00
0.00
0.00
0.00
4.01
91.18
166.59
259.01
262.61
229.13
271.31
266.88
193.92
121.09
88.62
20.09
0.00
0.00
0.00
0.00
0.00
0.00
0.00
0.00
0.00
0.00
0.00
0.00
2.20
61.03
127.02
226.93
231.64
240.68
259.81
216.03
129.46
73.09
64.60
14.22
0.00
0.00
0.00
0.00
0.00
0.00
0.00
0.00
0.00
0.00
0.00
0.00
1.66
31.33
100.30
144.65
220.79
203.10
182.21
97.43
101.26
65.63
61.46
16.75
0.00
0.00
0.00
0.00
0.00
0.00
0.00
0.00
0.00
0.00
0.00
0.00
1.08
46.12
120.34
171.75
215.51
269.39
254.85
243.49
200.78
147.05
75.79
21.99
0.00
0.00
0.00
0.00
0.00
0.00
0.00
0.00
0.00
0.00
0.00
0.00
4.04
99.16
193.22
266.33
313.07
337.67
338.38
314.19
276.29
164.03
128.18
27.10
0.00
0.00
0.00
0.00
0.00
0.00
0.00
0.00
0.00
0.00
0.00
0.00
3.77
95.85
187.99
200.52
299.83
300.90
276.05
278.67
215.13
125.70
73.50
15.04
0.00
0.00
0.00
0.00
0.00
0.00
0.00
0.00
0.00
0.00
0.00
0.00
0.89
50.72
108.03
166.58
214.00
221.37
240.42
230.34
191.97
135.52
86.59
18.86
0.00
0.00
0.00
0.00
0.00
0.00
0.00
0.00
0.00
0.00
0.00
0.00
3.04
66.16
139.69
219.53
261.57
296.57
312.75
286.59
246.69
171.96
61.19
21.33
0.00
0.00
0.00
0.00
0.00
0.00
0.00
0.00
0.00
0.00
0.00
0.00
0.70
33.05
55.66
115.91
170.69
209.03
161.32
164.79
170.32
119.37
72.52
15.96
0.00
0.00
0.00
0.00
0.00
0.00
0.00
0.00
0.00
0.00
0.00
0.00
3.10
59.37
139.43
236.63
230.09
307.51
233.51
233.69
197.09
94.91
63.36
17.33
0.00
0.00
0.00
0.00
0.00
0.00
0.00
0.00
0.00
0.00
0.00
0.00
3.04
86.58
140.05
199.64
266.53
333.65
292.12
298.86
214.96
212.94
113.06
23.83
0.00
0.00
0.00
0.00
0.00
0.00
0.00
0.00
0.00
0.00
0.00
0.00
1.49
55.95
129.18
207.09
243.24
260.45
278.29
250.84
220.40
173.49
93.73
17.77
0.00
0.00
0.00
0.00
0.00
0.00
0.00
0.00
0.00
0.00
0.00
0.00
2.07
52.61
103.16
187.84
220.12
224.39
236.85
246.40
233.07
192.01
109.94
24.78
0.00
0.00
0.00
0.00
0.00
0.00
0.00
0.00
0.00
0.00
0.00
0.00
0.66
42.84
106.77
222.19
243.64
293.87
316.11
237.42
208.15
82.81
55.40
11.63
0.00
0.00
0.00
0.00
0.00
0.00
0.00
0.00
0.00
0.00
0.00
0.00
2.84
67.21
156.57
195.46
178.12
266.84
303.98
263.49
249.24
178.30
67.68
6.99
0.00
0.00
0.00
0.00
0.00
0.00
0.00
0.00
0.00
0.00
0.00
0.00
1.54
59.27
122.01
141.77
172.42
156.62
158.45
180.09
180.81
154.01
85.09
19.03
0.00
0.00
0.00
0.00
0.00
0.00
0.00
0.00
0.00
0.00
0.00
0.00
2.36
92.27
150.60
212.51
251.87
275.18
245.63
210.52
258.81
209.43
110.34
27.14
0.00
0.00
0.00
0.00
0.00
0.00
0.00
0.00
0.00
0.00
0.00
0.00
0.54
53.70
128.60
204.43
191.41
263.22
285.82
229.38
217.07
177.09
105.73
17.53
0.00
0.00
0.00
0.00
0.00
0.00
0.00
0.00
0.00
0.00
0.00
0.00
1.96
99.28
138.69
194.17
228.12
285.44
277.08
244.04
249.90
169.97
114.38
25.61
0.00
0.00
0.00
0.00
0.00
0.00
0.00
0.00
0.00
0.00
0.00
0.00
0.51
85.40
142.77
253.04
313.00
318.80
338.49
298.31
243.84
195.95
124.71
23.93
0.00
0.00
0.00
0.00
0.00
0.00
0.00
0.00
0.00
0.00
0.00
0.00
0.34
75.89
115.13
223.68
237.59
294.05
289.46
215.91
233.95
192.78
130.01
17.95
0.00
0.00
0.00
0.00
0.00
0.00
0.00
0.00
0.00
0.00
0.00
0.00
0.18
48.03
118.46
208.75
273.80
300.50
271.95
250.96
231.75
168.40
91.82
20.10
0.00
0.00
0.00
0.00
0.00
0.00
0.00
0.00
0.00
0.00
0.00
0.00
0.24
41.70
141.01
206.57
239.84
237.38
242.67
223.11
213.95
172.00
78.67
11.82
0.00
0.00
0.00
0.00
0.00
0.00
0.00
0.00
0.00
0.00
0.00
0.00
0.44
62.12
109.06
181.88
199.28
224.86
265.72
217.14
197.35
90.46
36.19
12.43
0.00
0.00
0.00
0.00
0.00
0.00
0.00
0.00
0.00
0.00
0.00
0.00
0.50
60.32
155.99
214.21
221.01
226.30
266.37
188.77
211.50
199.46
105.91
32.36
0.00
0.00
0.00
0.00
0.00
0.00
0.00
0.00
0.00
0.00
0.00
0.00
0.50
98.22
193.76
243.02
296.25
310.96
316.53
256.60
276.94
199.19
94.26
29.37
0.00
0.00
0.00
0.00
0.00
0.00
0.00
0.00
0.00
0.00
0.00
0.00
0.03
44.97
114.55
162.35
214.93
234.26
247.52
227.43
190.80
165.76
54.85
11.95
0.00
0.00
0.00
0.00
0.00
0.00
0.00
0.00
0.00
0.00
0.00
0.00
0.30
71.19
159.27
207.56
188.82
192.28
246.77
197.81
204.45
160.76
88.95
20.25
0.00
0.00
0.00
0.00
0.00
0.00
0.00
0.00
0.00
0.00
0.00
0.00
0.28
98.55
194.52
265.70
289.55
266.44
344.89
323.92
285.48
200.99
121.90
22.93
0.00
0.00
0.00
0.00
0.00
0.00
0.00
0.00
0.00
0.00
0.00
0.00
0.21
98.56
193.70
264.14
251.71
337.47
273.59
293.92
246.98
178.28
119.39
29.13
0.00
0.00
0.00
0.00
0.00
0.00
0.00
0.00
0.00
0.00
0.00
0.00
0.00
61.32
122.51
210.93
227.89
297.45
301.70
285.29
235.69
155.12
95.05
26.89
0.00
0.00
0.00
0.00
0.00
0.00
0.00
0.00
0.00
0.00
0.00
0.00
0.13
80.37
159.03
205.25
259.43
266.53
284.14
269.33
266.59
186.85
97.92
27.06
0.00
0.00
0.00
0.00
0.00
0.00
0.00
0.00
0.00
0.00
0.00
0.00
0.09
81.45
167.43
215.08
214.49
300.18
284.48
293.36
199.31
130.11
112.03
29.97
0.00
0.00
0.00
0.00
0.00
0.00
0.00
0.00
0.00
0.00
0.00
0.00
0.10
83.17
165.60
179.77
253.36
235.94
286.75
267.14
211.25
179.67
119.55
22.49
0.00
0.00
0.00
0.00
0.00
0.00
0.00
0.00
0.00
0.00
0.00
0.00
0.00
70.08
131.28
147.21
243.82
256.07
286.49
254.27
228.96
147.45
73.44
19.34
0.00
0.00
0.00
0.00
0.00
0.00
0.00
0.00
0.00
0.00
0.00
0.00
0.05
95.23
174.56
264.02
275.78
261.28
283.71
300.29
286.31
223.10
132.29
39.02
0.00
0.00
0.00
0.00
0.00
0.00
0.00
0.00
0.00
0.00
0.00
0.00
0.02
72.51
155.32
226.43
311.56
337.37
318.96
296.65
265.40
199.32
106.91
22.19
0.00
0.00
0.00
0.00
0.00
0.00
0.00
0.00
0.00
0.00
0.00
0.00
0.00
65.09
134.54
172.76
235.81
247.27
250.89
246.49
195.75
160.80
84.08
31.75
0.00
0.00
0.00
0.00
0.00
0.00
0.00
0.00
0.00
0.00
0.00
0.00
0.00
73.39
153.21
220.97
207.82
316.07
321.13
189.86
224.06
165.59
106.44
27.58
0.00
0.00
0.00
0.00
0.00
0.00
0.00
0.00
0.00
0.00
0.00
0.00
0.00
72.81
148.47
224.43
254.59
311.02
321.56
277.85
264.42
186.43
142.39
41.57
0.00
0.00
0.00
0.00
0.00
0.00
0.00
0.00
0.00
0.00
0.00
0.00
0.00
92.94
171.10
238.79
276.77
310.83
322.12
310.59
273.22
226.46
144.16
42.63
0.00
0.00
0.00
0.00
0.00
0.00
0.00
0.00
0.00
0.00
0.00
0.00
0.00
94.83
193.13
264.13
313.18
337.59
341.40
324.70
286.38
225.27
144.69
43.02
0.00
0.00
0.00
0.00
0.00
0.00
0.00
0.00
0.00
0.00
0.00
0.00
0.00
92.96
190.05
263.25
312.08
338.20
342.43
325.93
290.46
229.36
146.03
43.06
0.00
0.00
0.00
0.00
0.00
0.00
0.00
0.00
0.00
0.00
0.00
0.00
0.00
93.48
191.99
265.16
313.61
339.36
288.94
299.61
272.11
227.08
144.60
44.70
0.00
0.00
0.00
0.00
0.00
0.00
0.00
0.00
0.00
0.00
0.00
0.00
0.00
91.25
188.22
260.87
307.18
333.66
323.99
300.81
243.12
210.29
141.03
41.98
0.00
0.00
0.00
0.00
0.00
0.00
0.00
0.00
0.00
0.00
0.00
0.00
0.00
91.78
168.76
238.21
316.83
342.61
348.52
326.91
290.49
233.72
148.73
45.77
0.00
0.00
0.00
0.00
0.00
0.00
0.00
0.00
0.00
0.00
0.00
0.00
0.00
74.37
159.77
261.07
313.03
299.44
345.36
291.27
290.17
229.10
147.26
45.13
0.00
0.00
0.00
0.00
0.00
0.00
0.00
0.00
0.00
0.00
0.00
0.00
0.00
89.97
189.62
207.76
310.14
276.61
343.11
322.27
263.61
209.84
127.70
45.62
0.00
0.00
0.00
0.00
0.00
0.00
0.00
0.00
0.00
0.00
0.00
0.00
0.00
86.58
187.78
262.10
292.79
319.47
310.06
304.85
255.14
149.70
134.31
41.39
0.00
0.00
0.00
0.00
0.00
0.00
0.00
0.00
0.00
0.00
0.00
0.00
0.00
86.80
185.95
227.19
267.16
339.50
295.28
285.27
268.24
233.42
151.09
47.19
0.00
0.00
0.00
0.00
0.00
0.00
0.00
0.00
0.00
0.00
0.00
0.00
0.00
87.18
160.31
262.62
313.48
340.72
326.33
255.65
274.98
233.54
150.38
47.70
0.00
0.00
0.00
0.00
0.00
0.00
0.00
0.00
0.00
0.00
0.00
0.00
0.00
84.71
140.13
228.41
229.98
274.97
265.73
310.19
189.04
194.22
131.41
46.03
0.00
0.00
0.00
0.00
0.00
0.00
0.00
0.00
0.00
0.00
0.00
0.00
0.00
74.97
170.50
217.00
257.46
341.83
347.31
290.03
284.18
214.83
128.06
38.30
0.00
0.00
0.00
0.00
0.00
0.00
0.00
0.00
0.00
0.00
0.00
0.00
0.00
85.81
187.48
264.81
317.18
345.27
350.41
330.60
295.52
235.76
152.77
51.27
0.00
0.00
0.00
0.00
0.00
0.00
0.00
0.00
0.00
0.00
0.00
0.00
0.00
83.87
184.42
260.25
315.55
344.01
349.90
333.58
297.01
237.59
155.84
52.69
0.00
0.00
0.00
0.00
0.00
0.00
0.00
0.00
0.00
0.00
0.00
0.00
0.00
83.27
188.56
265.35
316.63
344.69
325.45
317.84
295.72
220.58
142.90
54.31
0.00
0.00
0.00
0.00
0.00
0.00
0.00
0.00
0.00
0.00
0.00
0.00
0.00
80.42
165.66
230.45
268.31
309.72
326.20
305.22
234.01
212.90
153.02
50.18
0.00
0.00
0.00
0.00
0.00
0.00
0.00
0.00
0.00
0.00
0.00
0.00
0.00
60.84
141.28
199.08
250.36
294.72
296.15
295.32
226.85
201.64
148.44
38.60
0.00
0.00
0.00
0.00
0.00
0.00
0.00
0.00
0.00
0.00
0.00
0.00
0.00
34.13
95.64
144.17
219.78
238.44
229.85
183.91
176.91
155.89
102.55
32.81
0.00
0.00
0.00
0.00
0.00
0.00
0.00
0.00
0.00
0.00
0.00
0.00
0.00
38.45
90.81
179.84
244.13
315.06
321.21
305.70
210.41
196.28
154.38
49.86
0.00
0.00
0.00
0.00
0.00
0.00
0.00
0.00
0.00
0.00
0.00
0.00
0.00
58.93
130.13
191.59
270.75
284.89
285.64
243.20
231.48
197.42
96.45
26.91
0.00
0.00
0.00
0.00
0.00
0.00
0.00
0.00
0.00
0.00
0.00
0.00
0.00
70.11
128.22
176.12
242.77
281.86
289.33
217.12
167.25
114.72
66.74
24.00
0.00
0.00
0.00
0.00
0.00
0.00
0.00
0.00
0.00
0.00
0.00
0.00
0.00
26.48
92.71
133.14
172.64
203.67
278.18
274.92
182.18
129.85
96.29
29.36
0.00
0.00
0.00
0.00
0.00
0.00
0.00
0.00
0.00
0.00
0.00
0.00
0.00
53.44
101.63
201.99
278.91
314.19
294.98
286.56
253.31
174.53
124.33
61.15
0.00
0.00
0.00
0.00
0.00
0.00
0.00
0.00
0.00
0.00
0.00
0.00
0.00
59.81
163.84
239.60
285.98
297.45
316.58
302.37
231.17
217.80
148.50
57.35
0.00
0.00
0.00
0.00
0.00
0.00
0.00
0.00
0.00
0.00
0.00
0.00
0.00
70.98
174.59
252.20
293.37
334.89
327.71
309.34
266.32
230.28
137.08
58.18
0.00
0.00
0.00
0.00
0.00
0.00
0.00
0.00
0.00
0.00
0.00
0.00
0.00
60.79
153.10
234.50
289.70
235.71
310.92
296.47
257.73
190.24
97.16
28.98
0.00
0.00
0.00
0.00
0.00
0.00
0.00
0.00
0.00
0.00
0.00
0.00
0.00
69.75
137.73
190.61
308.77
339.80
348.77
312.50
251.72
220.62
164.99
57.53
0.00
0.00
0.00
0.00
0.00
0.00
0.00
0.00
0.00
0.00
0.00
0.00
0.00
70.54
152.78
255.07
312.79
301.28
328.61
317.49
303.86
247.79
167.43
66.38
0.00
0.00
0.00
0.00
0.00
0.00
0.00
0.00
0.00
0.00
0.00
0.00
0.00
51.88
174.52
255.11
312.15
245.44
313.88
340.46
228.68
248.05
168.14
66.75
0.00
0.00
0.00
0.00
0.00
0.00
0.00
0.00
0.00
0.00
0.00
0.00
0.00
56.12
177.09
231.35
282.75
345.59
353.24
339.49
304.58
250.52
170.36
68.45
0.00
0.00
0.00
0.00
0.00
0.00
0.00
0.00
0.00
0.00
0.00
0.00
0.00
0.00
0.00
0.00
0.00
0.00
0.00
0.00
0.00
0.00
0.00
0.00
0.00
0.00
0.00
0.00
0.00