0.00
0.00
0.00
0.00
0.00
0.00
0.00
0.00
55.49
131.24
206.27
246.80
270.03
233.72
196.44
270.15
250.09
154.68
70.13
0.00
0.00
0.00
0.00
0.00
0.00
0.00
0.00
0.00
0.00
0.00
0.00
0.00
53.11
174.79
255.65
311.70
345.85
305.67
302.45
312.41
251.99
130.33
56.29
0.00
0.00
0.00
0.00
0.00
0.00
0.00
0.00
0.00
0.00
0.00
0.00
0.00
54.33
174.91
253.62
312.43
236.28
319.29
266.89
219.17
176.19
92.73
55.03
0.00
0.00
0.00
0.00
0.00
0.00
0.00
0.00
0.00
0.00
0.00
0.00
0.00
52.89
131.62
207.92
257.07
250.88
266.22
264.60
236.24
139.61
90.49
54.38
0.00
0.00
0.00
0.00
0.00
0.00
0.00
0.00
0.00
0.00
0.00
0.00
0.00
44.05
110.30
167.52
289.89
338.07
271.05
341.72
303.52
246.93
147.58
62.94
0.00
0.00
0.00
0.00
0.00
0.00
0.00
0.00
0.00
0.00
0.00
0.00
0.00
51.03
150.59
206.61
304.27
334.89
255.61
329.63
302.86
250.20
156.85
64.75
0.00
0.00
0.00
0.00
0.00
0.00
0.00
0.00
0.00
0.00
0.00
0.00
0.00
38.60
86.16
165.47
178.01
230.62
196.99
243.93
246.05
186.59
126.43
41.38
0.00
0.00
0.00
0.00
0.00
0.00
0.00
0.00
0.00
0.00
0.00
0.00
0.00
10.11
98.45
185.44
241.06
252.74
215.58
172.75
166.38
112.17
75.84
41.59
0.00
0.00
0.00
0.00
0.00
0.00
0.00
0.00
0.00
0.00
0.00
0.00
0.00
34.94
106.81
152.18
150.26
172.46
224.78
199.85
183.10
207.69
152.70
63.79
0.00
0.00
0.00
0.00
0.00
0.00
0.00
0.00
0.00
0.00
0.00
0.00
0.00
40.55
109.96
203.13
230.36
312.71
284.10
303.08
277.90
204.06
143.36
70.62
0.00
0.00
0.00
0.00
0.00
0.00
0.00
0.00
0.00
0.00
0.00
0.00
0.00
46.43
136.36
218.75
303.68
335.83
350.21
317.23
234.73
187.11
118.07
69.34
0.00
0.00
0.00
0.00
0.00
0.00
0.00
0.00
0.00
0.00
0.00
0.00
0.00
49.06
169.41
253.47
311.82
328.84
355.53
325.15
307.10
257.41
175.85
80.16
0.00
0.00
0.00
0.00
0.00
0.00
0.00
0.00
0.00
0.00
0.00
0.00
0.00
43.38
135.30
216.72
228.00
315.24
328.13
318.71
302.33
237.27
174.09
75.48
0.00
0.00
0.00
0.00
0.00
0.00
0.00
0.00
0.00
0.00
0.00
0.00
0.00
47.14
140.41
246.59
302.61
336.05
249.04
318.19
307.04
254.03
177.27
79.92
0.00
0.00
0.00
0.00
0.00
0.00
0.00
0.00
0.00
0.00
0.00
0.00
0.00
46.46
161.70
245.74
284.82
299.49
323.13
336.46
253.20
253.51
169.02
79.72
0.00
0.00
0.00
0.00
0.00
0.00
0.00
0.00
0.00
0.00
0.00
0.00
0.00
44.60
131.59
242.94
300.11
309.45
327.73
292.81
283.23
241.96
173.99
77.18
0.00
0.00
0.00
0.00
0.00
0.00
0.00
0.00
0.00
0.00
0.00
0.00
0.00
40.49
163.09
242.52
302.95
320.41
305.17
268.43
209.35
254.27
177.70
76.26
0.00
0.00
0.00
0.00
0.00
0.00
0.00
0.00
0.00
0.00
0.00
0.00
0.00
44.63
141.28
246.64
299.70
336.24
348.88
337.49
307.98
207.93
181.03
72.91
0.00
0.00
0.00
0.00
0.00
0.00
0.00
0.00
0.00
0.00
0.00
0.00
0.00
35.45
146.36
245.50
290.69
325.99
334.61
303.18
269.77
210.04
138.98
82.53
0.00
0.00
0.00
0.00
0.00
0.00
0.00
0.00
0.00
0.00
0.00
0.00
0.00
44.80
139.02
248.93
304.14
339.48
337.72
322.71
267.70
262.01
180.40
76.12
0.00
0.00
0.00
0.00
0.00
0.00
0.00
0.00
0.00
0.00
0.00
0.00
0.00
41.72
145.58
231.55
281.29
304.85
322.31
338.95
310.77
259.01
182.79
84.92
0.00
0.00
0.00
0.00
0.00
0.00
0.00
0.00
0.00
0.00
0.00
0.00
0.00
44.96
163.82
247.31
304.21
335.90
346.88
316.50
294.78
258.04
181.71
84.31
0.00
0.00
0.00
0.00
0.00
0.00
0.00
0.00
0.00
0.00
0.00
0.00
0.00
43.06
161.09
245.93
305.53
327.39
353.10
311.93
306.59
259.67
156.98
57.15
0.00
0.00
0.00
0.00
0.00
0.00
0.00
0.00
0.00
0.00
0.00
0.00
0.00
43.37
160.64
229.77
279.75
294.85
320.32
284.70
206.14
258.78
177.66
80.29
0.00
0.00
0.00
0.00
0.00
0.00
0.00
0.00
0.00
0.00
0.00
0.00
0.00
43.02
159.66
205.64
306.04
342.99
356.31
346.80
315.41
260.73
183.15
86.09
0.00
0.00
0.00
0.00
0.00
0.00
0.00
0.00
0.00
0.00
0.00
0.00
0.00
43.30
122.70
214.48
304.53
338.94
348.17
337.70
265.39
257.18
164.36
72.13
0.00
0.00
0.00
0.00
0.00
0.00
0.00
0.00
0.00
0.00
0.00
0.00
0.00
43.41
121.93
189.34
304.89
340.45
347.32
319.61
314.84
241.89
185.53
74.75
0.00
0.00
0.00
0.00
0.00
0.00
0.00
0.00
0.00
0.00
0.00
0.00
0.00
42.62
158.58
242.72
300.20
336.95
306.70
321.97
233.72
245.02
167.21
79.57
0.00
0.00
0.00
0.00
0.00
0.00
0.00
0.00
0.00
0.00
0.00
0.00
0.00
42.85
140.67
200.42
304.97
262.69
348.41
310.96
314.84
244.55
158.60
69.06
0.00
0.00
0.00
0.00
0.00
0.00
0.00
0.00
0.00
0.00
0.00
0.00
0.00
27.42
85.42
206.16
256.62
268.91
296.85
288.15
314.87
261.23
183.85
86.33
0.00
0.00
0.00
0.00
0.00
0.00
0.00
0.00
0.00
0.00
0.00
0.00
0.00
40.90
153.98
224.54
284.87
319.78
326.39
324.29
267.54
255.51
179.14
66.29
0.00
0.00
0.00
0.00
0.00
0.00
0.00
0.00
0.00
0.00
0.00
0.00
0.00
39.72
139.95
216.55
273.47
272.29
306.69
332.55
294.58
250.83
169.10
85.33
0.00
0.00
0.00
0.00
0.00
0.00
0.00
0.00
0.00
0.00
0.00
0.00
0.00
40.27
133.01
247.04
308.45
345.33
335.33
345.34
287.81
263.52
185.80
86.54
0.00
0.00
0.00
0.00
0.00
0.00
0.00
0.00
0.00
0.00
0.00
0.00
0.00
41.73
159.41
245.00
294.01
326.58
342.77
336.48
315.54
260.41
182.28
86.13
0.00
0.00
0.00
0.00
0.00
0.00
0.00
0.00
0.00
0.00
0.00
0.00
0.00
41.39
120.16
195.90
308.92
342.91
356.96
330.70
303.91
248.29
170.32
85.90
0.00
0.00
0.00
0.00
0.00
0.00
0.00
0.00
0.00
0.00
0.00
0.00
0.00
30.00
144.58
218.76
297.00
316.55
324.01
259.83
264.56
261.34
184.80
87.60
0.00
0.00
0.00
0.00
0.00
0.00
0.00
0.00
0.00
0.00
0.00
0.00
0.00
40.21
135.01
194.93
275.64
316.09
311.44
296.53
288.80
239.22
162.64
84.54
0.00
0.00
0.00
0.00
0.00
0.00
0.00
0.00
0.00
0.00
0.00
0.00
0.00
37.05
116.97
175.52
273.97
305.49
305.51
288.15
259.49
170.10
155.87
70.87
0.00
0.00
0.00
0.00
0.00
0.00
0.00
0.00
0.00
0.00
0.00
0.00
0.00
37.89
121.99
191.88
268.46
251.11
332.70
325.90
282.95
239.42
115.44
71.23
0.00
0.00
0.00
0.00
0.00
0.00
0.00
0.00
0.00
0.00
0.00
0.00
0.00
39.98
104.86
195.39
271.47
312.42
305.76
298.65
308.01
184.08
164.34
69.58
0.00
0.00
0.00
0.00
0.00
0.00
0.00
0.00
0.00
0.00
0.00
0.00
0.00
39.30
130.06
234.22
292.77
298.02
285.92
325.74
241.43
237.24
143.19
55.37
0.00
0.00
0.00
0.00
0.00
0.00
0.00
0.00
0.00
0.00
0.00
0.00
0.00
37.72
146.87
225.46
265.87
313.81
334.35
316.09
255.70
224.40
137.42
67.68
0.00
0.00
0.00
0.00
0.00
0.00
0.00
0.00
0.00
0.00
0.00
0.00
0.00
40.07
121.15
184.66
250.91
265.45
324.43
310.50
309.72
255.45
181.52
83.31
0.00
0.00
0.00
0.00
0.00
0.00
0.00
0.00
0.00
0.00
0.00
0.00
0.00
30.21
98.39
174.84
247.50
303.99
303.05
232.91
208.76
214.70
138.75
58.88
0.00
0.00
0.00
0.00
0.00
0.00
0.00
0.00
0.00
0.00
0.00
0.00
0.00
12.42
101.86
174.08
275.02
288.03
280.20
259.50
207.70
147.15
127.67
62.03
0.00
0.00
0.00
0.00
0.00
0.00
0.00
0.00
0.00
0.00
0.00
0.00
0.00
28.04
140.49
227.22
254.85
269.72
281.39
280.46
261.11
209.71
167.43
64.06
0.00
0.00
0.00
0.00
0.00
0.00
0.00
0.00
0.00
0.00
0.00
0.00
0.00
22.17
77.24
114.42
162.17
242.15
186.56
185.33
212.14
152.82
98.47
45.77
0.00
0.00
0.00
0.00
0.00
0.00
0.00
0.00
0.00
0.00
0.00
0.00
0.00
27.95
111.84
183.32
224.93
224.58
289.65
299.46
272.55
182.35
177.17
66.96
0.00
0.00
0.00
0.00
0.00
0.00
0.00
0.00
0.00
0.00
0.00
0.00
0.00
41.41
132.54
238.96
294.08
299.84
347.25
327.22
273.79
234.75
164.30
68.16
0.00
0.00
0.00
0.00
0.00
0.00
0.00
0.00
0.00
0.00
0.00
0.00
0.00
40.78
130.22
232.24
264.79
299.33
342.76
296.23
240.43
242.17
168.79
70.65
0.00
0.00
0.00
0.00
0.00
0.00
0.00
0.00
0.00
0.00
0.00
0.00
0.00
40.65
128.08
236.44
298.19
336.59
331.82
287.71
300.72
232.57
181.39
83.21
0.00
0.00
0.00
0.00
0.00
0.00
0.00
0.00
0.00
0.00
0.00
0.00
0.00
42.45
155.11
241.90
303.47
340.74
353.90
230.74
312.04
258.99
180.34
82.88
0.00
0.00
0.00
0.00
0.00
0.00
0.00
0.00
0.00
0.00
0.00
0.00
0.00
40.66
131.93
233.87
269.41
323.63
315.54
307.49
293.78
228.57
165.43
59.96
0.00
0.00
0.00
0.00
0.00
0.00
0.00
0.00
0.00
0.00
0.00
0.00
0.00
31.58
115.48
160.10
255.84
260.32
317.88
306.93
252.91
236.71
160.22
68.45
0.00
0.00
0.00
0.00
0.00
0.00
0.00
0.00
0.00
0.00
0.00
0.00
0.00
24.15
105.32
152.61
211.55
234.37
274.81
243.64
219.90
176.74
133.97
39.14
0.00
0.00
0.00
0.00
0.00
0.00
0.00
0.00
0.00
0.00
0.00
0.00
0.00
38.35
110.09
140.59
181.31
227.93
257.98
272.65
258.50
223.37
134.80
70.55
0.00
0.00
0.00
0.00
0.00
0.00
0.00
0.00
0.00
0.00
0.00
0.00
0.00
39.72
115.62
189.60
235.68
240.69
237.17
279.03
226.33
193.97
153.97
70.07
0.00
0.00
0.00
0.00
0.00
0.00
0.00
0.00
0.00
0.00
0.00
0.00
0.00
19.94
100.52
141.27
189.52
237.63
246.18
306.27
281.59
226.13
149.23
41.73
0.00
0.00
0.00
0.00
0.00
0.00
0.00
0.00
0.00
0.00
0.00
0.00
0.00
40.61
134.63
208.73
234.52
234.80
245.05
219.44
281.32
220.70
157.53
73.49
0.00
0.00
0.00
0.00
0.00
0.00
0.00
0.00
0.00
0.00
0.00
0.00
0.00
21.76
84.26
160.49
204.01
210.75
151.87
168.76
143.86
190.84
67.36
23.19
0.00
0.00
0.00
0.00
0.00
0.00
0.00
0.00
0.00
0.00
0.00
0.00
0.00
32.42
96.48
109.83
137.31
171.60
245.66
253.92
198.56
154.26
145.44
57.04
0.00
0.00
0.00
0.00
0.00
0.00
0.00
0.00
0.00
0.00
0.00
0.00
0.00
28.93
132.07
148.71
267.43
253.71
304.48
334.18
305.85
247.03
156.23
63.41
0.00
0.00
0.00
0.00
0.00
0.00
0.00
0.00
0.00
0.00
0.00
0.00
0.00
39.46
131.89
200.43
279.49
262.94
281.62
221.90
227.62
221.47
163.57
74.31
0.00
0.00
0.00
0.00
0.00
0.00
0.00
0.00
0.00
0.00
0.00
0.00
0.00
40.57
123.10
209.63
235.62
274.47
262.46
244.74
197.44
184.48
110.35
54.78
0.00
0.00
0.00
0.00
0.00
0.00
0.00
0.00
0.00
0.00
0.00
0.00
0.00
30.15
102.01
194.52
247.84
307.42
336.25
327.43
267.12
219.89
130.89
56.31
0.00
0.00
0.00
0.00
0.00
0.00
0.00
0.00
0.00
0.00
0.00
0.00
0.00
33.86
146.98
215.29
274.42
291.08
315.98
300.63
236.53
217.62
157.49
69.85
0.00
0.00
0.00
0.00
0.00
0.00
0.00
0.00
0.00
0.00
0.00
0.00
0.00
41.46
129.79
214.87
273.01
309.13
324.67
315.99
285.75
232.38
145.88
68.60
0.00
0.00
0.00
0.00
0.00
0.00
0.00
0.00
0.00
0.00
0.00
0.00
0.00
36.64
96.52
178.73
177.34
234.16
290.78
293.08
220.79
220.08
131.49
51.00
0.00
0.00
0.00
0.00
0.00
0.00
0.00
0.00
0.00
0.00
0.00
0.00
0.00
20.82
60.78
123.57
110.22
226.74
224.54
251.78
212.58
184.62
117.85
45.42
0.00
0.00
0.00
0.00
0.00
0.00
0.00
0.00
0.00
0.00
0.00
0.00
0.00
30.12
118.97
162.77
250.28
238.95
257.05
281.47
260.92
231.09
159.68
49.04
0.00
0.00
0.00
0.00
0.00
0.00
0.00
0.00
0.00
0.00
0.00
0.00
0.00
36.32
147.49
233.64
292.56
326.69
339.74
325.51
300.79
244.77
165.62
69.49
0.00
0.00
0.00
0.00
0.00
0.00
0.00
0.00
0.00
0.00
0.00
0.00
0.00
43.50
148.70
229.71
290.68
291.53
316.19
263.32
225.84
195.84
136.18
56.09
0.00
0.00
0.00
0.00
0.00
0.00
0.00
0.00
0.00
0.00
0.00
0.00
0.00
40.04
148.69
232.33
253.44
265.78
220.34
255.80
251.90
190.93
134.37
67.07
0.00
0.00
0.00
0.00
0.00
0.00
0.00
0.00
0.00
0.00
0.00
0.00
0.00
43.11
147.24
190.80
288.90
245.50
296.23
251.17
173.68
205.59
159.38
65.42
0.00
0.00
0.00
0.00
0.00
0.00
0.00
0.00
0.00
0.00
0.00
0.00
0.00
41.36
125.93
206.63
271.91
306.82
296.02
267.35
210.50
206.12
120.06
41.36
0.00
0.00
0.00
0.00
0.00
0.00
0.00
0.00
0.00
0.00
0.00
0.00
0.00
40.45
134.16
196.58
267.22
272.94
238.60
246.44
197.64
169.00
140.99
50.97
0.00
0.00
0.00
0.00
0.00
0.00
0.00
0.00
0.00
0.00
0.00
0.00
0.00
27.06
106.88
191.92
223.43
264.18
254.48
247.74
257.31
179.47
133.27
48.32
0.00
0.00
0.00
0.00
0.00
0.00
0.00
0.00
0.00
0.00
0.00
0.00
0.00
30.21
119.01
186.04
211.93
267.32
248.52
260.59
221.78
178.88
91.23
44.49
0.00
0.00
0.00
0.00
0.00
0.00
0.00
0.00
0.00
0.00
0.00
0.00
0.00
31.62
102.51
169.67
209.49
230.04
261.45
245.08
221.35
195.90
97.47
46.40
0.00
0.00
0.00
0.00
0.00
0.00
0.00
0.00
0.00
0.00
0.00
0.00
0.00
18.98
75.06
156.38
180.02
239.25
252.84
280.38
198.90
177.66
130.13
39.85
0.00
0.00
0.00
0.00
0.00
0.00
0.00
0.00
0.00
0.00
0.00
0.00
0.00
14.78
66.29
132.42
143.87
192.25
192.53
190.67
138.57
138.71
89.67
35.99
0.00
0.00
0.00
0.00
0.00
0.00
0.00
0.00
0.00
0.00
0.00
0.00
0.00
37.35
124.89
189.07
195.01
262.60
296.46
228.79
203.92
173.16
140.43
56.35
0.00
0.00
0.00
0.00
0.00
0.00
0.00
0.00
0.00
0.00
0.00
0.00
0.00
43.15
139.19
221.24
266.32
296.65
302.51
242.37
207.17
217.60
133.09
39.53
0.00
0.00
0.00
0.00
0.00
0.00
0.00
0.00
0.00
0.00
0.00
0.00
0.00
38.27
94.13
146.43
198.61
234.53
259.66
226.60
269.24
184.22
87.07
19.54
0.00
0.00
0.00
0.00
0.00
0.00
0.00
0.00
0.00
0.00
0.00
0.00
0.00
36.97
102.48
185.32
216.67
261.84
290.93
279.72
213.16
170.44
79.00
24.71
0.00
0.00
0.00
0.00
0.00
0.00
0.00
0.00
0.00
0.00
0.00
0.00
0.00
24.72
101.09
174.93
217.54
242.80
252.32
268.07
220.39
179.46
126.13
37.30
0.00
0.00
0.00
0.00
0.00
0.00
0.00
0.00
0.00
0.00
0.00
0.00
0.02
38.25
134.26
212.01
242.89
297.28
305.71
295.06
256.75
204.24
100.42
39.30
0.00
0.00
0.00
0.00
0.00
0.00
0.00
0.00
0.00
0.00
0.00
0.00
0.00
14.34
105.35
160.85
242.12
287.79
298.48
226.53
244.27
178.54
96.62
36.32
0.00
0.00
0.00
0.00
0.00
0.00
0.00
0.00
0.00
0.00
0.00
0.00
0.06
41.50
112.54
173.45
223.28
239.57
215.32
277.65
194.69
170.10
109.61
25.97
0.00
0.00
0.00
0.00
0.00
0.00
0.00
0.00
0.00
0.00
0.00
0.00
0.00
21.83
94.74
166.74
233.17
281.53
283.57
251.81
200.80
189.95
89.65
27.31
0.00
0.00
0.00
0.00
0.00
0.00
0.00
0.00
0.00
0.00
0.00
0.00
0.02
35.04
131.66
217.31
272.90
305.53
269.87
302.19
230.73
207.89
128.31
46.74
0.00
0.00
0.00
0.00
0.00
0.00
0.00
0.00
0.00
0.00
0.00
0.00
0.20
36.84
121.35
182.64
262.48
290.11
304.67
278.81
234.16
181.92
105.57
39.73
0.00
0.00
0.00
0.00
0.00
0.00
0.00
0.00
0.00
0.00
0.00
0.00
0.25
25.88
83.21
149.98
174.95
170.81
204.70
250.64
210.03
182.56
120.73
29.37
0.00
0.00
0.00
0.00
0.00
0.00
0.00
0.00
0.00
0.00
0.00
0.00
0.30
39.33
108.13
90.00
149.67
212.65
231.56
240.71
223.45
197.29
123.50
45.40
0.00
0.00
0.00
0.00
0.00
0.00
0.00
0.00
0.00
0.00
0.00
0.00
0.42
43.86
124.91
201.75
210.69
250.89
281.14
260.95
215.98
153.89
104.04
37.45
0.00
0.00
0.00
0.00
0.00
0.00
0.00
0.00
0.00
0.00
0.00
0.00
0.27
27.42
70.48
123.67
169.09
209.52
227.66
229.69
223.09
200.14
114.99
42.75
0.00
0.00
0.00
0.00
0.00
0.00
0.00
0.00
0.00
0.00
0.00
0.00
0.20
34.58
91.09
146.14
216.60
245.62
246.83
217.78
161.83
130.67
80.73
31.54
0.00
0.00
0.00
0.00
0.00
0.00
0.00
0.00
0.00
0.00
0.00
0.00
0.30
37.50
88.11
176.71
161.90
241.58
232.37
244.36
198.84
142.87
87.13
27.35
0.00
0.00
0.00
0.00
0.00
0.00
0.00
0.00
0.00
0.00
0.00
0.00
0.46
43.30
119.01
200.93
256.72
288.75
258.72
263.36
229.62
181.09
95.09
35.03
0.00
0.00
0.00
0.00
0.00
0.00
0.00
0.00
0.00
0.00
0.00
0.00
0.41
34.79
104.67
167.60
210.94
224.66
230.70
238.43
213.73
140.08
79.79
26.95
0.00
0.00
0.00
0.00
0.00
0.00
0.00
0.00
0.00
0.00
0.00
0.00
0.74
36.10
91.02
170.38
221.73
269.44
258.44
228.85
204.35
179.15
108.14
26.44
0.00
0.00
0.00
0.00
0.00
0.00
0.00
0.00
0.00
0.00
0.00
0.00
0.74
33.00
99.58
148.02
239.56
237.36
294.00
271.22
240.43
187.35
115.73
37.77
0.00
0.00
0.00
0.00
0.00
0.00
0.00
0.00
0.00
0.00
0.00
0.00
0.65
35.22
93.40
164.55
199.24
199.61
218.62
262.51
228.99
166.52
105.18
35.82
0.00
0.00
0.00
0.00
0.00
0.00
0.00
0.00
0.00
0.00
0.00
0.00
1.27
38.08
131.04
198.45
253.52
285.45
292.66
278.68
250.81
167.97
112.22
35.83
0.00
0.00
0.00
0.00
0.00
0.00
0.00
0.00
0.00
0.00
0.00
0.00
1.34
37.30
116.78
186.64
215.60
234.89
243.74
228.53
204.51
153.48
93.87
30.96
0.00
0.00
0.00
0.00
0.00
0.00
0.00
0.00
0.00
0.00
0.00
0.00
0.61
26.02
89.24
130.41
205.39
196.88
223.94
209.94
215.35
113.91
50.00
29.44
0.00
0.00
0.00
0.00
0.00
0.00
0.00
0.00
0.00
0.00
0.00
0.00
1.16
39.58
104.78
181.51
221.80
262.47
287.08
269.15
225.69
180.32
100.66
29.24
0.00
0.00
0.00
0.00
0.00
0.00
0.00
0.00
0.00
0.00
0.00
0.00
1.32
39.96
108.15
189.96
230.80
253.87
229.21
262.08
230.54
171.01
103.06
33.38
0.00
0.00
0.00
0.00
0.00
0.00
0.00
0.00
0.00
0.00
0.00
0.00
1.48
41.51
107.02
155.23
201.61
237.82
242.72
263.53
224.73
161.61
106.74
30.63
0.00
0.00
0.00
0.00
0.00
0.00
0.00
0.00
0.00
0.00
0.00
0.00
1.45
27.79
87.84
172.14
228.89
266.26
265.01
240.74
193.02
157.64
83.25
29.40
0.00
0.00
0.00
0.00
0.00
0.00
0.00
0.00
0.00
0.00
0.00
0.00
1.50
27.90
95.40
152.12
203.18
242.37
255.76
226.05
202.54
160.42
108.87
34.80
0.00
0.00
0.00
0.00
0.00
0.00
0.00
0.00
0.00
0.00
0.00
0.00
1.91
35.02
87.25
161.27
212.88
263.37
271.48
270.97
245.55
155.42
93.12
25.64
0.00
0.00
0.00
0.00
0.00
0.00
0.00
0.00
0.00
0.00
0.00
0.00
2.19
30.75
82.64
121.53
188.76
245.36
200.87
220.53
191.64
160.35
85.15
24.65
0.00
0.00
0.00
0.00
0.00
0.00
0.00
0.00
0.00
0.00
0.00
0.00
0.95
18.27
81.05
146.37
167.44
213.85
209.36
138.43
139.58
148.58
95.33
24.48
0.00
0.00
0.00
0.00
0.00
0.00
0.00
0.00
0.00
0.00
0.00
0.00
1.69
35.27
109.61
161.85
236.31
227.20
238.36
247.97
195.85
145.64
84.72
25.66
0.00
0.00
0.00
0.00
0.00
0.00
0.00
0.00
0.00
0.00
0.00
0.00
0.90
36.90
102.40
158.90
181.69
217.44
250.72
226.98
213.06
171.73
98.68
32.04
0.00
0.00
0.00
0.00
0.00
0.00
0.00
0.00
0.00
0.00
0.00
0.00
2.46
39.09
106.92
169.94
221.27
252.99
248.63
210.39
193.26
151.02
82.77
30.11
0.00
0.00
0.00
0.00
0.00
0.00
0.00
0.00
0.00
0.00
0.00
0.00
1.38
30.78
74.23
116.41
172.78
211.68
228.16
237.74
207.17
157.30
99.43
26.71
0.00
0.00
0.00
0.00
0.00
0.00
0.00
0.00
0.00
0.00
0.00
0.00
3.25
41.12
122.42
194.97
248.06
278.01
285.59
269.25
230.67
162.49
88.14
31.79
0.00
0.00
0.00
0.00
0.00
0.00
0.00
0.00
0.00
0.00
0.00
0.00
3.47
38.47
111.46
189.58
248.42
271.75
279.86
265.25
230.70
179.19
102.85
31.25
0.00
0.00
0.00
0.00
0.00
0.00
0.00
0.00
0.00
0.00
0.00
0.00
2.39
39.87
99.53
179.59
209.99
262.96
243.58
264.38
196.71
140.49
73.08
21.96
0.00
0.00
0.00
0.00
0.00
0.00
0.00
0.00
0.00
0.00
0.00
0.00
2.00
23.59
96.26
150.07
187.86
228.57
231.52
215.97
214.27
134.88
87.23
28.86
0.00
0.00
0.00
0.00
0.00
0.00
0.00
0.00
0.00
0.00
0.00
0.00
2.83
36.08
87.41
159.90
167.92
193.55
215.04
165.56
136.18
98.37
56.24
22.39
0.00
0.00
0.00
0.00
0.00
0.00
0.00
0.00
0.00
0.00
0.00
0.00
3.16
18.60
62.76
149.83
167.23
179.07
195.48
199.11
207.06
115.34
87.31
25.95
0.00
0.00
0.00
0.00
0.00
0.00
0.00
0.00
0.00
0.00
0.00
0.00
2.34
32.72
86.09
137.98
190.71
208.33
219.80
208.15
184.88
107.07
69.41
28.73
0.00
0.00
0.00
0.00
0.00
0.00
0.00
0.00
0.00
0.00
0.00
0.00
3.96
40.09
103.80
179.09
231.04
241.00
187.19
226.80
200.61
137.24
95.42
27.36
0.00
0.00
0.00
0.00
0.00
0.00
0.00
0.00
0.00
0.00
0.00
0.00
3.82
40.73
95.28
178.59
161.67
192.85
187.40
199.81
170.32
166.18
94.50
27.45
0.00
0.00
0.00
0.00
0.00
0.00
0.00
0.00
0.00
0.00
0.00
0.00
3.24
39.50
113.68
173.22
202.43
232.87
242.12
224.32
203.87
113.87
74.45
22.81
0.00
0.00
0.00
0.00
0.00
0.00
0.00
0.00
0.00
0.00
0.00
0.00
1.69
24.69
91.53
135.46
187.17
226.20
238.90
227.07
196.25
133.96
83.21
28.79
0.00
0.00
0.00
0.00
0.00
0.00
0.00
0.00
0.00
0.00
0.00
0.00
4.07
38.01
103.08
179.98
203.31
224.27
223.18
213.16
201.13
134.69
76.69
21.59
0.00
0.00
0.00
0.00
0.00
0.00
0.00
0.00
0.00
0.00
0.00
0.00
3.33
37.28
97.73
147.66
198.55
191.44
189.40
198.00
177.39
139.44
69.25
20.58
0.00
0.00
0.00
0.00
0.00
0.00
0.00
0.00
0.00
0.00
0.00
0.00
1.94
31.33
97.69
147.50
181.85
205.80
241.82
212.53
180.25
136.35
78.78
21.54
0.00
0.00
0.00
0.00
0.00
0.00
0.00
0.00
0.00
0.00
0.00
0.00
2.62
30.11
89.56
136.44
189.25
172.32
199.76
184.91
166.61
140.40
71.27
18.34
0.00
0.00
0.00
0.00
0.00
0.00
0.00
0.00
0.00
0.00
0.00
0.00
2.26
33.24
79.62
121.68
136.55
152.29
174.80
175.94
165.58
142.09
86.31
23.46
0.00
0.00
0.00
0.00
0.00
0.00
0.00
0.00
0.00
0.00
0.00
0.00
4.40
36.58
103.82
154.67
220.00
214.33
240.16
233.20
208.05
155.40
87.60
26.75
0.00
0.00
0.00
0.00
0.00
0.00
0.00
0.00
0.00
0.00
0.00
0.00
2.43
28.75
91.27
140.17
185.06
228.89
213.92
199.68
161.38
94.73
81.10
25.69
0.00
0.00
0.00
0.00
0.00
0.00
0.00
0.00
0.00
0.00
0.00
0.00
4.18
23.35
89.03
143.61
202.27
211.62
234.44
224.76
210.25
140.21
78.82
18.52
0.00
0.00
0.00
0.00
0.00
0.00
0.00
0.00
0.00
0.00
0.00
0.00
2.65
31.71
80.69
156.31
196.98
230.68
244.19
239.33
217.66
154.51
84.64
23.67
0.00
0.00
0.00
0.00
0.00
0.00
0.00
0.00
0.00
0.00
0.00
0.00
4.68
31.98
96.47
167.47
212.82
237.09
236.86
228.51
202.39
152.04
73.78
26.56
0.00
0.00
0.00
0.00
0.00
0.00
0.00
0.00
0.00
0.00
0.00
0.00
4.42
35.73
104.53
151.69
224.93
243.97
216.76
221.26
166.72
133.14
72.41
23.26
0.00
0.00
0.00
0.00
0.00
0.00
0.00
0.00
0.00
0.00
0.00
0.00
4.50
28.51
97.83
166.39
212.07
221.34
232.15
224.34
201.12
125.44
47.78
23.21
0.00
0.00
0.00
0.00
0.00
0.00
0.00
0.00
0.00
0.00
0.00
0.00
2.52
25.89
79.67
126.00
154.41
200.91
240.07
219.25
172.69
107.69
69.46
16.55
0.00
0.00
0.00
0.00
0.00
0.00
0.00
0.00
0.00
0.00
0.00
0.00
2.81
31.76
75.66
134.27
173.96
221.55
252.50
234.44
200.79
119.18
67.00
24.54
0.00
0.00
0.00
0.00
0.00
0.00
0.00
0.00
0.00
0.00
0.00
0.00
4.17
34.14
99.55
162.16
209.85
212.26
247.69
230.85
177.57
123.06
81.70
13.96
0.00
0.00
0.00
0.00
0.00
0.00
0.00
0.00
0.00
0.00
0.00
0.00
2.97
30.31
72.16
70.55
118.51
179.72
222.51
216.70
127.63
124.20
75.62
23.42
0.00
0.00
0.00
0.00
0.00
0.00
0.00
0.00
0.00
0.00
0.00
0.00
2.85
26.40
93.95
155.46
176.41
207.47
200.47
204.45
151.71
130.47
61.42
24.67
0.00
0.00
0.00
0.00
0.00
0.00
0.00
0.00
0.00
0.00
0.00
0.00
4.32
26.67
95.21
156.23
205.14
229.61
234.35
230.29
200.78
135.71
73.41
21.54
0.00
0.00
0.00
0.00
0.00
0.00
0.00
0.00
0.00
0.00
0.00
0.00
0.87
16.80
38.12
60.02
87.41
132.51
170.66
162.33
167.20
117.62
64.09
21.69
0.00
0.00
0.00
0.00
0.00
0.00
0.00
0.00
0.00
0.00
0.00
0.00
0.27
16.97
42.72
108.26
140.98
151.63
165.56
165.68
164.58
126.06
76.69
19.49
0.00
0.00
0.00
0.00
0.00
0.00
0.00
0.00
0.00
0.00
0.00
0.00
4.75
30.15
97.65
156.14
201.13
210.19
228.59
219.39
168.05
128.74
83.03
22.78
0.00
0.00
0.00
0.00
0.00
0.00
0.00
0.00
0.00
0.00
0.00
0.00
1.83
22.81
88.02
138.95
168.44
185.57
218.53
203.00
174.49
140.94
49.53
22.53
0.00
0.00
0.00
0.00
0.00
0.00
0.00
0.00
0.00
0.00
0.00
0.00
0.32
26.71
59.21
84.38
136.36
164.50
150.11
173.27
178.65
139.31
54.95
18.38
0.00
0.00
0.00
0.00
0.00
0.00
0.00
0.00
0.00
0.00
0.00
0.00
2.71
17.74
69.29
103.70
170.72
208.38
207.00
202.34
171.27
143.25
53.89
20.44
0.00
0.00
0.00
0.00
0.00
0.00
0.00
0.00
0.00
0.00
0.00
0.00
1.44
32.80
69.40
134.79
173.26
211.70
206.11
197.39
158.95
100.67
57.01
20.69
0.00
0.00
0.00
0.00
0.00
0.00
0.00
0.00
0.00
0.00
0.00
0.00
1.74
23.33
47.03
122.21
156.90
186.86
187.05
200.81
176.90
91.44
56.77
21.95
0.00
0.00
0.00
0.00
0.00
0.00
0.00
0.00
0.00
0.00
0.00
0.00
3.02
24.26
71.38
133.23
200.91
218.44
203.44
220.27
193.27
118.29
61.73
18.43
0.00
0.00
0.00
0.00
0.00
0.00
0.00
0.00
0.00
0.00
0.00
0.00
4.36
29.93
96.36
158.98
215.43
235.46
228.06
224.74
182.16
141.26
49.92
22.73
0.00
0.00
0.00
0.00
0.00
0.00
0.00
0.00
0.00
0.00
0.00
0.00
3.90
29.41
82.03
141.31
183.18
196.73
234.63
209.17
186.63
148.73
79.20
20.75
0.00
0.00
0.00
0.00
0.00
0.00
0.00
0.00
0.00
0.00
0.00
0.00
3.90
31.98
93.28
154.32
193.68
225.58
208.93
223.49
195.66
139.42
76.46
24.61
0.00
0.00
0.00
0.00
0.00
0.00
0.00
0.00
0.00
0.00
0.00
0.00
3.41
30.69
91.65
157.27
202.03
230.90
240.87
191.72
197.14
146.44
75.16
20.19
0.00
0.00
0.00
0.00
0.00
0.00
0.00
0.00
0.00
0.00
0.00
0.00
4.25
31.20
94.53
157.12
213.01
241.82
251.04
237.52
201.73
147.60
80.60
20.91
0.00
0.00
0.00
0.00
0.00
0.00
0.00
0.00
0.00
0.00
0.00
0.00
3.97
34.69
93.33
153.99
191.12
213.49
217.90
176.22
162.25
144.47
81.30
21.52
0.00
0.00
0.00
0.00
0.00
0.00
0.00
0.00
0.00
0.00
0.00
0.00
3.93
26.99
92.12
155.58
205.66
231.77
217.22
226.73
206.97
152.64
81.49
19.44
0.00
0.00
0.00
0.00
0.00
0.00
0.00
0.00
0.00
0.00
0.00
0.00
2.94
27.23
92.83
162.78
213.70
242.86
249.46
230.47
205.50
136.14
79.99
22.49
0.00
0.00
0.00
0.00
0.00
0.00
0.00
0.00
0.00
0.00
0.00
0.00
3.51
28.55
84.08
150.15
184.63
207.59
230.04
226.02
198.67
152.24
71.18
20.91
0.00
0.00
0.00
0.00
0.00
0.00
0.00
0.00
0.00
0.00
0.00
0.00
3.52
31.77
89.66
150.47
203.77
220.78
225.81
218.09
125.27
106.88
55.84
17.81
0.00
0.00
0.00
0.00
0.00
0.00
0.00
0.00
0.00
0.00
0.00
0.00
3.08
33.06
89.18
145.57
198.17
222.90
225.63
196.29
152.73
105.85
53.10
24.68
0.00
0.00
0.00
0.00
0.00
0.00
0.00
0.00
0.00
0.00
0.00
0.00
3.24
22.10
89.39
148.76
186.94
203.14
211.97
213.64
189.63
132.03
82.54
23.47
0.00
0.00
0.00
0.00
0.00
0.00
0.00
0.00
0.00
0.00
0.00
0.00
2.74
22.59
85.54
133.93
187.96
224.85
212.66
182.82
185.69
142.39
80.09
23.58
0.00
0.00
0.00
0.00
0.00
0.00
0.00
0.00
0.00
0.00
0.00
0.00
2.49
30.07
84.84
138.29
194.00
212.95
201.11
165.46
163.69
129.61
78.90
26.30
2.68
0.00
0.00
0.00
0.00
0.00
0.00
0.00
0.00
0.00
0.00
0.00
3.29
27.20
87.84
153.75
206.46
234.47
197.34
199.62
176.02
130.26
65.25
12.06
0.32
0.00
0.00
0.00
0.00
0.00
0.00
0.00
0.00
0.00
0.00
0.00
3.02
28.15
89.78
159.86
182.83
220.73
251.62
239.60
205.23
138.51
83.57
17.26
2.34
0.00
0.00
0.00
0.00
0.00
0.00
0.00
0.00
0.00
0.00
0.00
3.39
23.51
89.16
158.87
211.14
242.23
225.52
220.09
173.95
124.96
64.17
19.79
0.09
0.00
0.00
0.00
0.00
0.00
0.00
0.00
0.00
0.00
0.00
0.00
2.11
27.98
84.64
129.09
179.51
212.96
195.19
169.46
159.05
117.74
66.25
22.93
1.35
0.00
0.00
0.00
0.00
0.00
0.00
0.00
0.00
0.00
0.00
0.00
0.36
20.45
62.99
93.87
146.16
167.78
165.40
155.07
110.25
76.64
58.84
16.26
2.29
0.00
0.00
0.00
0.00
0.00
0.00
0.00
0.00
0.00
0.00
0.00
2.26
26.54
82.85
138.48
163.51
185.39
213.91
235.25
186.87
144.23
73.81
26.72
0.52
0.00
0.00
0.00
0.00
0.00
0.00
0.00
0.00
0.00
0.00
0.00
1.98
25.25
85.29
147.30
194.84
191.44
208.48
171.77
176.91
136.58
86.00
25.76
1.67
0.00
0.00
0.00
0.00
0.00
0.00
0.00
0.00
0.00
0.00
0.00
0.81
9.42
64.51
115.42
191.22
223.29
242.92
232.86
206.85
150.50
85.50
23.26
2.38
0.00
0.00
0.00
0.00
0.00
0.00
0.00
0.00
0.00
0.00
0.00
3.13
22.85
88.82
159.83
212.14
244.04
254.03
241.91
208.91
150.34
63.79
21.65
2.23
0.00
0.00
0.00
0.00
0.00
0.00
0.00
0.00
0.00
0.00
0.00
3.01
22.78
88.10
156.85
203.86
237.37
239.61
222.46
198.94
141.08
77.86
27.62
1.84
0.00
0.00
0.00
0.00
0.00
0.00
0.00
0.00
0.00
0.00
0.00
2.17
30.08
79.56
136.22
174.57
197.50
189.72
180.46
140.89
119.98
83.31
32.10
2.66
0.00
0.00
0.00
0.00
0.00
0.00
0.00
0.00
0.00
0.00
0.00
0.99
21.42
82.66
137.98
189.53
232.76
236.59
215.68
186.27
133.88
82.67
24.69
1.36
0.00
0.00
0.00
0.00
0.00
0.00
0.00
0.00
0.00
0.00
0.00
0.71
12.07
59.40
133.13
162.94
208.00
215.53
214.22
169.65
130.23
82.06
26.28
2.56
0.00
0.00
0.00
0.00
0.00
0.00
0.00
0.00
0.00
0.00
0.00
1.11
24.26
84.85
152.93
165.02
229.75
233.18
217.77
183.30
90.00
51.01
24.19
0.81
0.00
0.00
0.00
0.00
0.00
0.00
0.00
0.00
0.00
0.00
0.00
2.40
22.91
73.19
130.40
191.77
204.66
236.70
187.10
209.13
128.01
86.00
20.47
0.42
0.00
0.00
0.00
0.00
0.00
0.00
0.00
0.00
0.00
0.00
0.00
2.43
25.46
85.01
153.91
181.19
240.15
225.66
201.78
161.02
117.75
67.31
20.20
0.42
0.00
0.00
0.00
0.00
0.00
0.00
0.00
0.00
0.00
0.00
0.00
2.57
20.56
84.64
147.87
173.90
207.95
210.77
208.50
168.89
142.19
82.40
26.13
1.29
0.00
0.00
0.00
0.00
0.00
0.00
0.00
0.00
0.00
0.00
0.00
0.79
29.05
76.46
152.69
203.22
231.55
201.57
159.61
130.43
99.14
52.45
24.48
1.05
0.00
0.00
0.00
0.00
0.00
0.00
0.00
0.00
0.00
0.00
0.00
0.27
15.85
58.25
125.06
173.12
174.77
206.58
183.25
175.84
133.68
72.26
23.50
1.17
0.00
0.00
0.00
0.00
0.00
0.00
0.00
0.00
0.00
0.00
0.00
2.07
26.38
87.50
145.48
164.53
212.90
229.00
245.49
200.43
135.83
84.79
19.26
0.52
0.00
0.00
0.00
0.00
0.00
0.00
0.00
0.00
0.00
0.00
0.00
2.16
24.38
89.76
158.43
208.61
226.91
254.93
224.03
197.16
158.99
86.21
24.60
0.02
0.00
0.00
0.00
0.00
0.00
0.00
0.00
0.00
0.00
0.00
0.00
0.90
15.06
62.16
126.32
168.78
174.38
192.22
207.40
160.57
129.90
65.39
23.09
0.58
0.00
0.00
0.00
0.00
0.00
0.00
0.00
0.00
0.00
0.00
0.00
1.54
22.85
80.33
145.88
192.99
205.55
225.38
213.29
185.83
123.70
68.94
23.90
1.11
0.00
0.00
0.00
0.00
0.00
0.00
0.00
0.00
0.00
0.00
0.00
0.97
17.35
78.00
148.48
181.66
203.88
229.81
219.17
207.45
132.39
84.94
28.41
2.61
0.00
0.00
0.00
0.00
0.00
0.00
0.00
0.00
0.00
0.00
0.00
1.99
23.39
87.14
135.76
210.36
204.73
237.84
230.81
190.45
144.08
81.39
31.82
1.41
0.00
0.00
0.00
0.00
0.00
0.00
0.00
0.00
0.00
0.00
0.00
0.84
21.82
47.00
95.74
147.28
163.58
198.48
195.36
154.18
127.04
61.46
30.37
1.69
0.00
0.00
0.00
0.00
0.00
0.00
0.00
0.00
0.00
0.00
0.00
0.06
7.38
44.72
86.92
118.44
135.54
159.78
187.09
163.51
126.55
70.93
25.58
1.82
0.00
0.00
0.00
0.00
0.00
0.00
0.00
0.00
0.00
0.00
0.00
1.12
28.96
86.21
139.78
191.40
178.58
224.22
210.14
160.41
130.53
80.67
31.83
2.84
0.00
0.00
0.00
0.00
0.00
0.00
0.00
0.00
0.00
0.00
0.00
1.18
24.04
79.61
142.17
197.54
207.92
231.11
229.47
208.62
140.07
72.62
27.94
0.57
0.00
0.00
0.00
0.00
0.00
0.00
0.00
0.00
0.00
0.00
0.00
1.77
23.76
91.42
162.49
212.78
248.58
254.71
221.96
161.89
165.09
96.84
29.70
2.14
0.00
0.00
0.00
0.00
0.00
0.00
0.00
0.00
0.00
0.00
0.00
0.97
19.45
65.86
147.88
205.05
232.33
234.72
225.02
207.77
126.04
94.48
22.34
0.74
0.00
0.00
0.00
0.00
0.00
0.00
0.00
0.00
0.00
0.00
0.00
1.30
24.44
88.13
156.45
212.54
243.52
230.46
220.31
180.02
86.21
61.18
24.99
1.04
0.00
0.00
0.00
0.00
0.00
0.00
0.00
0.00
0.00
0.00
0.00
1.05
28.00
77.60
146.00
202.61
219.57
229.86
225.49
202.13
168.36
88.06
33.13
2.06
0.00
0.00
0.00
0.00
0.00
0.00
0.00
0.00
0.00
0.00
0.00
1.40
26.39
92.91
153.53
200.61
224.69
202.07
224.88
141.03
85.12
65.39
26.73
1.74
0.00
0.00
0.00
0.00
0.00
0.00
0.00
0.00
0.00
0.00
0.00
1.32
26.22
92.52
154.36
214.78
243.84
258.56
237.94
188.42
167.40
96.31
29.48
2.31
0.00
0.00
0.00
0.00
0.00
0.00
0.00
0.00
0.00
0.00
0.00
1.29
25.92
95.01
164.53
220.11
235.90
234.10
234.14
178.60
164.53
87.91
32.55
2.93
0.00
0.00
0.00
0.00
0.00
0.00
0.00
0.00
0.00
0.00
0.00
1.42
19.24
84.63
132.68
183.32
234.24
202.28
193.65
221.37
161.83
94.05
30.75
1.28
0.00
0.00
0.00
0.00
0.00
0.00
0.00
0.00
0.00
0.00
0.00
0.90
24.61
79.84
152.30
163.93
189.69
176.10
175.65
170.54
116.74
63.50
30.13
3.17
0.00
0.00
0.00
0.00
0.00
0.00
0.00
0.00
0.00
0.00
0.00
0.10
20.87
70.18
144.59
193.02
221.64
223.72
222.89
204.35
153.23
44.33
24.25
0.02
0.00
0.00
0.00
0.00
0.00
0.00
0.00
0.00
0.00
0.00
0.00
0.56
27.22
75.32
154.60
192.41
206.67
199.68
205.61
167.28
139.12
93.30
31.02
2.63
0.00
0.00
0.00
0.00
0.00
0.00
0.00
0.00
0.00
0.00
0.00
0.89
24.53
90.11
150.74
200.36
222.04
237.07
207.52
208.04
169.17
82.98
25.99
0.92
0.00
0.00
0.00
0.00
0.00
0.00
0.00
0.00
0.00
0.00
0.00
0.79
24.33
83.60
158.97
200.11
198.48
196.50
197.10
187.94
99.43
76.13
27.81
2.49
0.00
0.00
0.00
0.00
0.00
0.00
0.00
0.00
0.00
0.00
0.00
0.73
25.15
52.14
118.76
136.01
125.91
157.51
194.76
184.43
151.45
100.27
32.78
2.89
0.00
0.00
0.00
0.00
0.00
0.00
0.00
0.00
0.00
0.00
0.00
0.96
28.19
87.78
140.42
208.64
248.74
242.17
208.41
201.96
146.48
105.02
34.02
2.08
0.00
0.00
0.00
0.00
0.00
0.00
0.00
0.00
0.00
0.00
0.00
0.78
27.52
79.04
136.41
153.20
189.63
234.08
244.12
214.12
144.57
86.60
25.15
0.00
0.00
0.00
0.00
0.00
0.00
0.00
0.00
0.00
0.00
0.00
0.00
0.80
26.68
97.38
148.55
211.21
242.68
261.40
247.97
172.36
126.08
83.20
23.07
0.00
0.00
0.00
0.00
0.00
0.00
0.00
0.00
0.00
0.00
0.00
0.00
1.04
29.15
101.38
176.68
218.91
242.69
268.87
235.89
216.91
129.00
57.46
25.32
0.00
0.00
0.00
0.00
0.00
0.00
0.00
0.00
0.00
0.00
0.00
0.00
0.71
23.39
91.50
167.90
181.48
245.72
223.77
224.78
144.88
130.79
69.62
29.57
0.00
0.00
0.00
0.00
0.00
0.00
0.00
0.00
0.00
0.00
0.00
0.00
0.71
19.71
89.19
137.18
189.79
163.29
231.90
234.21
195.25
124.14
86.39
24.08
0.00
0.00
0.00
0.00
0.00
0.00
0.00
0.00
0.00
0.00
0.00
0.00
0.90
23.91
67.22
136.87
190.33
237.18
231.93
252.36
224.86
176.41
105.17
33.77
0.00
0.00
0.00
0.00
0.00
0.00
0.00
0.00
0.00
0.00
0.00
0.00
0.92
31.65
96.71
160.30
217.30
230.45
225.64
232.43
211.00
176.36
77.10
26.26
0.00
0.00
0.00
0.00
0.00
0.00
0.00
0.00
0.00
0.00
0.00
0.00
0.55
21.54
66.82
133.39
195.13
230.11
246.80
240.99
219.83
153.15
71.19
26.88
0.00
0.00
0.00
0.00
0.00
0.00
0.00
0.00
0.00
0.00
0.00
0.00
0.41
25.17
85.57
160.44
209.35
231.97
239.04
209.03
189.21
167.56
87.10
27.88
0.00
0.00
0.00
0.00
0.00
0.00
0.00
0.00
0.00
0.00
0.00
0.00
0.79
26.22
102.40
162.69
196.01
232.96
234.80
220.78
107.89
72.81
51.06
20.37
0.00
0.00
0.00
0.00
0.00
0.00
0.00
0.00
0.00
0.00
0.00
0.00
0.55
28.76
87.18
150.75
181.85
209.78
225.54
198.92
143.53
99.74
67.86
30.71
0.00
0.00
0.00
0.00
0.00
0.00
0.00
0.00
0.00
0.00
0.00
0.00
0.00
29.47
78.39
108.99
151.77
187.97
217.47
222.41
221.94
168.44
110.08
33.90
0.00
0.00
0.00
0.00
0.00
0.00
0.00
0.00
0.00
0.00
0.00
0.00
0.74
32.18
110.58
178.75
226.51
241.00
262.08
238.50
193.46
137.53
70.45
23.70
0.00
0.00
0.00
0.00
0.00
0.00
0.00
0.00
0.00
0.00
0.00
0.00
0.60
27.98
94.49
163.06
217.51
255.66
258.15
233.36
203.31
154.40
107.39
34.33
0.00
0.00
0.00
0.00
0.00
0.00
0.00
0.00
0.00
0.00
0.00
0.00
0.56
33.51
112.19
171.76
196.11
256.97
213.22
181.43
138.06
113.72
64.49
28.94
0.00
0.00
0.00
0.00
0.00
0.00
0.00
0.00
0.00
0.00
0.00
0.00
0.53
31.88
97.19
150.02
203.40
254.36
192.06
162.50
145.75
107.02
77.77
27.47
0.00
0.00
0.00
0.00
0.00
0.00
0.00
0.00
0.00
0.00
0.00
0.00
0.75
26.42
102.25
150.32
215.52
259.16
245.07
208.46
234.42
167.50
100.08
36.02
0.00
0.00
0.00
0.00
0.00
0.00
0.00
0.00
0.00
0.00
0.00
0.00
0.67
25.25
86.19
128.63
177.98
219.03
236.62
226.13
199.52
155.17
91.14
35.19
0.00
0.00
0.00
0.00
0.00
0.00
0.00
0.00
0.00
0.00
0.00
0.00
0.31
30.10
96.61
161.99
213.25
236.84
244.05
206.78
174.26
131.48
80.97
28.54
0.00
0.00
0.00
0.00
0.00
0.00
0.00
0.00
0.00
0.00
0.00
0.00
0.15
23.14
81.14
161.75
208.62
239.34
240.59
189.98
172.66
107.36
78.12
34.63
0.00
0.00
0.00
0.00
0.00
0.00
0.00
0.00
0.00
0.00
0.00
0.00
0.54
26.84
91.48
154.68
230.77
235.41
265.64
220.53
212.90
141.38
74.98
26.73
0.00
0.00
0.00
0.00
0.00
0.00
0.00
0.00
0.00
0.00
0.00
0.00
0.79
31.22
89.68
139.63
176.46
227.32
251.09
241.36
203.07
152.00
81.03
26.82
0.00
0.00
0.00
0.00
0.00
0.00
0.00
0.00
0.00
0.00
0.00
0.00
0.59
28.76
77.31
154.47
195.58
255.58
247.53
210.49
198.40
172.70
99.93
30.45
0.00
0.00
0.00
0.00
0.00
0.00
0.00
0.00
0.00
0.00
0.00
0.00
0.00
20.56
44.85
86.73
106.09
139.95
214.58
228.23
174.35
140.49
103.91
31.29
0.00
0.00
0.00
0.00
0.00
0.00
0.00
0.00
0.00
0.00
0.00
0.00
0.24
16.95
71.18
103.01
166.90
221.48
220.93
208.24
189.37
147.03
80.41
32.79
0.00
0.00
0.00
0.00
0.00
0.00
0.00
0.00
0.00
0.00
0.00
0.00
0.99
35.83
112.16
174.42
188.18
238.57
190.49
207.52
190.94
163.30
91.42
23.84
0.00
0.00
0.00
0.00
0.00
0.00
0.00
0.00
0.00
0.00
0.00
0.00
0.89
31.99
93.94
157.24
200.92
245.00
253.80
236.62
217.62
165.18
91.93
30.79
0.00
0.00
0.00
0.00
0.00
0.00
0.00
0.00
0.00
0.00
0.00
0.00
0.82
41.48
119.17
189.03
199.57
273.59
292.83
245.07
217.00
195.27
108.12
36.86
0.00
0.00
0.00
0.00
0.00
0.00
0.00
0.00
0.00
0.00
0.00
0.00
0.82
27.46
97.24
154.99
209.75
233.98
222.60
234.97
164.86
133.64
95.09
31.42
0.00
0.00
0.00
0.00
0.00
0.00
0.00
0.00
0.00
0.00
0.00
0.00
0.21
27.52
75.29
161.98
205.76
235.41
245.22
170.88
139.68
130.42
76.43
29.68
0.00
0.00
0.00
0.00
0.00
0.00
0.00
0.00
0.00
0.00
0.00
0.00
0.53
19.00
75.03
146.31
169.78
210.02
239.08
247.60
221.62
176.31
108.20
37.91
0.00
0.00
0.00
0.00
0.00
0.00
0.00
0.00
0.00
0.00
0.00
0.00
0.90
38.78
115.23
174.48
207.59
190.63
211.58
233.51
215.31
123.04
65.10
28.30
0.00
0.00
0.00
0.00
0.00
0.00
0.00
0.00
0.00
0.00
0.00
0.00
1.00
37.14
126.65
184.26
240.84
257.11
244.66
257.35
234.66
169.41
85.43
33.41
0.00
0.00
0.00
0.00
0.00
0.00
0.00
0.00
0.00
0.00
0.00
0.00
0.58
29.76
86.29
137.67
207.94
247.77
266.86
255.03
232.03
166.52
106.36
36.61
0.00
0.00
0.00
0.00
0.00
0.00
0.00
0.00
0.00
0.00
0.00
0.00
0.96
35.06
133.36
203.46
252.39
240.40
278.84
250.50
213.84
165.91
60.15
23.58
0.00
0.00
0.00
0.00
0.00
0.00
0.00
0.00
0.00
0.00
0.00
0.00
0.61
21.45
69.51
123.37
155.00
196.70
214.65
177.27
143.17
128.70
95.66
35.27
0.00
0.00
0.00
0.00
0.00
0.00
0.00
0.00
0.00
0.00
0.00
0.00
0.36
24.93
94.75
178.76
225.84
226.20
228.75
213.68
151.10
97.14
54.68
26.27
0.00
0.00
0.00
0.00
0.00
0.00
0.00
0.00
0.00
0.00
0.00
0.00
0.50
28.06
88.47
174.74
244.52
278.59
258.55
257.18
245.47
164.25
70.18
24.58
0.00
0.00
0.00
0.00
0.00
0.00
0.00
0.00
0.00
0.00
0.00
0.00
1.10
56.61
140.13
212.32
270.54
286.72
296.41
251.98
237.80
139.94
55.23
15.75
0.00
0.00
0.00
0.00
0.00
0.00
0.00
0.00
0.00
0.00
0.00
0.00
1.05
42.70
141.71
217.92
272.01
293.08
309.59
296.84
246.32
202.62
122.75
35.99
0.00
0.00
0.00
0.00
0.00
0.00
0.00
0.00
0.00
0.00
0.00
0.00
0.67
30.58
111.99
168.83
240.76
276.14
284.50
248.23
249.07
178.46
93.99
29.79
0.00
0.00
0.00
0.00
0.00
0.00
0.00
0.00
0.00
0.00
0.00
0.00
0.78
33.92
91.36
199.06
218.46
286.17
268.17
263.96
247.25
178.61
93.96
29.15
0.00
0.00
0.00
0.00
0.00
0.00
0.00
0.00
0.00
0.00
0.00
0.00
0.64
29.95
78.69
173.06
240.34
264.59
261.26
248.61
184.05
168.36
119.36
35.88
0.00
0.00
0.00
0.00
0.00
0.00
0.00
0.00
0.00
0.00
0.00
0.00
1.17
58.44
125.04
216.52
228.22
264.70
219.36
248.44
223.94
161.99
92.83
27.83
0.00
0.00
0.00
0.00
0.00
0.00
0.00
0.00
0.00
0.00
0.00
0.00
0.99
49.51
139.46
205.94
255.73
258.73
271.75
255.10
220.48
109.48
63.80
27.37
0.00
0.00
0.00
0.00
0.00
0.00
0.00
0.00
0.00
0.00
0.00
0.00
1.30
43.03
134.14
154.86
191.64
294.11
300.71
288.13
199.17
139.09
93.35
28.91
0.00
0.00
0.00
0.00
0.00
0.00
0.00
0.00
0.00
0.00
0.00
0.00
0.09
29.17
80.81
153.70
217.37
258.24
253.20
241.79
189.96
156.70
88.51
30.94
0.00
0.00
0.00
0.00
0.00
0.00
0.00
0.00
0.00
0.00
0.00
0.00
1.09
33.53
107.86
179.95
236.34
176.58
155.47
130.97
165.38
81.48
43.11
16.59
0.00
0.00
0.00
0.00
0.00
0.00
0.00
0.00
0.00
0.00
0.00
0.00
0.74
39.24
112.28
182.19
196.32
226.34
232.91
247.47
166.33
93.28
58.36
18.56
0.00
0.00
0.00
0.00
0.00
0.00
0.00
0.00
0.00
0.00
0.00
0.00
1.24
47.45
122.37
186.93
205.66
194.00
263.05
202.59
151.81
150.75
103.64
29.71
0.00
0.00
0.00
0.00
0.00
0.00
0.00
0.00
0.00
0.00
0.00
0.00
1.06
42.52
89.13
160.81
159.79
237.46
241.07
210.82
177.91
175.70
102.66
30.73
0.00
0.00
0.00
0.00
0.00
0.00
0.00
0.00
0.00
0.00
0.00
0.00
0.61
40.33
115.70
161.09
218.99
204.77
256.00
240.54
234.66
162.23
74.83
24.33
0.00
0.00
0.00
0.00
0.00
0.00
0.00
0.00
0.00
0.00
0.00
0.00
0.40
31.92
106.31
184.73
201.41
213.72
257.32
224.70
183.09
115.40
54.07
14.69
0.00
0.00
0.00
0.00
0.00
0.00
0.00
0.00
0.00
0.00
0.00
0.00
0.81
41.69
123.18
211.73
198.59
244.14
219.93
229.06
182.48
131.30
76.26
24.42
0.00
0.00
0.00
0.00
0.00
0.00
0.00
0.00
0.00
0.00
0.00
0.00
0.91
45.73
112.89
161.47
194.56
239.31
260.15
256.94
234.42
186.86
118.08
30.76
0.00
0.00
0.00
0.00
0.00
0.00
0.00
0.00
0.00
0.00
0.00
0.00
0.74
34.24
83.31
108.70
137.99
218.31
235.87
267.17
226.96
180.61
88.38
24.10
0.00
0.00
0.00
0.00
0.00
0.00
0.00
0.00
0.00
0.00
0.00
0.00
1.25
45.33
102.75
204.97
210.43
248.34
223.16
240.29
199.39
142.75
108.30
30.39
0.00
0.00
0.00
0.00
0.00
0.00
0.00
0.00
0.00
0.00
0.00
0.00
1.02
51.56
117.09
213.68
282.55
286.75
265.65
245.82
185.10
96.46
53.76
19.96
0.00
0.00
0.00
0.00
0.00
0.00
0.00
0.00
0.00
0.00
0.00
0.00
0.81
51.81
114.08
177.91
196.37
256.72
244.30
236.79
162.65
139.76
77.57
26.94
0.00
0.00
0.00
0.00
0.00
0.00
0.00
0.00
0.00
0.00
0.00
0.00
1.25
52.07
116.10
177.14
200.89
215.38
254.23
262.03
226.31
132.28
64.25
24.96
0.00
0.00
0.00
0.00
0.00
0.00
0.00
0.00
0.00
0.00
0.00
0.00
0.93
44.02
114.46
162.57
190.18
206.16
222.47
274.41
216.25
55.22
43.05
10.41
0.00
0.00
0.00
0.00
0.00
0.00
0.00
0.00
0.00
0.00
0.00
0.00
2.40
57.64
136.27
234.15
253.00
325.40
315.95
275.28
223.91
147.83
64.02
18.32
0.00
0.00
0.00
0.00
0.00
0.00
0.00
0.00
0.00
0.00
0.00
0.00
1.51
41.36
110.18
205.98
247.42
281.70
241.79
219.41
127.52
126.57
68.40
18.59
0.00
0.00
0.00
0.00
0.00
0.00
0.00
0.00
0.00
0.00
0.00
0.00
0.75
23.13
73.90
154.91
230.58
240.61
253.39
221.60
167.41
150.55
73.27
16.85
0.00
0.00
0.00
0.00
0.00
0.00
0.00
0.00
0.00
0.00
0.00
0.00
0.44
24.71
89.34
174.87
183.22
181.04
192.14
230.39
215.79
161.71
47.99
15.37
0.00
0.00
0.00
0.00
0.00
0.00
0.00
0.00
0.00
0.00
0.00
0.00
1.24
61.10
134.26
139.90
278.26
288.20
303.56
279.97
222.56
144.09
79.96
21.67
0.00
0.00
0.00
0.00
0.00
0.00
0.00
0.00
0.00
0.00
0.00
0.00
2.91
77.67
150.99
230.59
287.06
256.49
292.50
238.03
261.04
166.99
98.97
29.13
0.00
0.00
0.00
0.00
0.00
0.00
0.00
0.00
0.00
0.00
0.00
0.00
0.43
44.98
81.37
154.60
212.35
242.82
244.12
249.53
264.36
213.40
120.65
25.86
0.00
0.00
0.00
0.00
0.00
0.00
0.00
0.00
0.00
0.00
0.00
0.00
2.82
57.61
157.75
209.07
216.11
235.51
246.28
258.61
195.62
148.84
87.54
18.56
0.00
0.00
0.00
0.00
0.00
0.00
0.00
0.00
0.00
0.00
0.00
0.00
2.94
82.17
170.61
229.49
271.70
296.12
288.05
302.90
273.78
191.72
78.02
24.66
0.00
0.00
0.00
0.00
0.00
0.00
0.00
0.00
0.00
0.00
0.00
0.00
3.61
90.85
177.11
233.82
281.98
288.42
276.14
281.21
267.10
213.99
116.13
29.56
0.00
0.00
0.00
0.00
0.00
0.00
0.00
0.00
0.00
0.00
0.00
0.00
3.57
92.38
187.83
254.67
291.16
315.99
301.96
298.67
226.30
160.71
107.40
36.23
0.00
0.00
0.00
0.00
0.00
0.00
0.00
0.00
0.00
0.00
0.00
0.00
1.85
45.73
117.47
161.59
213.14
263.98
307.00
300.04
262.87
206.93
106.46
33.40
0.00
0.00
0.00
0.00
0.00
0.00
0.00
0.00
0.00
0.00
0.00
0.00
1.40
53.53
124.30
205.12
201.99
236.97
228.03
243.80
204.24
182.98
93.01
25.41
0.00
0.00
0.00
0.00
0.00
0.00
0.00
0.00
0.00
0.00
0.00
0.00
0.14
11.28
88.87
159.63
176.75
178.04
152.49
206.57
195.61
170.57
101.73
29.33
0.00
0.00
0.00
0.00
0.00
0.00
0.00
0.00
0.00
0.00
0.00
0.00
0.98
53.13
126.21
181.08
219.48
242.13
256.78
233.52
161.10
89.63
55.46
17.66
0.00
0.00
0.00
0.00
0.00
0.00
0.00
0.00
0.00
0.00
0.00
0.00
0.26
25.36
88.70
159.32
207.19
227.78
228.08
211.40
165.76
122.82
72.24
27.18
0.00
0.00
0.00
0.00
0.00
0.00
0.00
0.00
0.00
0.00
0.00
0.00
2.30
81.05
173.84
188.05
286.56
284.93
302.75
258.64
210.68
169.28
122.04
33.82
0.00
0.00
0.00
0.00
0.00
0.00
0.00
0.00
0.00
0.00
0.00
0.00
2.21
42.29
108.64
198.45
240.02
228.36
261.63
252.62
217.32
189.62
105.62
33.54
0.00
0.00
0.00
0.00
0.00
0.00
0.00
0.00
0.00
0.00
0.00
0.00
3.87
97.71
181.40
257.02
298.30
275.64
233.14
250.78
239.59
172.55
112.18
26.81
0.00
0.00
0.00
0.00
0.00
0.00
0.00
0.00
0.00
0.00
0.00
0.00
4.00
65.94
129.09
258.27
269.91
278.00
203.51
243.21
206.74
111.42
57.13
10.21
0.00
0.00
0.00
0.00
0.00
0.00
0.00
0.00
0.00
0.00
0.00
0.00
2.07
61.50
136.21
194.85
234.59
263.08
229.14
274.35
235.57
141.13
80.21
11.50
0.00
0.00
0.00
0.00
0.00
0.00
0.00
0.00
0.00
0.00
0.00
0.00
3.14
59.75
100.94
188.54
235.00
222.82
310.96
203.58
205.86
170.81
84.28
8.74
0.00
0.00
0.00
0.00
0.00
0.00
0.00
0.00
0.00
0.00
0.00
0.00
2.35
60.94
124.37
167.26
226.40
246.62
274.10
237.38
212.26
155.22
81.15
26.90
0.00
0.00
0.00
0.00
0.00
0.00
0.00
0.00
0.00
0.00
0.00
0.00
1.18
56.18
123.28
176.78
211.88
245.12
265.22
261.48
207.91
127.12
68.58
22.85
0.00
0.00
0.00
0.00
0.00
0.00
0.00
0.00
0.00
0.00
0.00
0.00
2.42
55.34
124.75
210.62
251.67
213.41
155.72
239.17
146.52
100.35
79.76
19.92
0.00
0.00
0.00
0.00
0.00
0.00
0.00
0.00
0.00
0.00
0.00
0.00
1.51
46.09
149.85
208.40
221.48
303.45
295.45
284.38
242.66
173.61
88.93
19.07
0.00
0.00
0.00
0.00
0.00
0.00
0.00
0.00
0.00
0.00
0.00
0.00
2.64
88.19
180.08
244.90
296.17
312.35
315.98
284.84
242.81
132.14
48.40
12.73
0.00
0.00
0.00
0.00
0.00
0.00
0.00
0.00
0.00
0.00
0.00
0.00
1.49
54.37
134.83
207.39
243.91
256.13
246.05
280.95
247.00
138.12
98.29
21.30
0.00
0.00
0.00
0.00
0.00
0.00
0.00
0.00
0.00
0.00
0.00
0.00
1.87
66.63
178.59
221.27
240.29
242.34
272.03
273.31
202.20
203.28
127.30
32.12
0.00
0.00
0.00
0.00
0.00
0.00
0.00
0.00
0.00
0.00
0.00
0.00
2.22
78.47
114.44
148.83
241.05
243.00
273.32
234.27
211.90
155.01
47.31
8.82
0.00
0.00
0.00
0.00
0.00
0.00
0.00
0.00
0.00
0.00
0.00
0.00
0.00
17.86
54.41
131.49
179.36
223.70
221.56
155.14
168.58
134.58
67.09
17.48
0.00
0.00
0.00
0.00
0.00
0.00
0.00
0.00
0.00
0.00
0.00
0.00
0.15
28.70
98.87
188.78
241.97
211.25
283.91
190.82
124.10
104.54
65.20
12.92
0.00
0.00
0.00
0.00
0.00
0.00
0.00
0.00
0.00
0.00
0.00
0.00
0.40
56.22
122.58
212.82
278.73
270.40
288.85
260.44
216.28
151.44
83.12
15.97
0.00
0.00
0.00
0.00
0.00
0.00
0.00
0.00
0.00
0.00
0.00
0.00
0.04
21.55
117.57
178.98
211.50
216.11
207.73
171.76
149.15
121.40
35.72
10.74
0.00
0.00
0.00
0.00
0.00
0.00
0.00
0.00
0.00
0.00
0.00
0.00
0.07
14.31
65.92
73.38
95.68
158.11
124.60
107.51
127.36
122.00
58.20
14.48
0.00
0.00
0.00
0.00
0.00
0.00
0.00
0.00
0.00
0.00
0.00
0.00
0.00
29.24
90.32
129.20
188.86
170.53
154.49
225.50
200.41
211.70
107.74
24.61
0.00
0.00
0.00
0.00
0.00
0.00
0.00
0.00
0.00
0.00
0.00
0.00
0.89
69.98
96.96
148.78
203.05
223.22
253.93
275.93
224.68
169.13
50.73
17.30
0.00
0.00
0.00
0.00
0.00
0.00
0.00
0.00
0.00
0.00
0.00
0.00
0.00
35.68
98.85
204.91
291.46
263.67
232.16
251.02
195.71
197.41
105.53
24.43
0.00
0.00
0.00
0.00
0.00
0.00
0.00
0.00
0.00
0.00
0.00
0.00
0.54
67.72
119.79
134.36
225.09
181.33
257.12
254.13
198.56
127.73
62.18
16.34
0.00
0.00
0.00
0.00
0.00
0.00
0.00
0.00
0.00
0.00
0.00
0.00
0.12
42.70
132.13
163.61
168.15
236.16
220.48
250.89
249.26
176.71
76.04
16.49
0.00
0.00
0.00
0.00
0.00
0.00
0.00
0.00
0.00
0.00
0.00
0.00
0.32
38.38
98.77
159.26
218.07
235.07
214.93
239.82
168.05
119.71
63.72
16.43
0.00
0.00
0.00
0.00
0.00
0.00
0.00
0.00
0.00
0.00
0.00
0.00
0.14
32.97
67.55
137.89
188.43
185.90
176.75
237.57
151.14
97.93
49.79
11.63
0.00
0.00
0.00
0.00
0.00
0.00
0.00
0.00
0.00
0.00
0.00
0.00
0.17
29.06
141.83
172.02
199.73
222.91
237.75
227.20
236.33
188.54
93.74
15.25
0.00
0.00
0.00
0.00
0.00
0.00
0.00
0.00
0.00
0.00
0.00
0.00
0.00
30.61
80.98
129.14
134.12
194.66
199.95
216.77
177.39
97.11
58.19
17.35
0.00
0.00
0.00
0.00
0.00
0.00
0.00
0.00
0.00
0.00
0.00
0.00
0.14
70.24
192.22
187.96
307.54
303.10
292.83
250.86
242.92
143.66
73.35
13.86
0.00
0.00
0.00
0.00
0.00
0.00
0.00
0.00
0.00
0.00
0.00
0.00
0.03
36.34
128.57
192.03
194.94
188.63
177.35
183.52
162.27
112.04
67.55
10.48
0.00
0.00
0.00
0.00
0.00
0.00
0.00
0.00
0.00
0.00
0.00
0.00
0.08
63.78
134.32
199.54
240.71
239.29
201.43
266.96
234.61
167.55
42.37
10.97
0.00
0.00
0.00
0.00
0.00
0.00
0.00
0.00
0.00
0.00
0.00
0.00
0.28
96.88
173.30
263.13
273.15
302.60
292.24
259.43
250.20
139.40
96.35
23.76
0.00
0.00
0.00
0.00
0.00
0.00
0.00
0.00
0.00
0.00
0.00
0.00
0.18
52.66
134.81
234.96
267.77
292.63
233.00
202.83
134.59
143.08
76.23
23.70
0.00
0.00
0.00
0.00
0.00
0.00
0.00
0.00
0.00
0.00
0.00
0.00
0.14
95.91
192.83
240.70
245.39
274.98
285.02
216.20
143.83
171.06
85.33
26.10
0.00
0.00
0.00
0.00
0.00
0.00
0.00
0.00
0.00
0.00
0.00
0.00
0.14
66.25
179.23
192.12
296.36
301.65
308.52
288.27
236.11
165.63
93.16
25.07
0.00
0.00
0.00
0.00
0.00
0.00
0.00
0.00
0.00
0.00
0.00
0.00
0.09
67.23
148.40
237.03
262.73
292.74
260.72
261.44
229.24
144.69
97.56
27.93
0.00
0.00
0.00
0.00
0.00
0.00
0.00
0.00
0.00
0.00
0.00
0.00
0.00
45.46
165.55
213.77
235.14
291.27
292.25
260.07
265.96
186.64
81.39
14.81
0.00
0.00
0.00
0.00
0.00
0.00
0.00
0.00
0.00
0.00
0.00
0.00
0.06
74.84
127.98
202.94
215.27
312.03
269.13
218.46
207.82
140.12
80.96
19.61
0.00
0.00
0.00
0.00
0.00
0.00
0.00
0.00
0.00
0.00
0.00
0.00
0.06
77.48
143.03
192.65
256.96
219.36
204.64
194.99
225.64
141.90
59.23
17.90
0.00
0.00
0.00
0.00
0.00
0.00
0.00
0.00
0.00
0.00
0.00
0.00
0.00
63.00
151.15
203.82
266.55
244.50
257.28
216.16
229.36
159.04
70.75
13.08
0.00
0.00
0.00
0.00
0.00
0.00
0.00
0.00
0.00
0.00
0.00
0.00
0.02
72.36
112.50
191.44
291.49
233.85
186.98
182.88
152.16
83.49
20.90
6.58
0.00
0.00
0.00
0.00
0.00
0.00
0.00
0.00
0.00
0.00
0.00
0.00
0.00
48.14
106.38
135.41
150.30
272.57
298.91
286.70
193.41
127.07
85.60
20.85
0.00
0.00
0.00
0.00
0.00
0.00
0.00
0.00
0.00
0.00
0.00
0.00
0.00
70.91
130.42
158.86
216.46
244.16
208.01
165.98
196.95
180.90
91.66
22.07
0.00
0.00
0.00
0.00
0.00
0.00
0.00
0.00
0.00
0.00
0.00
0.00
0.00
28.69
106.69
149.94
163.50
165.52
220.70
218.41
180.36
157.14
105.79
18.51
0.00
0.00
0.00
0.00
0.00
0.00
0.00
0.00
0.00
0.00
0.00
0.00
0.00
49.81
87.89
125.80
143.97
172.19
185.76
114.42
207.40
101.23
45.30
12.02
0.00
0.00
0.00
0.00
0.00
0.00
0.00
0.00
0.00
0.00
0.00
0.00
0.00
9.03
49.06
67.80
103.82
124.25
128.89
128.05
114.77
114.57
54.38
7.71
0.00
0.00
0.00
0.00
0.00
0.00
0.00
0.00
0.00
0.00
0.00
0.00
0.00
18.81
67.71
74.88
136.11
143.87
140.88
179.28
148.49
94.48
64.24
12.98
0.00
0.00
0.00
0.00
0.00
0.00
0.00
0.00
0.00
0.00
0.00
0.00
0.00
63.86
159.86
112.21
231.91
255.26
263.18
275.65
242.96
188.16
112.84
39.50
0.00
0.00
0.00
0.00
0.00
0.00
0.00
0.00
0.00
0.00
0.00
0.00
0.00
70.93
189.05
232.07
310.21
337.23
259.86
196.54
236.68
218.79
122.16
36.01
0.00
0.00
0.00
0.00
0.00
0.00
0.00
0.00
0.00
0.00
0.00
0.00
0.00
62.75
137.29
189.32
308.94
318.20
242.10
208.70
222.15
198.62
75.25
12.05
0.00
0.00
0.00
0.00
0.00
0.00
0.00
0.00
0.00
0.00
0.00
0.00
0.00
36.02
120.12
156.81
220.97
249.69
168.08
209.84
235.59
166.72
103.47
18.53
0.00
0.00
0.00
0.00
0.00
0.00
0.00
0.00
0.00
0.00
0.00
0.00
0.00
85.77
165.09
244.81
259.01
289.51
293.28
251.91
250.44
136.85
75.36
29.71
0.00
0.00
0.00
0.00
0.00
0.00
0.00
0.00
0.00
0.00
0.00
0.00
0.00
11.45
96.74
155.79
180.15
254.12
270.18
220.19
205.90
133.93
44.81
23.50
0.00
0.00
0.00
0.00
0.00
0.00
0.00
0.00
0.00
0.00
0.00
0.00
0.00
77.15
163.06
243.10
294.14
272.39
346.30
232.94
211.34
197.09
122.31
17.80
0.00
0.00
0.00
0.00
0.00
0.00
0.00
0.00
0.00
0.00
0.00
0.00
0.00
63.66
158.75
224.78
306.55
298.59
315.44
289.74
270.61
213.96
123.28
35.67
0.00
0.00
0.00
0.00
0.00
0.00
0.00
0.00
0.00
0.00
0.00
0.00
0.00
42.93
105.11
165.45
205.13
221.35
258.99
233.44
199.98
134.08
59.54
9.21
0.00
0.00
0.00
0.00
0.00
0.00
0.00
0.00
0.00
0.00
0.00
0.00
0.00
5.07
46.74
113.44
124.78
152.09
164.90
102.07
112.80
93.43
56.99
19.65
0.00
0.00
0.00
0.00
0.00
0.00
0.00
0.00
0.00
0.00
0.00
0.00
0.00
29.17
113.95
166.78
173.10
247.52
242.18
282.93
194.93
161.54
60.25
22.17
0.00
0.00
0.00
0.00
0.00
0.00
0.00
0.00
0.00
0.00
0.00
0.00
0.00
46.27
139.90
198.77
252.96
265.49
236.05
311.68
276.28
141.89
102.33
33.09
0.00
0.00
0.00
0.00
0.00
0.00
0.00
0.00
0.00
0.00
0.00
0.00
0.00
45.30
95.77
196.11
226.40
271.46
269.66
266.19
232.89
170.41
102.12
34.24
0.00
0.00
0.00
0.00
0.00
0.00
0.00
0.00
0.00
0.00
0.00
0.00
0.00
40.71
100.89
244.42
275.99
263.32
286.40
273.37
259.09
149.58
87.23
24.61
0.00
0.00
0.00
0.00
0.00
0.00
0.00
0.00
0.00
0.00
0.00
0.00
0.00
60.99
156.94
209.46
278.25
306.77
345.43
237.39
264.32
227.49
145.22
45.67
0.00
0.00
0.00
0.00
0.00
0.00
0.00
0.00
0.00
0.00
0.00
0.00
0.00
67.83
119.60
120.44
217.60
218.02
187.29
244.77
275.48
149.74
101.29
34.47
0.00
0.00
0.00
0.00
0.00
0.00
0.00
0.00
0.00
0.00
0.00
0.00
0.00
59.49
146.15
154.67
229.09
258.97
246.96
219.70
239.30
146.01
120.58
53.43
0.00
0.00
0.00
0.00
0.00
0.00
0.00
0.00
0.00
0.00
0.00
0.00
0.00
54.57
129.22
201.62
238.31
231.76
271.71
250.38
225.65
160.85
125.10
40.73
0.00
0.00
0.00
0.00
0.00
0.00
0.00
0.00
0.00
0.00
0.00
0.00
0.00
55.81
143.33
208.24
268.95
280.57
293.05
228.28
203.44
155.29
126.85
58.13
0.00
0.00
0.00
0.00
0.00
0.00
0.00
0.00
0.00
0.00
0.00
0.00
0.00
63.54
144.17
250.83
299.42
298.06
262.19
257.36
269.77
185.29
123.53
45.07
0.00
0.00
0.00
0.00
0.00
0.00
0.00
0.00
0.00
0.00
0.00
0.00
0.00
57.04
145.31
181.25
227.26
218.00
225.40
208.19
192.24
103.32
134.33
29.40
0.00
0.00
0.00
0.00
0.00
0.00
0.00
0.00
0.00
0.00
0.00
0.00
0.00
51.54
142.71
177.00
198.60
205.71
211.68
226.11
142.53
123.55
42.31
29.19
0.00
0.00
0.00
0.00
0.00
0.00
0.00
0.00
0.00
0.00
0.00
0.00
0.00
28.11
126.70
141.44
218.23
207.70
210.85
251.14
198.01
134.61
89.25
27.88
0.00
0.00
0.00
0.00
0.00
0.00
0.00
0.00
0.00
0.00
0.00
0.00
0.00
39.83
124.46
187.65
252.69
294.22
202.59
332.85
261.16
158.67
153.17
62.00
0.00
0.00
0.00
0.00
0.00
0.00
0.00
0.00
0.00
0.00
0.00
0.00
0.00
67.74
170.57
250.45
262.27
342.60
311.96
258.95
305.51
199.42
145.68
62.43
0.00
0.00
0.00
0.00
0.00
0.00
0.00
0.00
0.00
0.00
0.00
0.00
0.00
40.14
137.21
255.65
244.80
314.05
306.98
295.35
275.61
227.92
168.48
57.06
0.00
0.00
0.00
0.00
0.00
0.00
0.00
0.00
0.00
0.00
0.00
0.00
0.00
55.29
175.88
256.35
309.05
310.39
350.69
283.15
245.90
196.91
168.77
66.59
0.00
0.00
0.00
0.00
0.00
0.00
0.00
0.00
0.00
0.00
0.00
0.00
0.00
0.00
0.00
0.00
0.00
0.00
0.00
0.00
0.00
0.00
0.00
0.00
0.00
0.00
0.00
0.00
0.00