326.84
302.41
299.31
297.58
298.66
308.62
308.69
336.32
383.02
333.45
325.63
340.68
401.28
427.46
454.93
445.15
460.43
417.68
330.72
282.33
246.56
214.07
210.59
237.79
221.63
214.68
188.56
223.55
227.57
217.27
222.51
209.75
232.66
204.11
239.28
271.37
286.69
335.82
338.62
320.67
325.52
364.87
324.58
249.23
191.93
110.88
110.41
107.51
115.47
110.65
108.08
157.52
134.20
71.06
45.79
22.44
51.76
113.82
185.72
205.63
296.77
388.12
413.09
398.14
419.26
380.86
343.54
288.37
223.82
211.30
204.18
188.02
191.29
191.97
181.24
143.75
155.66
148.40
120.97
85.57
83.38
77.85
109.30
104.67
136.49
106.02
257.73
404.55
427.70
389.23
319.69
272.82
215.52
180.83
132.11
93.91
98.06
86.96
75.72
58.68
68.43
45.66
41.30
57.63
80.95
63.74
37.42
119.62
219.20
398.38
423.48
438.26
423.52
337.74
266.41
233.24
167.10
126.23
106.36
117.66
114.80
91.82
87.67
122.49
96.95
107.68
90.74
96.51
115.03
183.46
186.97
270.79
327.82
441.47
497.52
499.88
467.42
395.07
259.56
254.26
224.26
170.20
156.06
162.37
161.53
172.09
145.97
164.87
187.58
174.59
147.59
172.87
276.02
299.24
299.88
343.37
364.16
394.23
435.39
459.86
391.90
373.64
322.96
271.20
268.26
238.63
196.86
168.31
180.53
200.30
178.47
172.50
151.78
157.82
181.30
192.64
205.57
213.46
259.18
262.32
326.40
376.41
450.85
440.96
425.64
377.56
317.86
284.93
255.57
220.48
196.76
180.22
140.41
165.01
179.52
157.62
174.79
185.83
131.26
163.69
189.07
163.32
186.94
236.37
336.96
386.74
411.74
411.71
408.33
353.16
275.52
250.58
225.47
198.58
198.65
193.25
143.28
87.60
77.07
55.88
50.82
52.30
31.99
35.46
88.51
112.53
157.55
304.87
398.14
469.78
460.63
444.44
405.46
365.24
291.71
194.53
169.09
169.02
121.48
103.26
111.15
87.02
78.76
71.33
37.19
30.64
25.58
13.53
16.20
50.75
147.80
343.71
385.08
359.50
344.22
317.63
300.39
334.10
216.70
158.53
147.32
106.19
81.66
50.62
64.92
93.94
96.34
131.90
142.26
148.71
98.57
83.95
111.66
141.35
180.76
267.59
312.50
355.05
452.27
464.24
440.29
333.18
256.89
191.70
194.13
187.68
166.93
118.78
81.19
73.29
53.48
35.50
31.82
42.01
52.34
55.41
36.92
41.98
47.92
112.10
232.63
363.55
375.40
314.15
370.67
333.39
245.18
168.85
157.11
130.93
100.96
117.97
115.37
135.78
135.31
91.24
103.32
135.65
125.83
116.15
154.44
227.16
257.06
263.60
321.88
398.11
482.57
480.17
434.95
391.70
351.17
272.85
269.95
247.91
213.12
234.65
207.05
197.27
158.29
163.99
119.96
99.95
95.73
89.69
65.97
180.49
227.74
225.51
338.01
405.06
430.74
444.91
409.65
382.01
350.33
367.16
294.08
261.18
295.90
260.47
256.15
227.50
188.53
167.17
209.55
155.66
141.25
183.43
279.60
275.72
255.30
245.92
343.71
407.42
435.56
431.11
456.04
441.03
312.23
212.85
212.85
190.01
159.34
168.79
144.69
139.36
167.64
140.51
136.53
134.40
115.03
110.44
197.47
224.97
210.69
273.76
343.98
402.16
458.07
494.75
452.37
408.30
373.54
322.45
279.73
205.19
154.75
161.29
163.39
152.08
148.57
106.70
133.15
134.60
111.69
71.77
101.57
118.44
202.97
252.17
342.13
437.45
455.67
444.98
432.15
421.59
337.64
278.08
205.13
230.17
251.69
220.28
223.59
200.23
177.66
136.66
115.88
138.82
142.43
163.89
162.61
219.94
331.90
297.58
315.20
332.17
294.99
431.92
428.78
375.50
290.09
299.81
305.68
278.55
231.92
198.34
184.11
194.13
152.49
131.33
154.95
149.21
137.98
144.69
189.00
230.57
286.15
305.08
322.18
364.19
406.54
434.82
448.08
399.63
354.31
271.26
256.96
279.94
253.55
234.01
227.40
239.85
204.01
207.66
248.96
212.35
243.39
201.21
249.77
217.14
228.88
281.49
425.71
434.82
478.65
478.45
470.72
408.06
312.06
198.85
223.69
260.70
249.47
207.22
189.23
123.70
155.19
171.92
131.33
113.75
88.44
47.14
102.07
175.97
189.61
165.55
209.85
335.04
412.75
425.64
397.70
399.73
379.72
243.09
192.34
111.76
73.43
93.87
117.77
111.42
68.03
43.80
37.05
42.18
23.08
15.18
6.51
0.00
3.54
23.79
215.76
371.21
408.97
396.69
371.55
372.90
307.17
261.48
213.73
134.87
104.47
88.68
68.06
81.19
106.93
109.06
96.64
75.65
94.18
112.60
176.24
184.98
173.41
330.38
399.42
405.33
425.78
433.81
405.77
345.67
323.03
244.00
224.66
241.47
221.66
205.97
181.17
158.49
151.64
159.74
171.59
173.71
132.61
140.07
239.68
226.12
245.65
277.20
315.81
286.42
358.90
439.81
435.29
417.78
370.67
333.49
292.89
286.62
256.69
262.29
249.67
284.76
261.55
251.49
257.06
219.43
212.35
239.48
338.35
341.59
359.23
365.78
373.91
349.41
370.91
463.37
436.10
451.32
388.25
356.53
358.12
319.05
252.37
227.74
245.08
289.82
232.39
250.07
277.57
264.01
157.72
217.85
312.43
291.11
277.51
369.66
409.11
438.94
439.07
462.73
456.28
463.64
388.32
367.06
351.74
350.80
329.27
294.08
292.56
290.87
233.34
175.67
186.37
123.57
122.62
94.72
39.28
52.07
68.77
109.87
56.69
41.74
95.80
168.82
187.58
202.77
192.37
178.84
144.46
128.56
119.72
99.75
88.88
43.87
28.72
18.86
13.16
8.67
1.86
2.06
19.34
9.41
6.98
137.74
212.99
216.40
218.46
194.36
177.22
173.27
182.99
229.32
253.45
220.01
212.35
210.63
193.76
171.96
158.02
122.59
70.22
67.79
65.16
75.99
137.88
179.82
214.78
255.68
322.82
342.67
357.31
369.76
346.34
349.48
253.38
246.40
228.11
209.78
200.17
195.51
166.05
134.67
123.06
124.62
134.64
137.67
104.03
105.65
144.79
144.63
192.30
305.68
342.83
353.77
364.36
332.64
260.47
251.42
191.90
158.66
152.35
115.20
117.46
172.43
189.30
173.71
162.21
168.58
142.84
151.00
152.69
169.73
197.77
191.97
215.99
271.77
285.88
307.40
300.79
298.66
294.18
334.84
315.97
231.08
193.05
227.74
224.46
202.70
188.86
155.12
186.84
160.48
174.22
162.07
176.45
164.16
120.19
98.23
68.57
71.13
59.52
108.69
180.09
234.59
243.36
235.16
209.31
206.38
182.59
161.87
153.09
126.20
100.15
51.29
45.05
57.84
68.77
66.17
56.72
68.77
128.56
90.23
172.06
225.44
310.27
339.97
333.25
414.10
356.26
322.59
318.34
268.50
215.28
240.22
217.88
180.56
173.27
147.59
136.26
129.91
138.58
138.28
145.74
196.49
233.78
256.35
270.29
286.45
365.00
386.57
369.59
356.64
341.99
350.80
348.34
348.71
269.34
275.79
291.85
232.93
180.56
152.35
135.01
114.90
116.04
112.74
100.56
85.34
170.20
193.86
191.56
189.44
253.58
351.44
392.98
371.79
362.81
377.35
272.01
245.28
223.69
201.48
144.39
77.34
78.66
61.48
47.21
67.25
102.41
135.85
107.37
80.38
50.18
23.82
45.52
134.81
209.08
314.19
388.66
361.50
372.73
382.45
345.26
284.59
235.80
182.05
126.47
129.91
119.96
134.03
100.35
103.83
105.04
130.66
149.75
57.30
72.08
81.12
159.71
237.86
242.48
260.97
373.14
413.02
425.00
387.88
297.75
233.64
169.09
164.90
185.76
180.63
155.96
119.32
116.38
117.12
118.10
130.89
135.92
176.45
195.88
185.18
209.31
274.84
345.06
408.13
401.18
409.65
403.47
357.01
333.49
291.14
239.78
220.41
170.47
139.02
155.02
173.61
213.19
232.63
208.27
186.91
163.79
142.87
142.43
162.51
195.31
252.30
343.07
373.91
347.36
369.49
461.17
460.13
344.18
288.98
265.93
297.04
314.69
261.55
190.52
193.65
302.44
319.18
288.14
246.43
258.48
285.64
279.63
263.47
235.60
220.35
272.58
232.80
252.37
260.33
219.67
212.55
145.67
107.10
85.71
67.82
237.39
267.89
261.45
280.88
317.36
296.94
269.48
257.70
245.79
277.51
334.91
361.12
400.10
461.04
496.00
498.16
488.64
481.59
392.44
451.83
390.24
269.75
248.29
284.15
290.50
262.36
276.87
245.11
206.85
209.28
227.20
216.26
195.44
167.06
171.86
189.20
241.17
317.86
317.49
290.60
287.63
354.31
394.19
416.40
392.74
354.78
266.03
277.84
232.39
206.75
214.68
194.09
158.19
129.54
129.78
130.72
102.34
44.00
29.53
56.59
120.36
191.53
272.48
301.77
300.59
333.89
347.36
341.28
314.42
252.40
243.12
231.55
210.86
194.13
198.82
204.89
197.13
205.57
212.38
183.36
184.71
205.73
254.36
271.23
323.77
366.22
385.12
409.34
414.71
440.05
369.86
368.55
318.91
282.30
238.13
237.08
218.02
220.38
229.59
228.04
179.21
207.96
190.01
187.92
182.45
192.64
270.15
305.65
328.36
346.68
383.39
408.09
456.92
472.92
446.50
384.64
377.73
314.22
319.15
295.32
290.06
248.39
250.75
279.80
251.63
211.44
123.60
116.52
165.07
132.85
77.07
180.33
209.08
196.76
252.23
295.22
365.51
423.92
432.36
459.76
428.78
373.37
345.37
299.31
286.69
276.93
279.97
283.95
285.98
230.70
226.12
238.70
219.74
196.02
203.58
207.08
212.79
374.49
400.94
393.96
407.69
410.69
392.37
378.00
333.29
268.80
268.43
271.60
219.23
222.51
233.94
210.19
173.98
153.80
182.72
161.63
157.52
163.39
254.16
292.08
308.92
336.96
424.80
483.24
500.92
504.91
456.62
418.15
353.90
371.48
366.29
242.28
199.90
185.45
193.79
199.63
205.77
192.27
155.05
134.43
168.92
199.12
280.34
351.88
345.50
365.81
443.76
472.85
492.25
491.27
447.88
385.93
332.41
307.78
375.97
334.94
271.91
254.56
264.55
260.16
256.42
198.28
159.17
137.81
138.48
221.86
311.39
337.91
367.50
377.83
366.39
434.72
437.76
467.28
476.59
462.76
401.28
390.04
350.02
326.57
353.23
328.02
318.67
288.24
226.22
241.44
224.73
226.01
222.07
224.06
281.62
301.60
329.10
383.77
436.10
478.96
473.66
428.58
379.85
399.96
357.07
298.36
287.12
227.26
183.73
133.83
151.81
116.92
155.12
154.58
121.98
101.03
76.53
88.91
82.10
110.65
132.00
152.62
343.00
464.28
456.85
484.02
463.37
408.50
350.60
316.92
250.14
200.71
183.43
175.80
168.38
156.23
112.13
95.16
93.27
82.40
33.68
80.55
71.57
60.00
113.41
169.16
205.40
236.85
255.68
255.27
278.35
271.67
237.18
215.45
178.71
161.50
153.74
156.27
177.15
169.87
202.43
200.50
165.98
160.72
154.78
171.92
188.59
197.13
185.49
156.47
202.73
206.44
235.33
255.54
234.52
235.87
198.82
181.14
122.79
102.95
162.41
145.30
136.32
159.17
135.58
142.57
151.74
163.18
146.28
159.24
184.14
184.31
185.22
210.19
196.59
230.94
254.46
267.35
239.07
208.60
215.86
190.58
178.77
134.84
92.25
75.05
93.64
78.76
83.31
73.76
79.40
89.89
66.58
72.89
107.95
135.75
137.13
158.12
176.92
207.69
286.72
331.29
300.93
266.54
205.57
158.80
132.54
106.06
110.88
79.20
57.70
85.37
111.29
117.26
110.85
122.39
78.76
53.28
39.61
50.14
33.74
153.23
361.83
452.57
435.63
435.49
433.91
396.32
331.50
365.21
315.74
235.02
223.89
162.48
124.55
142.50
119.32
103.05
78.59
88.98
91.45
106.39
116.92
161.87
195.48
240.42
293.81
301.50
403.10
490.94
470.45
429.08
383.46
345.87
277.74
250.28
225.37
216.40
170.88
177.42
153.06
111.56
123.40
136.46
150.46
147.90
240.22
269.91
274.84
258.14
399.86
462.76
484.15
503.79
486.62
442.14
412.95
353.80
305.18
267.28
226.93
234.75
295.76
301.53
258.85
254.06
196.79
184.31
206.04
244.54
280.00
270.22
281.35
372.29
409.21
415.21
420.31
447.44
421.76
383.39
339.49
288.04
209.28
206.68
203.41
150.97
111.29
111.32
100.62
68.50
65.40
82.33
64.79
51.86
63.44
105.21
126.40
154.55
190.48
208.13
265.22
271.91
273.09
259.79
165.24
146.14
140.71
170.61
172.56
164.43
155.96
144.49
125.83
113.21
91.45
74.74
79.30
83.92
119.69
135.55
141.15
184.27
211.57
245.48
282.70
299.20
284.56
257.56
204.05
180.73
167.37
151.07
141.39
127.62
99.75
127.38
103.46
117.77
113.82
118.68
81.96
71.77
108.69
127.96
137.84
203.95
292.25
336.66
394.06
411.27
360.28
307.74
234.42
243.22
176.55
124.95
110.58
118.91
128.83
89.96
89.05
93.17
97.69
77.51
92.05
97.32
114.63
94.38
134.37
225.41
297.18
314.36
347.93
321.85
334.23
257.13
171.35
152.82
128.16
113.14
80.65
80.82
73.12
53.08
36.31
30.13
24.13
23.62
25.41
40.69
71.10
75.86
139.90
198.92
239.51
272.72
264.58
243.70
236.71
209.75
127.58
92.05
98.87
117.87
113.31
211.10
246.80
246.83
233.71
225.74
211.67
163.32
166.05
172.29
212.45
213.29
264.48
405.94
406.58
401.78
322.62
352.59
385.96
356.50
297.52
207.02
155.63
145.30
175.53
155.59
171.55
170.78
165.75
132.14
101.13
114.29
110.51
149.86
183.19
185.89
164.74
239.48
335.75
421.79
435.49
505.85
486.72
449.63
399.22
325.25
274.40
236.27
258.78
227.94
211.74
187.92
162.48
185.66
158.09
176.38
166.83
154.88
124.41
133.08
134.27
264.14
427.73
450.54
478.62
462.96
467.31
437.65
422.06
436.44
415.75
330.79
337.98
276.46
209.89
180.29
157.65
67.66
41.64
11.34
9.55
36.58
72.78
86.52
192.78
343.37
415.48
443.80
476.59
441.97
453.65
433.37
402.39
329.24
309.77
304.33
282.64
217.31
230.00
215.89
207.12
158.80
130.15
122.56
127.31
186.06
212.55
170.74
164.33
186.23
274.34
372.23
389.33
387.01
427.13
360.55
315.23
270.22
207.42
180.33
123.74
96.14
83.04
74.44
66.27
57.60
58.88
52.84
53.52
70.32
105.89
110.17
194.50
349.58
411.00
429.49
423.35
461.75
425.17
377.79
369.59
330.48
236.44
149.52
86.01
80.14
73.56
54.87
50.68
72.89
65.77
53.08
74.24
123.74
122.02
93.67
121.81
232.86
342.77
396.15
457.80
470.49
445.65
405.16
349.14
295.19
268.19
224.36
175.40
143.21
153.09
129.44
87.50
55.47
58.61
47.54
62.97
98.40
108.96
133.39
165.34
243.39
392.61
416.94
429.35
419.57
400.91
370.30
334.53
303.15
244.78
206.04
158.49
109.60
95.66
100.32
117.87
71.81
51.19
30.00
19.91
57.20
61.68
49.74
105.41
264.25
381.98
420.78
423.14
417.78
386.43
328.97
289.22
221.09
208.70
208.67
181.34
171.35
174.05
155.59
132.65
130.28
135.18
144.56
148.10
161.50
185.45
183.87
173.75
194.40
335.34
389.37
412.04
424.39
404.59
358.09
282.47
230.00
201.89
185.99
155.93
166.22
140.68
179.35
165.98
166.90
142.36
150.80
110.41
122.39
134.91
166.83
187.34
193.08
220.28
231.21
331.36
320.60
301.13
284.56
264.72
255.17
223.01
190.55
169.29
121.04
152.89
147.02
110.85
84.12
88.61
96.95
128.33
156.57
186.06
166.69
147.39
172.43
217.21
352.49
407.15
427.63
422.27
362.27
344.72
279.30
237.39
205.80
236.14
203.24
176.85
192.00
171.15
135.14
152.22
137.71
146.62
211.64
218.46
254.90
266.84
316.11
380.83
418.39
421.36
439.00
433.37
399.93
349.55
329.10
306.26
280.61
264.72
272.48
253.95
247.58
270.62
267.22
266.71
263.20
217.07
202.83
205.23
236.41
308.42
341.99
424.33
452.70
451.39
465.59
449.33
420.04
390.35
343.54
344.72
324.95
312.70
275.99
209.78
191.53
124.78
132.71
176.18
212.48
208.03
249.57
272.45
276.46
312.84
355.12
403.13
398.71
420.04
428.24
428.41
420.21
390.55
367.16
276.93
271.74
233.34
211.20
244.98
251.46
248.08
197.87
199.29
204.72
234.69
310.41
337.47
330.86
330.55
354.41
392.40
400.57
435.39
460.90
384.81
396.52
347.49
278.99
289.12
285.44
307.13
292.25
277.84
271.30
258.71
268.70
243.16
237.76
221.02
217.27
236.95
277.68
297.75
290.50
345.70
366.79
418.45
442.78
429.89
425.51
417.21
381.20
340.98
325.25
304.81
276.97
259.32
264.08
280.00
286.92
260.84
252.23
288.58
274.77
250.28
288.85
258.14
297.31
307.51
331.16
382.35
425.14
442.55
399.39
360.99
330.01
319.96
313.21
278.22
284.09
314.15
252.71
201.15
251.52
224.02
164.53
170.51
180.63
182.55
141.99
191.93
261.78
326.17
365.27
399.32
416.09
400.94
378.74
314.05
283.99
252.17
250.88
240.56
227.84
224.06
246.29
254.90
269.07
256.72
278.76
247.37
230.30
232.93
221.29
262.05
285.50
372.93
394.53
378.37
394.53
401.95
379.58
347.69
291.44
289.22
317.66
299.71
302.85
270.49
240.66
216.70
226.76
201.04
188.09
197.27
277.81
301.97
331.29
337.44
329.30
359.91
347.22
392.64
442.14
403.61
389.60
386.47
364.70
318.30
303.02
277.68
292.96
260.47
284.22
265.12
216.60
207.73
198.88
229.12
235.80
152.86
148.57
238.47
327.89
367.94
374.93
417.91
394.29
355.32
317.02
304.00
315.44
297.65
242.89
207.35
228.82
195.38
202.09
223.45
233.40
202.06
146.38
201.45
249.57
228.28
218.76
276.53
327.48
367.94
394.40
446.16
418.18
426.65
433.77
393.86
323.63
261.75
227.30
190.04
182.18
169.60
174.15
169.90
169.49
170.98
171.86
164.84
189.71
210.53
197.74
235.53
297.52
321.78
417.98
454.15
440.59
376.88
350.06
276.16
204.69
217.01
169.06
158.63
131.09
116.11
138.25
145.70
109.94
85.61
116.25
141.82
212.18
218.39
192.74
195.31
225.64
281.93
337.27
444.50
439.98
391.22
370.98
276.97
228.28
232.73
181.10
187.92
185.22
187.41
179.99
140.64
134.30
120.50
138.38
150.33
169.97
170.51
97.11
148.20
244.00
388.56
427.46
428.54
448.82
433.37
353.70
273.53
245.55
254.19
249.70
230.74
189.44
154.48
129.54
116.69
124.65
111.76
116.89
81.46
91.61
110.81
83.95
81.36
245.79
391.66
439.75
463.33
480.07
480.54
419.06
313.65
264.38
250.21
229.09
237.25
207.19
188.46
200.71
148.71
128.93
102.21
117.73
109.97
152.82
201.65
216.70
204.96
320.36
432.19
448.76
436.61
430.33
411.50
370.50
334.26
286.55
260.91
244.47
213.93
186.97
182.11
146.11
141.39
185.59
181.64
174.02
157.11
256.72
281.96
289.86
313.82
332.78
361.56
413.76
436.03
387.98
401.55
337.77
294.18
305.62
288.10
256.25
238.87
220.04
191.26
188.73
154.07
154.82
180.39
168.75
135.18
189.27
237.15
245.55
241.37
262.63
279.23
403.17
418.62
414.10
391.12
359.07
311.86
266.78
181.54
177.05
154.28
138.11
110.38
83.01
81.46
93.91
128.06
98.73
91.88
103.36
164.37
192.17
226.52
354.71
393.11
449.30
412.45
373.31
351.44
343.95
298.93
242.62
186.43
200.91
166.86
166.19
147.66
124.95
116.75
153.80
146.35
130.18
133.02
187.78
177.15
223.11
241.37
308.01
408.13
462.52
467.99
443.96
428.71
370.67
334.43
280.54
247.88
231.45
240.32
245.45
280.61
223.52
204.22
226.05
219.67
204.08
225.85
263.47
265.29
259.66
324.85
342.87
352.79
412.48
455.07
432.96
414.91
365.61
339.02
292.69
288.24
301.70
304.77
285.67
269.81
257.50
267.08
195.44
149.82
162.10
208.60
237.59
278.42
268.16
278.72
347.29
396.08
430.47
440.42
421.76
417.68
392.71
336.12
302.71
258.07
273.29
258.48
213.23
172.94
171.05
172.33
152.86
170.30
165.88
181.51
195.65
271.60
295.26
293.57
372.66
412.68
426.96
441.64
443.02
451.35
372.43
309.36
325.73
275.15
255.64
254.19
208.23
198.72
175.13
137.07
104.71
88.27
110.58
126.91
138.89
149.72
170.20
231.75
372.23
441.64
452.81
463.77
443.96
416.90
411.17
313.98
254.49
198.61
175.84
173.24
133.08
124.78
103.96
73.05
54.16
56.05
30.88
34.86
75.59
76.36
46.16
131.80
291.81
313.65
269.44
305.41
394.43
364.30
335.68
279.16
271.26
159.47
111.99
92.69
91.55
85.37
39.92
27.47
34.22
32.43
18.02
9.89
11.41
23.79
20.99
36.78
126.44
256.32
305.65
311.45
266.47
235.56
253.45
212.62
170.98
161.23
113.99
91.01
45.96
38.33
36.98
38.67
19.67
24.73
45.55
54.12
77.34
77.85
114.83
185.42
142.40
62.05
136.83
179.75
188.53
167.23
147.90
134.00
121.00
160.25
146.55
143.38
107.84
71.98
68.33
68.03
62.22
69.34
77.81
24.13
17.72
23.55
59.05
78.66
133.89
178.84
144.93
188.36
284.42
381.61
374.12
333.59
268.46
257.87
201.25
169.70
130.69
138.35
135.55
122.86
104.27
93.30
106.56
136.56
176.24
140.34
165.95
229.09
308.38
399.19
427.80
454.86
459.05
430.60
346.48
291.27
237.01
253.31
220.48
216.80
191.19
182.11
148.03
112.20
86.21
79.90
83.62
96.34
113.38
118.71
126.23
181.98
329.30
384.51
404.55
369.26
406.85
407.99
352.62
300.49
297.45
274.88
231.75
206.75
141.42
147.46
111.62
93.77
84.70
83.38
50.04
17.14
31.72
40.53
40.63
119.38
295.05
287.60
294.45
297.99
316.35
343.88
290.80
179.58
139.77
155.42
150.56
147.12
127.99
86.35
65.80
75.11
49.10
50.24
41.50
63.57
76.43
84.76
99.95
149.38
211.54
199.15
239.68
226.52
239.61
216.57
182.72
166.96
177.63
159.44
131.73
110.14
83.14
99.00
89.35
115.40
89.56
50.51
68.84
76.67
97.22
134.37
131.50
152.99
166.42
226.62
256.52
260.37
275.18
308.21
310.58
262.15
214.58
181.57
179.35
167.30
150.53
136.66
133.25
100.29
131.57
100.99
104.20
124.08
111.66
74.81
108.38
136.90
272.24
364.60
397.16
413.83
448.28
440.42
402.16
347.49
288.27
259.56
240.90
217.27
196.83
175.91
167.71
161.77
184.85
210.96
193.59
240.96
281.56
305.08
339.63
328.56
290.60
275.25
319.08
364.36
399.25
444.07
433.00
375.90
349.58
291.85
283.14
296.71
198.41
189.23
260.67
233.67
163.22
156.10
197.37
180.39
112.87
86.79
66.58
50.68
94.58
82.03
42.89
72.38
185.02
278.99
360.89
348.30
281.02
225.88
233.47
228.58
208.87
215.39
189.30
141.93
117.77
81.09
88.78
127.92
164.67
133.89
145.23
218.76
317.39
358.26
262.90
294.75
347.05
280.14
248.02
177.36
154.41
105.04
107.17
116.35
89.99
125.96
120.23
147.05
122.96
88.10
78.15
76.94
60.70
21.70
24.50
29.66
126.30
110.88
149.48
150.26
217.41
266.17
291.00
208.50
201.04
110.88
90.70
48.66
43.63
22.84
21.19
18.22
15.56
23.72
18.66
46.26
61.65
61.45
127.08
199.66
225.54
224.02
242.85
333.05
375.90
358.56
269.88
254.19
202.09
214.04
176.61
103.90
65.26
65.63
45.59
31.58
35.09
52.44
39.65
59.79
81.42
41.94
17.58
34.42
66.31
261.41
317.39
326.71
316.55
317.73
285.30
271.06
267.89
212.82
193.45
176.58
125.05
93.87
79.53
75.18
80.48
65.53
34.38
15.12
35.26
30.71
39.24
66.07
168.28
278.82
337.30
385.76
351.71
365.21
370.84
238.36
142.23
168.62
150.09
92.32
100.89
141.08
159.88
136.93
140.34
158.19
107.30
66.31
144.15
138.72
150.06
204.01
282.74
299.98
295.90
317.46
281.49
237.62
233.37
246.60
268.63
237.66
182.22
200.13
164.16
117.50
93.60
87.77
34.38
23.15
20.25
29.69
8.71
0.00
0.54
8.10
106.87
205.33
220.01
219.91
228.78
208.10
197.57
325.56
319.15
272.21
254.93
201.96
145.84
146.04
155.22
150.90
186.47
173.48
123.70
65.09
0.00
0.00
0.00
33.71
131.33
213.46
223.62
232.66
222.37
298.60
390.08
414.67
372.73
333.72
310.51
281.52
217.44
174.72
170.44
158.05
143.44
171.21
188.02
113.18
123.20
115.27
164.77
203.54
228.92
239.01
232.66
240.02
248.72
312.84
361.06
348.20
301.80
265.60
246.94
232.29
201.82
218.29
251.93
224.66
192.88
179.41
168.89
119.62
126.27
144.02
136.86
133.15
175.50
203.04
223.38
241.44
241.06
277.10
344.42
327.18
325.25
346.75
331.67
289.96
233.67
165.17
169.97
147.56
119.38
119.01
112.84
104.77
113.24
236.98
221.39
228.07
291.85
400.77
445.08
464.18
465.43
474.50
458.07
405.09
381.71
291.92
292.39
309.66
306.86
278.86
298.23
258.14
259.66
274.37
245.69
239.21
227.70
225.91
221.66
263.81
401.41
395.85
401.51
429.93
419.23
431.14
417.41
404.75
372.60
344.05
291.78
249.97
226.15
225.47
231.28
244.47
166.09
154.21
174.59
179.72
165.28
128.80
166.76
247.68
326.44
390.78
427.33
461.11
463.74
444.81
380.66
341.65
312.53
323.77
334.37
326.50
290.84
287.09
294.11
300.45
286.92
286.62
286.58
245.01
261.55
303.69
340.88
346.68
427.30
434.79
440.79
475.38
462.83
452.91
413.02
360.79
304.60
311.99
309.16
314.52
283.14
290.03
303.79
308.86
294.11
286.48
286.11
283.65
317.70
315.50
305.99
366.62
415.79
362.78
407.25
440.46
408.77
397.47
378.50
370.71
311.99
292.69
304.10
258.54
272.34
269.07
299.91
310.61
280.85
277.30
288.07
276.93
308.59
311.69
340.57
321.27
378.10
436.91
399.52
405.46
414.17
416.56
382.01
350.80
290.33
279.26
265.36
260.33
239.95
214.95
204.62
171.89
180.53
234.48
208.03
219.74
280.81
319.59
316.38
322.12
336.09
365.54
396.66
416.87
399.46
340.54
317.90
360.18
307.57
310.04
310.74
308.99
271.64
222.30
214.85
191.83
204.72
197.10
221.73
270.32
297.04
284.76
301.84
323.16
369.22
366.22
356.23
385.93
412.25
413.19
377.29
379.21
379.21
350.29
302.85
294.68
280.34
274.37
261.72
268.19
250.88
245.79
275.04
289.39
320.73
318.44
268.26
143.82
143.11
169.12
178.64
209.62
227.09
242.48
292.25
347.32
323.84
305.55
336.66
323.67
323.23
275.72
259.69
279.40
290.53
303.52
274.23
298.87
313.78
311.59
336.05
364.03
399.83
419.33
427.83
440.52
461.51
444.91
427.26
400.03
379.35
363.99
336.22
320.77
309.97
294.41
331.97
338.11
277.71
310.81
337.44
336.93
333.49
283.21
305.08
305.04
370.81
397.90
445.35
448.28
454.63
428.04
416.46
422.91
398.01
380.93
326.20
313.24
308.62
247.41
178.60
213.66
175.23
139.46
179.08
244.07
276.87
310.95
348.67
361.53
380.90
442.65
438.63
439.17
457.77
443.42
412.08
320.73
287.06
283.38
257.70
282.10
321.44
318.20
271.30
259.72
280.95
231.72
245.69
232.19
142.57
113.48
87.26
101.94
139.50
278.08
359.67
422.54
448.38
449.63
413.63
349.79
324.71
315.84
283.68
256.05
239.68
250.68
231.48
199.02
168.01
125.42
181.37
199.76
246.83
203.98
207.93
247.61
311.05
317.16
376.48
432.39
442.68
413.43
408.84
358.90
313.68
260.80
236.34
245.21
242.01
251.63
220.24
235.36
244.00
252.47
257.02
207.15
186.53
216.70
234.28
260.37
249.10
289.25
341.08
413.87
457.53
445.65
426.11
355.25
337.74
266.20
258.98
263.54
203.00
182.28
173.31
188.63
190.85
195.65
154.68
107.91
126.00
102.28
156.17
188.83
224.56
253.11
398.48
447.04
485.23
441.26
420.21
311.08
245.75
223.62
181.78
182.01
182.62
177.83
218.35
195.75
154.48
139.90
128.97
146.21
105.21
107.17
137.10
191.90
284.46
349.21
407.62
357.72
350.39
339.43
322.79
247.58
248.93
220.01
198.72
169.12
98.43
128.90
120.67
111.79
132.81
113.68
123.00
71.50
8.17
5.10
20.25
134.94
245.89
334.80
358.80
394.33
423.75
408.47
378.06
338.38
266.61
264.58
227.50
207.83
199.53
192.37
173.48
139.39
118.37
106.76
107.61
95.70
101.70
131.09
150.90
185.66
266.17
300.32
304.67
311.32
244.44
198.65
238.87
230.70
233.84
250.95
209.62
209.72
209.45
177.73
165.65
153.80
140.54
137.13
98.67
107.20
148.27
168.18
138.82
144.12
196.83
228.58
247.71
293.27
326.94
347.83
333.99
271.03
211.54
206.78
232.66
211.37
179.08
172.80
161.97
146.55
136.19
139.66
162.68
164.20
153.16
136.12
168.75
190.52
176.99
152.82
174.02
206.48
258.88
290.26
306.43
262.09
211.13
175.77
142.60
116.04
106.26
135.65
118.81
110.51
101.84
95.29
93.94
74.51
101.26
130.59
140.95
159.10
193.25
248.83
245.55
253.21
246.56
208.43
191.22
146.92
107.30
115.47
124.75
108.25
101.26
83.18
120.06
98.87
83.68
102.58
97.62
99.34
114.36
123.33
113.04
135.78
159.30
229.25
297.55
235.70
228.28
237.45
198.04
174.45
140.71
96.47
94.85
103.26
86.08
93.33
100.72
74.84
86.96
79.13
81.25
102.65
97.38
64.92
27.91
76.67
112.10
177.63
193.42
188.02
198.04
197.87
182.62
163.76
112.80
75.75
60.50
53.18
45.28
44.37
54.63
42.28
72.58
53.52
60.50
46.50
73.97
63.40
36.75
77.31
72.45
133.35
106.06
108.49
167.13
103.22
59.15
92.96
96.34
65.93
84.12
71.84
82.37
81.12
56.15
66.85
72.08
57.13
61.89
59.59
76.53
100.72
147.86
181.91
205.46
222.27
203.85
215.86
205.53
199.49
191.26
180.66
173.48
177.86
176.28
146.62
134.03
82.37
59.12
39.75
61.21
81.76
54.19
72.35
95.22
108.01
138.11
203.95
252.00
288.71
387.85
392.30
443.22
443.22
386.77
343.34
296.98
277.44
236.68
214.85
189.81
181.68
228.17
173.31
180.36
196.89
207.73
197.00
206.54
234.82
338.31
343.95
401.28
382.62
406.21
459.35
462.59
476.02
458.37
388.49
344.62
381.30
343.10
321.00
317.05
327.08
333.93
273.63
235.43
153.63
110.61
119.69
192.81
248.39
350.76
383.26
366.12
358.29
399.79
441.16
477.94
479.67
454.19
378.77
331.80
309.93
331.36
314.90
334.97
247.51
301.36
312.06
271.50
265.73
292.56
293.23
297.15
275.48
278.25
292.52
292.83
306.97
370.91
370.13
416.40
464.82
447.57
403.54
333.93
303.15
316.14
337.50
312.84
255.84
249.40
216.74
173.61
158.05
186.97
263.10
210.53
186.03
224.73
267.01
302.88
367.70
409.55
428.00
395.31
430.57
439.71
366.86
314.49
308.15
296.27
266.95
286.85
230.64
214.00
221.22
241.60
253.08
222.67
221.63
235.29
189.50
176.61
240.76
223.92
205.13
272.01
378.64
403.71
413.80
416.02
395.74
257.13
261.31
257.06
298.06
250.14
211.57
186.80
186.97
161.67
83.55
37.08
17.75
14.68
6.98
18.93
109.53
212.01
239.85
427.33
458.85
474.16
423.82
387.55
272.45
250.85
240.09
204.96
225.31
265.56
239.07
280.98
263.23
277.91
220.21
185.76
219.94
162.78
150.29
110.04
60.33
67.82
242.18
297.62
378.40
440.83
418.69
380.66
360.72
303.22
243.83
226.59
182.11
214.17
228.04
242.58
249.26
156.10
90.57
122.66
140.58
151.74
116.99
156.84
163.76
239.21
349.28
406.68
417.44
424.39
475.95
408.70
317.05
244.10
253.11
240.86
209.65
233.88
245.79
222.27
187.68
150.56
117.46
77.58
83.11
96.10
169.66
189.47
135.58
116.08
293.23
380.86
474.77
448.22
432.46
429.39
394.60
320.60
264.11
222.98
275.48
262.26
286.92
266.03
240.36
198.75
168.38
85.91
154.38
307.17
321.04
319.65
297.35
271.20
239.31
210.90
222.91
221.19
276.63
286.72
280.00
222.67
194.26
179.04
124.38
125.39
121.75
160.79
132.34
118.27
112.70
100.96
112.70
161.94
173.95
163.59
180.60
227.03
274.54
293.87
357.88
385.22
329.00
267.01
255.41
249.20
224.56
157.52
140.27
128.19
96.37
81.19
108.55
113.61
74.91
182.89
90.94
112.23
118.61
168.95
285.17
306.29
294.89
281.93
436.91
447.88
436.10
422.44
349.21
269.65
196.83
212.38
237.66
206.51
189.17
170.47
200.30
156.03
202.12
219.16
198.24
201.75
213.56
216.90
222.54
214.78
266.54
258.68
251.29
373.10
460.57
412.01
386.94
304.50
263.40
252.94
242.45
255.68
270.08
220.35
197.40
209.85
204.32
175.06
200.67
184.78
165.17
191.63
193.96
197.43
248.22
249.26
318.44
354.78
337.47
322.79
359.67
295.53
266.51
217.92
204.76
155.96
142.53
213.66
201.96
184.27
162.04
156.84
158.83
173.98
192.98
228.55
249.74
283.92
290.73
280.95
340.44
375.84
443.76
431.55
424.76
360.42
307.27
264.99
292.49
257.97
237.86
220.89
173.31
156.27
216.26
227.20
201.11
62.09
98.77
182.76
315.23
379.01
351.00
323.94
369.53
443.86
466.74
424.93
437.52
393.32
356.97
316.51
314.36
269.34
271.74
260.84
221.16
276.56
288.61
227.74
211.64
237.18
243.06
275.01
315.94
309.02
389.81
410.36
430.26
459.35
458.00
436.34
376.38
355.52
344.72
356.13
358.32
379.11
374.22
358.49
346.99
348.44
333.12
303.35
301.20
265.09
288.88
351.10
381.27
432.32
447.64
387.24
229.05
234.89
221.29
191.66
208.60
324.28
332.04
316.62
307.00
318.81
325.73
296.67
289.72
311.12
320.77
312.43
333.52
366.08
344.83
331.53
357.72
388.39
412.01
412.92
435.09
471.77
468.73
447.78
385.59
369.93
335.11
353.63
337.91
337.57
345.13
311.86
263.98
282.27
310.10
299.07
327.11
365.61
381.71
359.77
321.48
329.47
357.95
407.96
425.64
456.31
438.43
420.01
403.24
329.71
328.19
325.15
335.28
315.84
264.62
312.80
301.60
308.55
287.60
306.22
323.16
307.34
262.83
316.41
334.50
335.61
391.16
438.87
439.95
407.76
400.27
407.79
372.60
362.64
338.82
299.24
292.39
272.75
282.91
256.65
254.49
208.40
180.33
181.30
201.11
205.77
180.66
182.62
178.67
323.67
415.62
425.27
456.89
450.58
436.81
397.36
340.27
284.49
251.79
243.12
274.10
262.59
207.52
198.41
193.08
171.35
168.52
152.45
167.74
133.83
139.80
214.68
205.50
246.23
270.72
296.84
227.30
267.01
301.50
345.87
297.18
196.89
202.53
245.86
226.86
218.49
223.28
204.59
190.18
235.40
277.51
266.07
240.25
249.57
218.25
220.85
339.53
360.31
402.02
459.28
489.65
480.14
471.70
434.35
400.57
334.30
380.36
356.23
305.75
306.59
288.24
280.68
263.23
250.82
251.39
250.41
241.20
223.18
243.19
311.86
373.14
386.30
378.40
338.38
438.77
452.60
452.97
452.37
414.67
386.87
383.70
404.52
388.32
323.87
278.38
334.91
294.01
249.26
252.03
291.27
311.93
266.37
231.89
354.81
415.05
451.86
458.88
460.30
470.01
481.59
470.08
431.38
403.44
409.17
407.59
409.44
357.68
321.10
278.99
241.64
264.14
257.77
208.13
166.86
113.24
186.20
250.07
239.34
255.44
239.31
220.72
396.28
423.45
436.68
452.33
437.72
407.93
353.43
362.81
360.62
355.59
319.62
274.10
270.45
301.84
245.05
173.54
207.19
292.76
269.38
238.60
249.33
289.42
289.89
286.08
439.92
440.05
479.33
458.27
408.16
334.33
263.23
214.41
174.52
194.77
215.39
172.06
169.16
162.44
123.91
160.59
170.00
162.07
170.07
189.20
185.22
194.77
193.38
222.44
233.47
236.61
313.92
388.66
386.87
326.71
325.66
310.04
281.69
236.58
215.32
184.88
219.13
201.45
209.11
211.71
210.22
234.75
270.02
294.24
288.31
273.59
298.53
339.66
411.77
421.56
438.60
434.55
413.46
365.75
361.29
328.26
312.80
282.13
189.30
126.30
133.29
131.94
129.17
173.34
186.94
220.35
278.79
293.74
267.62
269.31
353.30
375.13
387.14
443.42
417.04
399.12
414.10
422.57
399.63
400.44
377.15
365.21
341.52
280.95
282.60
259.69
261.41
270.15
222.24
315.10
350.53
383.83
416.29
408.36
425.91
439.61
226.55
215.93
222.34
220.21
210.59
274.07
433.61
425.03
441.20
413.87
391.90
342.87
280.92
319.35
315.44
352.62
319.82
327.55
375.94
411.13
426.25
428.41
433.37
439.11
417.64
428.14
435.29
437.59
452.87
450.11
439.78
408.60
355.02
323.94
365.81
262.53
259.39
262.56
203.78
197.40
247.04
235.40
305.68
358.80
387.88
426.86
399.76
386.16
365.44
408.50
479.29
462.15
463.87
460.40
419.16
347.83
393.55
397.53
389.47
401.82
347.32
297.82
335.55
306.97
296.71
299.04
332.78
331.06
345.23
345.84
331.09
379.92
464.38
454.90
449.87
452.54
379.35
346.92
326.64
322.05
297.35
325.86
321.34
259.99
291.98
221.90
206.34
208.77
221.90
240.73
229.73
196.73
232.70
348.03
372.83
339.73
339.43
323.80
460.13
481.25
463.77
373.61
345.87
315.97
303.35
268.16
268.94
243.49
212.35
246.40
249.77
208.67
253.38
291.81
308.96
345.97
372.46
408.33
427.67
473.39
498.09
496.54
492.25
471.16
451.76
383.36
373.20
356.57
357.75
335.65
329.00
331.13
280.34
218.52
267.05
227.43
162.54
248.12
317.53
366.32
309.60
156.50
182.45
212.31
266.57
462.32
472.14
477.20
431.11
411.27
362.88
349.62
326.98
324.98
334.23
325.12
336.02
279.06
237.05
226.39
218.52
177.12
262.12
363.28
289.99
325.63
334.43
400.23
404.15
411.17
434.52
433.07
407.99
351.47
312.33
270.69
303.83
304.81
270.93
255.51
231.28
243.90
241.87
217.31
224.39
221.83
231.41
171.89
167.87
178.20
164.23
207.46
221.93
219.00
214.44
257.73
422.50
397.77
334.50
325.36
322.52
340.88
325.59
296.50
236.75
272.45
270.62
250.55
307.30
310.31
160.15
159.64
168.31
179.08
194.06
206.61
220.85
204.59
191.43
192.41
358.96
349.11
351.17
345.77
308.35
278.01
236.31
263.50
183.36
108.65
99.95
159.30
190.04
81.73
111.62
156.64
178.50
212.62
214.51
209.51
220.58
219.43
210.86
219.87
375.90
352.45
335.18
302.31
267.11
258.10
229.83
196.12
207.56
167.33
123.06
104.94
107.88
81.32
126.81
192.47
205.67
223.92
250.71
298.39
355.19
378.03
409.48
407.76
402.80
333.83
258.31
283.45
278.55
284.36
289.86
311.52
256.62
236.71
213.09
238.36
234.45
279.30
285.61
286.72
278.65
320.43
357.01
376.58
394.90
411.98
375.77
422.30
431.58
351.24
329.44
341.08
304.91
300.25
311.89
310.54
305.28
238.84
167.37
175.13
228.71
189.10
219.57
253.01
292.76
303.62
383.70
417.07
427.19
425.30
415.92
421.15
419.84
319.38
280.27
301.13
287.29
280.24
284.22
254.63
239.78
198.92
177.63
208.81
196.59
149.28
166.73
251.86
253.79
308.18
366.66
433.57
451.83
439.85
439.21
449.73
396.49
350.49
335.88
293.70
299.04
249.20
229.83
283.21
245.65
244.10
226.62
215.59
176.72
208.60
249.13
248.59
325.22
331.46
367.97
389.70
427.19
421.02
453.78
457.33
434.18
413.12
351.07
312.16
294.89
303.46
303.25
258.81
293.84
267.22
271.13
224.36
201.15
248.86
295.86
337.77
380.39
388.79
376.65
404.01
387.75
409.07
419.26
390.92
363.69
326.60
261.99
250.44
278.69
304.77
263.23
268.09
264.21
231.48
179.82
179.41
207.15
178.30
231.55
240.32
242.75
232.93
355.99
364.94
420.68
439.38
467.69
465.26
405.97
286.35
220.65
253.25
208.81
177.29
185.99
175.03
198.48
122.62
105.04
99.31
117.43
146.85
268.26
245.52
189.74
150.70
214.37
372.46
447.51
471.97
476.02
418.18
326.33
331.09
245.75
225.27
176.21
183.43
145.06
170.98
140.85
149.45
128.09
102.75
86.79
113.07
111.12
119.92
140.85
182.49
274.27
416.40
450.04
463.94
473.12
427.13
367.70
350.60
231.41
182.18
109.23
135.62
97.62
32.56
76.23
107.20
92.32
72.99
90.40
68.26
93.23
196.49
259.18
257.46
247.41
274.54
280.00
385.35
427.46
429.42
371.65
314.15
268.26
227.03
235.80
241.77
225.98
206.95
202.02
204.72
195.51
160.48
176.95
149.15
180.29
190.18
226.66
254.87
303.66
330.18
360.62
402.93
420.28
406.17
393.35
313.82
321.00
333.05
330.96
344.66
332.91
319.96
291.81
235.36
221.86
226.25
228.95
308.59
248.05
280.65
289.62
314.29
305.31
338.25
405.63
449.46
442.07
429.02
432.15
401.11
408.09
376.34
370.91
357.99
324.11
269.71
228.68
183.46
158.46
95.19
147.73
180.43
222.03
297.21
357.18
348.50
337.47
346.24
379.51
438.70
413.39
423.55
417.04
431.95
407.32
399.63
372.23
352.49
333.56
311.22
262.63
269.88
276.09
232.56
249.20
284.49
317.43
325.15
337.94
346.11
339.70
388.73
399.36
406.85
430.10
443.96
425.68
370.81
362.20
349.58
354.34
333.93
332.68
279.73
227.09
222.37
275.69
263.84
310.10
286.89
314.29
351.71
364.23
386.33
378.13
414.51
422.23
423.65
406.51
414.27
351.41
325.36
300.12
314.25
319.18
308.25
276.33
188.83
247.48
259.93
260.16
237.66
208.43
243.56
315.71
344.93
360.65
362.84
365.17
403.34
391.73
393.48
413.33
439.65
429.76
393.59
357.45
352.18
340.27
318.71
292.86
273.22
309.77
316.89
303.96
294.24
295.53
338.92
362.81
375.80
344.39
363.18
376.41
406.44
407.83
438.26
443.56
435.87
441.91
424.56
416.02
386.77
355.62
327.82
294.99
257.26
252.37
233.00
229.05
228.34
220.65
247.78
252.94
297.08
320.60
334.13
357.65
408.74
415.35
441.03
441.30
429.89
359.50
303.62
226.59
224.90
223.75
210.22
185.93
145.67
151.31
135.89
148.94
161.33
124.28
177.36
187.78
154.44
160.45
248.83
333.99
384.10
391.49
408.60
413.90
420.28
383.53
321.61
278.96
242.79
231.72
247.71
260.94
240.83
230.91
225.71
233.74
222.78
180.22
126.64
175.53
209.85
285.40
296.91
352.32
379.48
384.51
426.79
426.62
381.74
365.48
368.41
314.15
336.15
344.39
335.88
305.85
325.32
291.58
275.38
284.42
273.66
255.00
262.19
308.65
342.77
336.49
323.94
368.82
411.17
434.45
451.86
442.88
437.72
421.52
369.86
348.74
340.71
315.67
311.28
291.41
286.18
305.45
293.33
311.55
266.71
264.82
259.79
300.79
312.20
304.06
297.79
333.35
356.10
391.46
436.30
423.21
407.79
410.36
394.43
396.82
343.17
325.46
324.24
304.91
275.08
273.42
304.23
222.98
191.22
195.34
177.19
266.51
345.67
368.85
358.05
335.85
380.12
406.54
429.66
420.65
411.23
396.79
374.01
350.33
389.16
367.16
354.58
310.44
282.77
347.96
303.89
259.39
291.00
285.37
302.01
361.53
360.08
359.67
368.68
378.54
403.98
417.21
428.04
404.32
407.89
358.22
286.35
300.12
323.74
348.77
354.34
314.76
270.83
267.69
267.05
284.73
233.44
201.48
224.80
275.75
313.48
294.51
263.23
257.83
273.15
376.34
410.42
404.65
427.13
417.88
329.91
325.05
276.97
282.43
294.41
310.88
278.08
270.08
279.23
287.77
282.27
243.53
266.51
290.53
313.21
324.65
319.75
302.65
285.10
373.24
418.52
437.38
433.34
364.84
331.06
325.79
334.47
317.90
283.92
293.30
258.64
166.93
83.25
76.23
68.77
97.25
138.05
149.89
154.51
182.15
249.20
252.84
344.39
339.26
401.78
389.40
379.28
332.98
338.28
263.87
270.32
254.70
213.29
237.76
249.60
236.54
190.85
168.85
150.46
174.89
171.42
158.36
150.90
178.74
156.20
198.82
317.02
396.52
422.44
408.77
406.51
358.66
287.83
219.70
165.78
134.70
155.52
163.08
175.87
166.56
151.95
159.47
178.60
145.97
186.23
153.67
149.92
148.61
164.80
219.37
249.47
304.43
411.10
436.14
416.43
390.89
353.40
284.22
256.45
232.73
187.68
166.22
133.15
116.31
140.27
190.42
173.41
169.83
183.70
193.99
194.46
196.69
266.20
309.97
384.14
416.97
430.47
431.34
418.08
402.73
318.10
287.26
243.46
234.11
229.69
246.46
254.09
255.30
235.06
201.65
187.75
163.22
211.23
236.88
213.87
198.95
237.66
278.55
368.04
418.08
423.68
428.91
401.25
385.79
360.04
293.87
256.52
303.22
273.39
250.85
203.51
173.81
214.07
172.26
155.56
100.62
90.47
170.10
225.31
227.40
348.34
399.86
425.41
410.59
428.14
421.22
404.82
383.66
352.69
317.86
296.67
280.34
257.36
230.54
259.76
298.60
300.86
278.22
282.57
289.18
312.60
353.80
326.57
312.50
304.03
304.10
352.52
379.62
324.44
323.63
433.77
402.46
363.62
280.71
235.60
215.52
220.35
214.58
227.26
223.35
246.50
235.67
253.79
249.30
234.96
281.05
277.91
291.31
287.63
306.56
365.68
415.69
444.74
448.05
455.34
400.27
318.17
300.49
262.39
253.52
268.23
269.54
230.50
196.05
161.53
152.96
139.36
134.87
147.36
141.28
155.86
177.76
145.74
251.83
309.60
379.41
395.34
451.69
434.25
382.62
282.84
250.17
220.28
250.58
224.63
243.90
288.98
260.57
228.34
143.68
93.00
185.62
205.53
169.12
83.11
91.55
105.55
214.04
298.09
351.24
431.34
442.38
445.08
416.83
389.06
314.69
280.61
208.50
140.00
149.86
145.77
141.72
186.20
143.11
85.71
72.11
80.48
124.48
102.55
129.24
136.29
243.49
390.75
425.91
449.19
440.05
428.24
379.01
337.44
311.89
269.07
243.46
225.78
221.26
207.52
138.69
67.01
71.98
96.27
109.67
103.42
152.01
224.19
252.23
306.32
338.68
399.12
449.53
449.70
452.60
437.76
395.24
333.66
299.34
266.20
232.80
219.37
246.60
192.41
202.39
207.93
175.67
204.86
162.75
138.99
171.69
179.04
182.35
228.75
274.40
323.20
354.92
369.05
354.71
338.99
329.84
305.82
280.65
251.56
219.30
209.55
168.52
142.97
152.89
191.87
133.29
130.79
134.67
145.20
178.37
189.84
202.63
209.48
279.94
355.96
367.50
394.06
423.45
406.37
364.60
322.59
283.92
234.15
182.05
201.28
197.67
193.05
127.31
145.54
149.82
160.79
111.59
109.50
117.33
120.80
75.25
77.88
77.95
94.45
269.38
390.31
420.14
398.85
335.11
258.95
277.98
268.13
235.56
265.97
189.17
166.36
147.16
106.60
146.55
124.38
113.95
102.99
86.18
126.74
129.85
242.18
275.28
326.77
319.01
309.63
356.67
303.76
313.17
247.98
248.22
238.50
226.12
187.31
156.06
140.41
75.01
74.61
83.99
73.12
112.97
168.21
186.47
177.36
170.51
206.98
248.52
314.12
407.52
382.72
431.07
415.28
389.50
339.39
274.81
250.28
212.25
159.30
142.16
161.36
174.89
163.15
149.92
165.41
142.63
157.14
122.86
81.49
75.72
104.37
196.19
331.80
391.46
414.07
438.94
425.44
376.38
332.21
293.67
272.21
172.60
137.30
154.28
108.89
96.34
84.73
97.08
117.63
112.40
116.96
126.61
87.16
81.42
149.69
206.92
231.01
258.71
286.99
381.98
398.88
346.65
262.80
168.18
173.24
159.78
112.70
136.76
149.48
131.90
113.55
86.08
89.86
86.69
102.92
107.64
133.49
100.12
141.12
239.71
294.72
336.22
387.55
402.05
380.73
330.11
323.70
250.61
202.80
177.53
167.67
147.86
138.62
133.59
126.07
116.08
114.83
124.18
152.49
115.03
133.15
186.26
221.12
272.45
321.91
346.14
373.85
393.82
381.98
356.40
322.89
246.16
191.46
167.03
136.43
138.18
119.65
128.50
143.28
154.88
148.81
163.45
176.31
125.83
133.79
135.21
121.07
131.90
136.16
185.05
220.68
222.30
213.77
203.74
299.41
316.41
266.14
262.83
276.70
269.38
252.03
246.40
226.99
166.56
136.32
114.22
122.76
118.14
106.36
95.22
63.30
72.45
52.27
92.59
167.94
203.81
217.98
279.16
312.74
179.75
159.57
207.66
142.50
120.33
105.18
75.82
91.99
92.59
70.96
87.80
112.37
140.95
156.30
262.53
260.91
201.72
189.03
219.81
209.41
331.26
388.15
367.97
266.47
241.47
136.19
150.77
201.31
97.79
92.76
73.29
124.14
172.19
151.31
137.40
170.20
172.19
166.36
188.69
214.31
307.94
348.44
264.45
217.01
219.30
284.53
339.26
285.57
262.96
205.13
144.93
108.49
69.21
61.65
62.66
70.39
79.97
65.43
69.78
81.76
106.66
163.96
219.16
209.01
262.12
218.22
225.34
218.62
220.58
200.47
240.49
197.97
188.39
158.49
89.42
121.07
116.75
90.33
114.19
72.28
85.10
180.66
149.45
97.18
121.71
144.49
230.47
323.94
320.67
309.29
235.09
211.13
214.85
194.13
267.42
245.05
187.99
171.08
125.83
59.46
67.69
79.90
167.33
170.61
105.99
110.41
98.77
60.10
147.63
200.20
233.24
276.76
291.00
271.64
211.17
203.00
187.14
249.40
295.83
242.95
199.76
223.48
152.52
43.29
34.35
18.63
20.14
8.87
32.90
127.65
101.23
99.78
117.19
115.40
112.20
153.74
207.59
330.82
370.67
375.60
385.89
373.10
321.44
256.28
193.49
211.30
187.04
222.07
225.47
227.77
207.49
162.44
170.64
128.53
69.92
57.57
83.31
111.62
196.83
210.16
212.96
206.21
290.33
358.56
398.88
398.38
382.89
313.11
295.97
266.14
241.03
175.06
148.20
125.09
100.99
111.83
107.71
208.06
217.01
201.69
205.97
174.72
156.27
218.73
211.77
296.84
336.49
303.25
225.54
203.14
308.55
323.53
282.27
257.70
243.12
261.65
279.63
243.76
243.16
232.59
221.73
201.42
198.51
220.45
252.60
264.08
269.41
271.64
341.92
376.85
405.23
414.61
402.59
379.82
338.41
308.69
271.50
213.33
235.26
212.85
222.74
202.73
210.86
198.51
204.15
209.21
194.60
183.80
242.45
285.50
263.33
257.77
283.01
347.66
347.93
371.25
370.37
363.86
339.49
307.30
307.71
247.51
224.43
220.28
211.57
201.55
205.16
137.98
196.25
191.97
186.43
177.09
214.91
173.14
180.93
200.23
195.71
299.78
367.81
364.23
363.42
348.07
342.80
277.34
217.88
213.77
223.42
238.84
199.86
134.03
119.28
91.68
89.76
98.46
95.63
80.01
108.42
162.88
178.64
177.12
194.36
254.97
283.04
290.67
316.01
317.59
311.15
244.30
202.90
202.02
163.25
177.02
152.76
152.99
102.85
92.96
118.44
116.11
132.78
162.95
193.49
236.48
220.55
128.02
85.98
187.78
217.38
214.85
208.54
225.71
307.78
297.96
270.22
206.21
193.76
161.87
107.00
70.46
67.18
69.88
51.49
37.76
22.78
9.41
0.00
0.00
4.05
26.93
34.49
135.38
169.87
181.17
180.83
299.24
371.58
313.41
234.32
176.75
128.87
127.79
143.17
150.40
131.23
136.43
163.15
161.40
149.55
153.70
161.67
126.77
146.08
217.61
325.73
386.50
400.47
415.75
422.81
377.76
330.15
288.64
272.82
250.34
187.38
201.72
199.05
178.50
176.55
166.66
139.60
113.88
101.91
113.04
149.99
117.80
100.59
172.36
299.37
326.67
296.37
365.81
416.80
397.16
358.56
266.51
217.38
169.29
162.68
154.44
157.28
140.85
99.88
69.21
66.85
28.04
17.11
8.03
3.04
15.52
34.62
88.64
96.24
69.55
108.45
203.17
220.51
234.11
299.54
282.43
214.81
145.81
114.22
107.34
81.96
91.78
112.91
125.73
111.59
93.47
99.14
75.25
53.04
39.01
42.21
37.29
53.15
87.09
88.75
172.90
202.06
192.24
173.64
159.03
132.78
128.73
136.49
126.20
96.34
59.73
43.87
20.18
30.10
43.77
72.99
73.63
88.51
106.06
126.81
162.07
201.92
329.27
386.70
394.63
359.17
341.52
285.03
271.06
206.00
174.29
132.88
103.56
82.50
41.71
60.23
65.19
44.37
61.01
65.09
60.54
59.59
46.40
43.56
35.13
37.93
107.24
184.78
221.26
299.24
357.18
294.04
249.84
227.40
197.43
151.07
138.45
117.26
106.97
66.34
95.46
90.53
64.82
80.14
91.41
119.11
74.00
72.08
125.02
283.55
361.90
424.22
415.38
424.19
396.28
337.06
286.52
202.63
146.85
128.77
122.93
114.32
80.48
91.24
86.86
71.10
61.55
60.00
64.28
66.31
67.76
83.62
98.73
114.96
169.33
194.46
273.29
390.28
354.41
329.64
257.63
195.04
175.20
152.76
168.04
191.33
175.43
174.18
181.00
160.48
158.39
132.07
112.40
135.99
95.06
133.69
165.71
142.84
161.90
164.80
248.39
377.86
416.77
344.29
275.35
223.79
189.03
174.22
151.41
164.30
138.42
144.52
160.45
130.42
118.81
92.66
106.16
135.75
65.36
38.87
227.26
307.51
292.19
249.77
287.90
262.42
292.62
333.42
308.92
198.28
195.21
162.58
187.41
187.75
141.08
125.22
128.06
118.34
94.11
73.16
103.22
114.59
102.85
125.63
169.16
181.61
169.56
218.39
335.34
390.85
420.14
387.55
316.62
241.23
209.38
216.13
170.30
146.62
152.66
133.05
117.29
103.56
65.19
37.83
29.49
31.35
61.85
72.28
58.58
75.21
114.73
203.95
231.78
376.75
425.71
415.38
344.25
289.08
279.73
218.29
167.77
175.50
164.94
127.11
135.51
122.69
111.32
58.92
90.30
141.89
78.76
47.04
110.92
109.77
76.09
206.61
381.20
400.40
410.22
359.98
323.16
266.30
239.88
177.96
167.47
147.39
123.57
128.43
122.76
97.15
62.02
95.53
184.24
211.10
158.09
132.95
151.07
212.28
270.18
270.89
329.44
388.39
412.25
362.61
338.72
288.20
239.71
232.97
230.97
209.78
185.12
191.09
181.24
202.53
181.00
180.87
203.04
208.16
184.17
192.95
155.32
148.51
298.60
369.66
388.69
427.57
332.31
315.23
275.21
243.16
234.15
233.13
159.54
146.01
117.36
127.79
120.13
133.35
124.89
116.48
168.89
252.57
244.27
265.36
271.87
241.57
267.18
373.34
395.54
421.83
344.25
305.38
260.03
197.74
203.81
194.09
182.38
129.20
142.90
163.69
167.20
122.02
84.70
107.54
90.33
88.68
73.05
129.51
177.96
231.85
271.50
305.21
382.85
358.73
406.81
362.91
271.30
216.16
197.43
174.08
144.63
142.70
148.17
136.53
108.32
144.15
151.00
155.12
132.44
98.97
91.85
95.02
134.50
153.16
132.71
66.37
178.13
202.87
232.32
185.29
159.84
119.18
74.54
73.83
56.39
84.73
98.73
84.19
112.43
95.16
107.61
97.59
46.06
19.54
23.18
37.05
32.87
82.00
142.53
60.91
192.98
229.39
221.73
143.28
95.09
64.75
50.18
76.43
100.39
116.55
91.88
109.06
94.11
59.42
44.04
39.41
0.00
10.87
35.40
19.81
17.58
13.83
51.43
87.56
136.73
115.37
90.57
62.56
33.37
72.48
73.83
55.64
52.47
27.91
18.96
9.48
0.00
4.56
10.76
18.59
25.00
31.31
61.89
53.58
49.91
108.65
170.34
242.95
330.86
319.79
379.28
313.78
246.56
205.09
231.55
188.90
163.08
111.42
75.08
67.86
84.73
89.72
105.08
110.58
123.27
110.17
102.85
91.48
72.85
101.74
300.28
354.75
418.02
446.53
444.77
393.72
296.44
218.02
215.69
171.05
151.98
210.66
183.13
144.63
160.59
86.32
89.02
88.81
88.95
101.40
98.19
143.98
158.09
188.22
311.18
478.79
474.54
462.69
424.53
386.03
307.84
297.89
289.05
266.30
269.14
263.47
294.75
249.50
177.46
187.68
197.70
137.20
118.51
140.31
164.20
166.76
184.78
349.95
463.91
446.02
455.44
461.48
439.54
389.57
332.85
319.79
229.05
222.94
224.09
243.59
176.85
203.61
205.23
204.01
186.20
191.93
185.86
233.24
271.87
241.98
259.05
255.81
364.97
380.09
357.55
371.01
445.79
368.45
271.94
190.01
183.06
182.99
243.19
284.19
278.45
227.06
232.49
221.73
167.60
156.57
231.45
241.64
233.98
219.57
259.89
249.70
293.23
394.90
431.95
421.36
360.38
326.30
331.77
321.68
262.15
235.90
207.76
168.79
160.52
144.79
157.04
146.58
174.69
142.80
119.45
199.76
191.73
202.23
264.11
297.65
399.66
387.44
419.26
396.49
349.62
293.91
204.28
192.47
158.86
176.51
139.63
167.57
144.09
133.19
118.78
136.66
129.07
145.54
153.06
160.72
96.27
60.70
63.34
68.67
112.16
192.91
232.70
239.71
220.82
228.51
251.79
265.66
267.01
251.79
180.66
104.64
123.67
105.82
69.34
57.09
59.69
74.84
87.40
84.90
79.80
116.04
136.90
128.39
262.86
400.91
433.77
423.41
389.16
319.59
263.60
227.06
201.62
170.03
98.73
94.45
107.03
102.78
108.89
100.29
96.27
111.52
88.24
145.00
158.19
156.91
167.50
191.93
399.15
462.59
486.41
466.81
444.84
375.73
297.01
258.98
210.43
198.51
175.74
149.59
122.79
150.90
144.89
125.59
114.02
72.55
61.04
116.96
87.94
71.74
182.15
279.23
388.56
419.57
460.20
466.51
439.27
378.43
260.23
177.46
118.44
68.13
49.94
45.72
57.43
39.01
59.93
71.67
71.00
57.53
48.49
114.46
134.57
119.22
93.84
126.07
153.70
238.97
259.89
317.76
347.96
329.17
207.86
164.53
127.89
133.79
139.77
130.12
125.93
129.04
115.27
82.60
49.67
68.97
107.81
123.74
72.08
133.25
150.46
224.93
277.17
367.40
384.14
422.74
422.03
379.72
293.94
258.24
243.36
225.10
181.91
103.32
96.74
144.89
139.50
88.58
82.67
59.76
37.79
21.19
46.13
74.81
101.50
232.46
237.49
331.77
347.90
368.24
417.48
373.64
306.53
290.67
238.13
159.27
112.16
56.39
77.85
86.38
89.76
118.91
97.96
86.08
127.25
133.15
83.92
80.07
116.45
187.28
339.12
383.46
370.47
411.37
416.94
356.40
332.91
289.05
237.89
183.19
128.33
114.63
66.71
66.68
68.36
93.00
73.05
67.32
93.71
86.01
37.29
39.51
68.84
133.86
257.19
291.65
337.13
401.82
409.48
322.42
278.65
243.90
170.27
140.74
120.77
117.53
117.97
121.54
107.03
97.96
122.69
135.55
126.34
138.21
56.59
33.47
23.59
82.67
179.08
253.35
386.43
441.16
429.18
374.76
312.74
240.29
191.22
155.32
133.93
113.58
102.68
91.99
83.72
79.63
70.59
68.97
43.87
40.56
24.06
21.73
16.33
44.61
116.79
176.04
189.84
274.61
362.20
317.05
242.52
184.85
138.05
110.81
62.26
54.46
58.21
35.50
37.02
44.47
46.67
41.74
51.73
26.99
22.41
62.70
61.72
189.61
351.03
393.72
404.08
428.95
368.41
336.59
315.54
231.99
214.91
125.05
104.84
94.82
58.48
48.79
60.27
51.22
45.01
16.77
19.37
39.72
12.55
3.71
15.35
108.72
235.36
347.86
381.44
334.47
347.93
334.64
273.56
201.28
126.40
111.02
76.80
99.51
89.59
83.89
101.37
94.95
50.68
39.65
16.37
22.14
27.67
29.26
46.33
54.12
162.64
212.85
250.51
201.15
190.99
170.00
144.76
149.69
130.55
84.49
51.56
23.45
7.66
0.00
16.74
35.43
28.82
5.37
0.34
35.33
0.51
1.89
4.18
0.00
28.21
138.89
152.08
190.58
157.92
94.25
100.93
122.02
113.85
98.53
53.52
39.18
74.84
61.08
57.40
33.41
14.54
19.81
34.38
81.46
136.12
150.26
162.54
191.29
204.62
222.44
202.77
200.27
215.42
192.81
142.97
127.38
158.09
125.15
103.49
91.48
95.29
96.51
107.54
86.62
94.21
91.72
104.94
99.54
135.75
137.27
172.33
170.00
224.66
203.14
190.11
201.25
221.43
181.54
179.79
145.13
125.29
148.71
123.20
143.55
130.96
131.53
127.38
133.69
130.96
124.04
111.02
138.55
139.90
148.07
186.77
217.11
341.59
351.61
375.57
357.28
332.91
271.57
207.46
145.60
142.77
156.40
146.62
153.03
145.16
126.50
95.36
95.60
98.13
84.29
102.07
128.33
118.98
98.06
113.55
142.26
245.52
378.33
435.09
399.09
370.61
285.61
188.26
181.68
162.24
134.16
160.65
147.90
126.03
80.14
81.93
89.08
48.56
49.20
59.35
81.66
61.72
41.64
45.62
129.24
233.61
308.21
370.98
405.67
382.08
326.54
241.33
206.68
141.76
124.31
97.01
38.20
34.18
23.05
19.67
29.73
23.52
31.38
23.28
44.74
22.37
9.75
45.32
137.84
228.11
261.65
267.79
277.61
260.94
207.62
165.65
126.07
107.88
108.08
81.25
51.80
47.54
24.57
15.59
22.03
21.33
15.59
10.53
14.81
17.34
7.63
69.78
162.27
111.59
87.26
189.07
79.97
29.93
161.36
171.48
106.49
40.12
24.43
28.72
38.47
23.28
14.51
14.78
12.79
15.59
13.06
0.00
2.63
13.56
19.61
71.30
113.55
56.08
171.01
168.52
231.24
268.77
283.72
227.80
153.67
125.56
122.62
83.79
75.75
50.04
26.59
8.23
0.00
0.24
0.84
0.00
0.00
0.00
6.61
1.32
2.94
10.83
12.28
12.55
47.38
63.91
121.24
109.16
106.60
96.34
77.44
46.73
56.72
45.86
22.10
15.86
21.12
33.74
20.62
17.24
27.70
46.33
55.41
28.92
45.69
120.80
97.59
195.88
258.78
261.14
237.49
153.90
75.79
102.48
86.21
77.78
86.96
83.18
103.19
107.37
99.91
53.38
39.55
25.27
29.09
28.61
30.67
37.89
135.45
259.02
320.94
298.93
272.68
258.78
232.66
134.77
134.06
109.70
57.06
55.44
58.01
51.49
43.23
28.45
31.21
13.36
17.21
9.85
8.03
2.46
8.84
22.57
99.85
180.83
230.70
238.60
224.39
197.53
188.19
180.87
177.66
154.55
93.20
65.23
32.83
31.38
22.07
17.61
21.87
10.76
10.76
9.14
15.08
31.52
42.15
51.16
66.68
104.10
105.55
200.71
265.22
337.13
320.50
259.72
160.79
131.70
125.83
97.45
90.94
67.82
63.98
65.29
67.42
74.37
72.18
42.11
25.68
14.48
15.83
88.81
138.96
211.03
224.09
245.01
241.00
301.97
292.12
225.07
172.19
91.48
91.65
129.98
138.99
160.18
141.72
96.74
83.82
45.45
21.97
44.54
80.34
109.16
156.23
186.87
282.40
354.61
298.53
327.55
364.23
350.22
348.17
302.55
251.93
220.58
241.67
187.88
176.24
188.80
167.74
171.42
160.82
166.42
157.31
171.62
210.36
205.57
219.84
258.75
281.32
330.65
361.12
386.94
362.51
368.72
321.44
278.49
275.65
224.12
227.80
189.71
165.28
121.92
114.32
52.27
74.34
65.09
94.48
95.06
70.93
104.17
113.72
118.61
200.67
179.41
242.68
307.17
300.55
297.75
266.51
198.34
168.18
125.83
80.98
82.20
62.36
62.59
57.30
57.06
35.03
53.01
68.16
70.05
56.52
57.09
89.32
102.34
144.05
207.76
236.98
289.25
307.84
287.46
251.96
205.23
179.45
133.32
106.53
105.95
115.81
111.29
111.02
100.69
100.35
105.28
117.39
127.48
152.05
148.67
142.74
148.81
185.62
269.51
288.34
305.95
340.54
332.07
292.76
212.15
153.63
144.59
148.30
132.38
144.93
121.21
102.72
111.25
127.04
128.83
139.53
146.55
172.46
181.54
193.05
203.17
218.32
287.12
320.97
339.19
338.18
334.13
266.54
258.98
247.61
228.07
238.53
238.70
213.56
212.96
203.74
185.05
166.29
177.49
167.67
187.14
234.28
239.38
242.18
219.50
297.89
358.93
382.38
366.22
364.26
352.62
351.95
319.59
281.46
231.04
181.71
150.60
165.21
122.52
110.17
73.97
114.90
121.17
147.70
100.15
138.31
185.29
181.37
198.21
197.03
227.50
259.86
291.71
324.34
309.70
252.13
204.49
152.59
134.70
152.72
133.32
118.41
134.47
102.04
71.57
58.92
66.00
82.87
83.89
94.62
82.10
115.67
189.50
170.03
174.89
228.61
282.13
206.34
205.87
201.15
181.98
179.85
120.03
154.28
159.44
154.82
119.49
119.62
109.16
95.02
134.77
122.12
105.99
113.04
115.64
85.41
96.20
106.83
146.92
167.50
162.27
177.39
156.27
169.97
132.54
141.35
100.93
63.13
71.81
64.01
73.56
76.73
59.62
62.90
44.58
54.93
59.69
86.11
101.64
131.53
178.98
172.26
114.73
181.00
205.53
187.68
191.22
222.00
150.83
141.89
119.96
108.79
103.49
84.63
85.41
93.50
88.14
84.33
55.88
92.12
79.20
91.61
106.53
104.57
117.12
203.61
272.78
308.79
360.55
376.21
361.39
303.22
184.71
158.66
152.18
126.17
107.14
95.49
87.06
95.66
82.13
104.67
99.98
72.25
40.63
96.78
87.87
55.27
87.56
199.63
316.58
388.09
389.77
396.55
324.85
337.23
259.18
225.07
203.34
195.41
183.63
158.73
135.38
112.87
116.31
162.24
193.38
229.36
201.65
264.38
281.35
296.74
307.81
299.74
307.88
334.74
348.98
359.23
349.68
359.27
325.09
253.48
216.13
207.22
169.33
167.50
140.10
126.67
124.62
150.77
138.52
157.89
169.09
249.16
258.24
294.48
287.26
322.93
362.34
419.60
400.77
385.35
345.30
294.72
244.37
208.81
171.01
173.41
172.97
187.07
190.58
165.88
140.17
132.61
89.45
94.14
104.88
187.51
209.65
234.72
227.77
221.80
330.08
317.05
314.46
299.71
315.67
274.81
230.74
226.82
201.21
179.04
181.64
157.82
151.61
175.87
145.40
141.08
126.37
145.23
100.69
144.09
209.28
204.55
238.90
260.91
214.14
283.41
301.60
258.31
292.59
299.47
246.13
198.28
185.93
202.93
184.95
187.14
152.72
144.36
121.11
137.37
127.45
128.53
111.35
144.15
177.53
186.33
222.78
279.50
321.14
348.94
301.94
287.53
328.26
257.63
186.50
166.39
180.16
145.47
145.81
150.80
100.18
119.15
134.60
167.87
127.85
129.95
118.74
145.27
180.73
191.63
162.00
166.56
169.46
174.35
219.16
262.90
209.04
316.92
256.01
236.88
210.02
180.19
137.24
116.45
105.11
124.18
117.29
87.80
88.48
95.22
86.62
146.85
149.21
102.51
96.10
99.24
153.84
164.63
191.12
219.50
185.08
117.46
118.14
95.39
83.68
122.19
122.56
98.26
81.32
52.47
36.21
54.70
87.26
66.10
74.00
140.34
322.66
276.93
313.71
307.10
306.22
322.99
325.76
347.19
348.61
294.28
243.12
202.19
181.20
145.33
124.62
103.53
101.40
67.42
52.47
66.20
74.47
93.00
97.32
110.38
131.94
140.27
239.65
232.93
202.83
200.03
216.94
206.68
240.69
236.14
232.70
194.46
162.14
135.04
108.22
105.85
94.52
88.10
84.53
144.83
144.79
112.94
113.31
129.74
143.01
161.97
180.02
165.28
170.74
198.88
234.08
268.50
286.28
301.87
240.63
188.66
220.24
230.87
233.81
269.95
242.89
218.49
193.96
207.76
232.70
229.63
291.54
272.92
275.69
280.41
281.15
275.21
293.50
279.84
355.86
363.15
380.70
349.68
311.22
307.88
282.33
228.95
232.05
176.51
192.57
175.57
115.94
185.22
175.97
169.56
178.57
218.39
184.48
250.11
308.28
314.39
309.66
329.20
327.79
276.36
267.35
288.27
319.21
278.42
264.58
283.14
235.83
254.90
189.37
110.21
134.74
113.07
178.77
202.66
211.10
234.05
269.17
327.72
360.62
330.96
329.37
302.81
296.64
345.57
339.97
328.56
259.69
242.72
241.33
234.89
173.41
154.14
118.44
102.41
138.18
122.39
128.43
123.27
136.05
106.16
171.45
241.37
243.53
266.44
348.37
380.76
399.49
351.44
366.29
364.77
331.80
316.99
286.82
291.00
311.55
232.53
197.64
209.21
187.92
205.60
240.63
215.28
201.25
240.96
247.44
257.40
300.45
334.97
365.04
382.79
383.70
392.91
366.79
352.55
305.11
304.06
267.18
264.79
240.73
216.94
188.53
154.28
181.17
194.46
183.70
206.65
238.53
279.46
305.14
318.67
331.19
357.11
385.82
401.92
377.49
267.52
151.88
132.92
104.37
95.70
88.21
72.41
71.64
73.12
87.29
76.13
65.73
41.23
47.81
47.78
58.34
98.26
82.40
50.51
72.45
86.05
90.97
124.85
121.31
138.72
163.15
145.97
225.00
234.42
222.67
159.03
163.76
130.35
119.32
137.61
156.23
103.63
82.23
22.41
31.31
88.41
123.03
127.62
188.59
173.04
133.29
200.94
316.75
366.93
366.73
315.77
259.35
219.50
182.28
163.56
152.18
169.83
180.36
188.26
175.33
172.33
181.88
164.63
145.47
198.18
159.81
197.60
228.82
272.14
304.30
307.98
359.84
368.61
362.78
309.39
255.61
203.74
189.44
165.44
180.36
144.19
186.06
215.42
210.93
240.46
177.22
151.00
139.73
143.65
220.75
289.82
305.01
312.50
317.19
293.97
341.76
366.29
379.45
335.82
307.27
289.72
295.53
318.84
294.35
270.05
286.45
265.73
286.31
270.62
255.71
255.30
244.00
286.99
325.96
301.47
304.10
260.10
246.46
266.61
270.25
307.91
322.62
299.07
236.21
226.01
282.47
267.28
264.04
241.57
200.88
198.68
242.11
237.45
258.04
297.72
240.96
219.97
265.22
284.26
264.11
226.15
302.61
312.09
331.06
359.91
352.99
326.33
262.69
222.94
223.08
236.27
223.89
189.54
180.93
163.39
174.05
163.08
172.29
158.22
170.54
137.67
160.28
160.86
176.68
181.34
182.72
204.05
179.75
208.64
311.12
305.04
304.81
277.47
212.79
179.25
147.49
147.83
150.60
131.87
106.33
60.91
53.85
76.53
74.98
95.60
108.32
125.09
145.33
249.40
338.82
392.03
361.23
330.15
322.69
306.22
313.17
274.34
221.63
185.08
144.89
162.34
171.99
164.60
166.22
149.65
100.83
71.33
46.36
45.76
83.52
117.60
230.30
298.90
279.87
314.66
361.60
350.73
354.92
322.05
298.66
242.21
238.60
211.64
200.61
226.89
242.82
209.04
180.80
216.33
241.27
228.85
231.31
257.23
309.09
317.97
301.67
354.38
374.12
369.63
396.69
415.52
362.20
332.61
286.35
270.59
253.38
254.83
229.49
184.37
203.04
201.99
175.87
183.90
200.20
143.11
144.19
124.08
166.73
170.57
186.16
249.26
281.35
302.98
362.51
347.80
373.31
324.68
312.84
262.56
253.72
244.27
159.07
187.58
217.88
219.67
220.08
219.06
210.66
218.86
192.10
183.77
177.90
179.38
181.30
179.72
253.85
285.44
253.35
313.92
304.60
297.25
274.50
241.30
206.44
206.54
180.12
167.98
117.19
107.00
139.16
153.06
152.42
202.29
188.76
192.64
211.13
225.20
240.15
259.52
270.83
294.11
352.96
391.59
381.88
356.06
361.33
333.89
271.26
237.18
245.05
231.85
231.78
224.77
230.06
214.10
206.44
234.38
216.36
244.74
263.94
254.83
243.86
304.27
386.20
363.65
388.12
398.95
358.83
355.35
322.82
266.51
293.77
315.13
247.27
255.81
219.84
192.98
232.93
201.96
215.93
211.50
207.96
217.78
243.29
259.59
308.01
341.89
352.08
300.86
307.71
313.88
285.84
268.03
305.82
293.33
237.79
238.09
228.88
192.51
196.56
202.53
205.23
230.87
206.68
209.35
224.50
255.34
187.78
163.62
164.84
185.29
218.15
261.78
259.66
238.90
237.79
226.08
190.85
190.95
174.86
231.11
243.63
235.87
208.50
187.92
169.39
145.70
177.49
179.25
133.69
172.46
200.77
238.20
211.54
231.31
221.22
256.79
259.22
270.69
279.36
290.26
299.98
279.16
265.46
243.86
233.20
241.77
188.53
201.45
166.22
149.89
172.33
162.44
174.45
174.42
219.77
224.43
256.52
256.32
286.72
358.83
352.82
353.84
388.32
409.88
332.10
267.15
222.10
209.99
221.26
197.77
196.08
170.03
146.48
158.97
176.78
158.90
171.35
157.95
212.31
231.14
242.85
315.06
356.67
372.33
357.85
409.78
411.60
343.44
272.75
228.92
187.78
154.24
146.58
116.99
114.63
146.95
158.83
151.07
146.08
142.70
136.16
175.80
185.12
188.56
212.96
206.27
263.50
297.96
297.89
291.31
343.14
310.81
284.63
266.68
247.64
231.31
213.90
224.70
201.45
171.69
179.11
138.45
126.64
138.79
144.63
156.98
251.73
240.32
310.51
315.74
322.02
343.91
349.99
426.28
418.08
394.80
293.54
286.52
307.00
296.81
248.66
235.43
216.30
202.60
187.72
175.26
137.54
148.51
156.30
224.26
275.42
334.77
316.41
345.77
374.69
405.19
381.13
468.29
451.39
426.99
418.45
385.42
396.18
368.45
367.10
351.03
269.75
273.02
295.26
317.39
310.81
309.53
275.48
319.86
343.44
349.99
438.97
443.76
444.30
448.99
411.20
426.45
444.03
398.55
378.37
373.95
373.47
387.11
338.45
343.54
228.55
176.55
137.78
187.55
220.78
203.34
184.44
118.88
220.14
304.10
319.69
293.60
324.41
290.84
403.67
459.49
430.40
385.42
319.01
314.09
261.01
230.30
398.01
310.20
0.00
0.00
0.00
0.00
0.00
0.00
0.00
0.00
0.00
0.00
0.00
0.00
0.00
0.00
0.00
0.00
0.00
0.00
0.00
0.00
0.00
0.00
0.00
0.00