213.52
249.61
231.98
262.41
216.02
119.82
113.31
65.35
66.88
181.53
298.40
270.16
308.33
325.40
246.63
351.08
333.45
238.91
186.62
193.08
228.09
295.47
207.28
181.50
182.03
159.91
128.62
110.04
106.74
112.38
166.76
160.52
179.93
234.85
261.89
302.88
326.04
301.64
339.10
368.25
374.72
270.48
187.61
183.59
135.68
79.00
79.50
76.42
63.69
62.55
72.09
61.97
56.57
44.86
43.27
46.13
73.69
130.03
181.03
274.10
317.13
294.54
317.70
342.70
332.59
343.99
254.40
198.78
175.97
144.88
175.62
112.33
135.13
103.06
98.46
145.75
43.79
89.21
95.27
106.37
237.34
313.53
367.20
370.81
387.04
355.52
317.76
377.17
289.38
255.36
186.33
187.87
161.56
146.11
109.79
132.09
112.11
110.94
73.43
77.44
86.47
74.82
62.72
88.49
137.13
203.40
236.34
263.56
301.79
335.08
363.84
422.24
376.16
323.24
271.93
233.45
196.00
162.18
124.90
146.10
117.71
128.36
87.63
130.24
144.20
98.73
86.76
126.13
181.52
185.29
227.50
227.45
240.48
266.35
281.72
296.16
302.85
315.07
290.37
230.06
173.48
167.88
147.50
120.54
122.74
126.69
86.85
111.35
96.24
97.78
101.60
129.14
147.99
154.67
172.35
186.01
195.21
227.34
328.97
358.60
345.34
269.42
215.08
191.75
135.08
144.81
105.18
84.20
84.96
77.22
54.32
42.26
44.32
44.24
44.38
63.80
116.77
134.00
137.74
149.02
223.38
310.15
416.10
434.69
422.75
277.48
153.87
97.67
99.92
139.31
157.55
112.16
86.41
89.53
107.34
98.39
87.87
113.88
102.81
161.10
191.18
232.75
180.68
165.66
271.25
328.70
381.35
409.89
407.14
392.84
338.99
217.04
168.05
150.53
143.18
123.47
110.99
121.55
108.28
86.32
97.24
130.44
106.25
118.01
167.10
166.73
176.83
244.55
323.31
382.28
412.35
426.73
409.09
342.04
270.43
221.79
221.50
150.54
86.33
67.15
103.60
117.87
104.86
147.72
133.42
134.32
136.22
160.78
151.37
178.54
189.67
208.84
288.54
360.74
405.68
408.24
386.55
370.86
285.23
232.15
209.31
136.56
125.36
155.58
159.62
97.65
132.23
106.28
104.00
131.86
91.14
86.45
137.92
173.81
156.43
205.77
297.82
410.96
466.03
457.59
426.31
387.81
301.86
241.48
203.07
186.14
208.17
165.16
140.46
153.23
153.29
120.12
104.82
126.63
94.51
84.87
185.27
190.52
173.45
205.53
327.71
416.59
456.74
403.50
433.28
331.63
290.78
194.99
211.85
217.89
189.99
191.90
168.83
130.75
129.33
103.16
89.97
77.30
82.07
122.22
188.29
197.01
230.98
230.92
219.34
222.07
317.67
362.25
404.46
345.00
324.29
285.33
236.74
197.87
175.94
133.80
156.41
181.01
117.30
153.01
104.09
128.69
162.10
165.46
251.87
276.72
298.35
324.69
343.03
317.16
370.75
335.13
361.12
307.19
255.21
211.33
181.69
206.29
209.69
200.25
171.08
150.18
138.84
121.21
80.59
115.28
106.46
97.74
171.26
244.59
250.12
264.22
329.72
355.35
384.99
379.13
361.13
331.18
282.93
247.87
280.23
270.14
217.21
195.59
222.31
183.31
176.72
122.35
63.08
43.36
56.43
84.81
108.13
158.43
231.26
304.44
343.78
263.34
354.05
353.68
362.67
362.04
341.97
305.64
305.60
264.66
201.35
198.71
204.32
173.45
193.21
231.98
197.52
158.71
133.12
159.90
297.19
296.75
319.07
284.67
317.66
366.16
401.16
393.03
394.74
387.45
387.37
354.07
343.09
270.70
263.77
220.28
259.01
170.75
204.19
211.02
203.32
154.39
154.05
191.94
252.38
309.90
344.41
360.81
365.98
462.54
464.99
419.62
401.49
368.28
288.99
275.05
270.00
221.44
236.07
196.08
173.94
106.60
88.90
76.43
79.72
95.79
72.46
75.97
146.77
251.68
217.91
226.01
281.61
382.98
456.30
452.84
430.40
336.52
281.23
242.71
215.04
234.92
233.01
187.06
184.97
149.26
137.28
132.90
123.69
112.52
112.35
129.31
152.26
213.55
235.14
238.56
241.66
238.85
262.99
307.92
344.83
302.48
312.45
273.47
209.37
172.84
159.66
149.21
146.21
116.64
137.23
123.77
100.21
82.19
81.80
104.53
179.65
209.34
238.39
220.48
182.99
281.00
278.16
319.77
374.06
374.85
312.49
303.04
270.90
234.83
239.07
212.53
171.96
193.18
144.53
153.14
191.01
168.16
137.80
190.82
252.13
251.48
260.21
261.33
237.06
273.86
308.60
299.21
310.25
334.69
303.31
272.13
307.16
335.33
347.61
294.17
311.56
305.04
285.34
301.58
293.18
234.74
231.71
271.62
336.61
357.42
341.06
341.62
361.83
368.46
426.62
440.18
429.41
384.66
366.74
362.94
356.81
319.34
249.73
250.04
169.59
171.20
137.82
184.13
159.49
135.09
134.81
166.77
300.67
365.05
398.01
403.37
432.00
466.55
463.34
440.49
439.08
410.29
364.67
410.38
369.95
266.47
235.91
203.68
159.87
102.36
126.09
159.59
84.59
98.15
95.07
118.06
202.03
276.36
235.39
250.84
190.26
395.93
418.74
459.94
399.51
320.43
300.51
269.14
199.84
131.85
143.62
127.44
88.50
60.09
37.44
66.78
66.91
80.85
72.22
72.99
87.02
111.82
179.47
278.27
371.86
399.04
448.21
468.12
397.55
255.62
199.94
133.24
113.17
112.19
125.76
150.32
140.56
110.05
115.87
80.64
25.18
26.80
22.30
7.39
61.47
92.82
103.68
185.57
264.36
368.17
401.57
372.71
377.87
366.87
246.55
202.45
220.83
86.03
74.49
73.08
71.20
68.02
27.54
37.11
38.50
45.99
39.64
42.33
102.10
162.68
149.91
268.01
368.21
389.49
400.55
379.25
365.77
320.02
273.73
152.17
156.02
159.09
116.77
67.43
54.58
56.13
65.77
57.45
59.88
46.71
40.59
50.42
92.49
143.70
234.74
268.87
367.39
468.53
486.93
479.87
484.39
384.25
213.29
212.07
205.57
204.84
205.99
161.86
144.96
177.08
110.03
126.83
102.71
97.60
113.72
107.55
204.53
250.58
235.30
265.09
290.93
330.17
353.35
347.79
322.94
277.88
259.66
206.32
195.50
179.67
159.22
141.07
95.17
91.01
81.70
69.42
76.69
45.92
15.34
26.74
55.01
159.13
124.78
120.17
123.28
221.44
223.78
256.35
199.49
186.61
228.87
205.45
192.12
202.05
193.36
189.59
175.35
163.83
126.35
116.39
109.05
123.33
106.75
105.95
114.53
156.71
158.27
192.86
231.42
255.50
285.65
317.79
324.84
349.89
275.47
203.48
244.88
231.42
206.57
153.17
128.23
119.03
143.57
132.54
106.22
112.80
74.71
96.09
167.62
154.14
150.21
191.42
306.75
360.54
385.67
419.93
411.20
357.43
300.39
246.58
187.53
193.86
163.29
164.35
120.64
100.40
64.05
71.24
90.20
75.95
50.33
69.10
142.12
173.63
213.00
334.06
361.33
426.01
501.18
512.85
473.43
374.17
329.91
297.39
285.16
254.36
177.99
171.09
196.30
183.69
160.34
138.76
148.62
161.87
113.56
137.20
199.27
297.85
311.92
355.95
379.26
387.94
428.86
414.28
397.60
330.79
291.92
278.57
210.78
255.67
288.72
236.32
236.62
220.05
176.10
150.50
102.83
63.20
110.30
142.88
209.49
264.91
330.05
364.55
415.13
391.14
377.73
391.92
416.90
407.84
362.44
334.00
299.88
263.55
237.95
224.06
286.97
283.66
246.87
221.65
143.47
168.79
143.09
161.10
216.49
246.17
233.88
265.31
321.43
387.44
392.71
430.89
409.44
396.77
332.07
245.18
211.31
184.31
143.84
177.82
235.76
198.25
207.54
194.50
179.22
191.67
171.68
160.55
186.92
216.03
257.60
305.32
361.07
438.43
420.93
450.10
499.69
445.08
323.31
292.37
323.32
261.45
254.79
273.05
240.13
215.94
206.64
197.51
139.59
135.14
145.91
209.14
276.42
366.59
371.84
364.25
398.15
430.92
443.25
470.10
437.33
369.07
334.93
315.59
291.55
283.82
283.37
256.15
238.81
227.81
218.56
181.84
167.34
193.83
157.75
147.39
209.39
274.31
285.15
354.08
406.15
433.62
432.81
464.95
427.41
406.84
312.89
292.84
246.10
205.36
188.68
184.96
188.36
179.41
113.65
104.75
100.20
124.37
123.03
122.94
159.46
131.21
177.75
203.76
238.38
373.68
416.97
427.04
399.48
386.11
286.73
266.88
218.60
226.92
246.97
275.49
263.98
247.90
221.17
223.68
209.00
180.15
162.82
235.20
253.85
282.29
314.12
325.63
376.99
388.27
389.66
434.37
488.54
443.50
347.93
335.72
314.13
308.37
312.04
276.58
264.77
225.72
188.00
184.13
192.40
195.22
187.48
159.68
186.68
225.21
317.85
309.73
384.58
443.21
486.06
487.61
497.88
451.85
328.27
253.44
245.63
239.97
232.45
245.12
238.63
280.82
249.04
234.64
242.75
242.19
219.63
263.87
309.66
316.24
355.58
345.70
380.95
426.41
491.59
500.66
519.28
478.63
358.84
321.04
287.93
291.49
290.76
265.36
237.50
253.63
243.50
209.34
172.48
165.80
148.13
183.45
265.17
283.95
307.76
324.12
392.00
455.54
457.05
475.92
446.53
382.02
339.73
258.06
223.64
192.40
202.04
225.81
206.27
175.49
208.79
196.69
216.06
164.04
185.40
208.03
323.86
290.17
305.37
352.87
450.02
463.38
486.48
462.25
419.55
363.27
331.82
338.95
298.66
274.95
227.71
228.75
245.50
236.92
166.80
114.19
116.39
97.80
90.90
135.70
181.50
181.21
211.55
286.01
349.23
457.92
509.53
511.45
492.70
404.82
276.78
184.94
79.24
54.13
57.14
12.42
12.97
18.53
14.15
15.78
13.31
29.59
40.43
37.71
85.08
161.34
211.92
241.96
381.69
434.05
434.26
419.78
400.69
379.64
374.12
319.92
186.30
144.27
120.00
94.82
88.99
115.34
122.30
100.11
81.78
58.27
53.43
113.51
179.90
177.54
215.11
311.60
381.99
381.46
414.19
445.44
483.46
431.61
308.04
190.31
138.80
85.80
108.57
114.33
132.68
117.99
87.27
53.76
42.89
50.00
47.44
69.71
178.22
178.26
186.72
199.97
299.53
362.28
427.21
422.06
396.83
358.66
271.77
198.53
182.05
135.34
89.53
76.77
88.61
90.20
89.99
98.17
99.45
72.26
32.01
63.66
84.51
164.21
209.28
323.75
433.01
474.61
486.02
494.59
465.73
401.33
357.55
271.21
301.31
239.52
230.23
216.68
236.62
253.71
193.45
150.71
117.18
121.74
60.97
58.64
80.69
104.64
152.88
220.34
419.21
468.01
461.22
461.48
474.73
446.99
409.34
327.95
334.34
321.66
308.78
273.11
272.54
216.21
100.69
101.82
86.53
120.80
94.87
152.66
219.23
286.80
290.34
385.76
365.82
427.39
449.10
483.46
469.55
474.97
397.99
302.97
282.11
284.75
294.79
232.71
196.24
198.93
207.99
161.02
221.44
182.19
185.04
227.42
273.15
280.81
343.04
402.89
442.45
485.92
510.63
507.97
403.80
373.90
360.05
294.18
258.31
224.53
226.69
178.14
161.52
217.73
185.08
117.83
125.15
103.66
152.04
182.07
246.56
311.51
322.56
464.32
467.06
435.92
483.87
484.11
458.86
407.40
358.78
290.27
256.93
188.51
235.02
182.98
162.13
162.49
150.67
122.19
121.26
88.48
100.72
129.17
200.38
305.00
290.22
310.65
352.61
476.78
470.42
452.28
457.01
445.32
433.34
324.72
251.59
204.52
192.12
164.55
161.36
101.99
76.79
80.17
100.39
140.54
126.58
144.01
159.76
162.53
266.11
300.88
310.69
394.95
378.61
468.12
496.15
449.64
353.45
301.85
288.67
253.19
276.56
277.97
290.98
254.75
231.33
191.84
145.66
195.62
133.02
250.24
341.73
383.03
401.66
381.50
433.86
473.60
486.76
504.68
491.33
461.91
370.73
307.91
255.56
262.73
231.56
198.91
165.56
168.11
183.10
114.23
98.65
75.75
56.71
119.71
248.82
293.50
279.35
347.66
286.93
348.63
347.81
403.51
449.84
388.52
330.23
301.73
237.24
211.10
192.57
200.12
153.05
129.16
128.14
91.98
89.71
81.96
93.03
130.25
192.05
201.17
260.82
361.20
393.11
374.23
398.99
455.77
445.33
386.45
329.85
309.91
299.49
204.39
213.88
172.44
109.94
125.86
128.65
121.99
95.63
93.28
79.11
52.87
119.79
198.81
285.74
356.54
422.51
455.17
481.58
497.63
490.38
474.44
373.46
258.27
232.93
219.23
192.10
196.11
167.40
147.25
145.20
144.52
137.63
104.73
76.02
96.62
146.29
223.72
284.17
440.39
461.31
474.56
524.21
517.45
477.34
436.45
359.35
255.17
224.96
219.25
228.15
208.37
172.25
171.56
159.98
137.21
119.58
124.51
88.07
36.28
66.78
146.08
149.42
223.35
316.88
438.04
500.04
530.85
520.68
455.31
349.65
264.79
274.26
244.07
214.04
166.49
165.93
141.79
139.23
126.79
107.74
133.00
108.64
146.99
186.14
135.11
126.63
234.13
359.30
513.06
543.26
524.29
506.17
433.26
340.15
239.74
213.06
205.75
149.67
133.97
98.87
92.70
62.74
50.76
40.77
48.46
45.28
60.18
71.76
93.67
137.68
264.70
457.63
501.79
504.20
509.52
507.36
473.50
357.71
233.24
214.43
191.92
128.54
99.80
86.41
111.80
109.24
89.47
69.27
40.44
25.73
35.95
94.06
100.94
196.40
331.76
456.78
502.66
529.60
543.44
521.48
459.48
346.54
242.47
201.13
212.03
179.10
169.11
132.65
138.79
125.29
104.11
56.84
49.61
61.32
84.23
164.16
201.80
294.68
409.51
481.18
497.27
493.70
490.10
484.64
394.68
386.39
276.29
248.22
219.81
170.14
152.32
115.45
81.34
87.16
83.42
86.15
57.60
43.31
100.63
124.51
105.28
147.84
300.67
421.41
451.40
461.13
468.26
457.58
383.98
232.19
128.81
102.88
106.67
72.76
63.11
37.87
24.99
20.31
26.57
22.71
22.75
28.75
69.51
93.75
157.98
216.91
301.69
351.08
397.50
403.29
332.62
291.75
245.72
223.64
142.32
94.45
85.81
68.23
59.66
40.21
46.18
30.61
20.58
22.84
27.84
3.14
11.52
21.99
9.25
29.53
240.03
379.87
420.17
429.30
427.95
380.92
327.03
277.57
217.67
190.12
169.76
128.35
100.24
71.79
66.05
56.08
61.58
31.56
18.44
18.67
25.23
53.21
35.88
119.18
192.56
446.76
475.16
475.42
466.43
459.10
413.48
302.39
271.20
234.65
210.35
239.65
201.76
190.87
171.74
106.90
133.60
133.43
113.20
113.52
136.95
180.18
163.97
228.33
374.47
443.35
478.27
511.48
517.25
476.08
410.52
308.96
217.79
158.06
142.95
133.80
131.19
119.45
91.55
134.74
143.46
165.09
173.87
226.76
224.78
254.74
273.24
290.81
276.49
288.39
300.58
373.23
400.15
392.94
323.97
222.35
202.73
197.41
133.15
84.89
89.00
82.99
60.57
36.18
46.01
46.18
58.44
55.58
90.28
201.66
192.91
185.98
281.09
391.45
467.62
509.24
508.48
465.94
406.93
330.96
290.18
259.15
247.80
204.22
197.98
226.82
189.86
210.04
217.72
218.76
197.93
161.22
246.80
350.02
297.72
253.71
286.49
328.30
453.21
506.09
400.82
364.93
421.11
373.01
325.45
295.21
260.92
243.41
172.25
202.68
155.26
158.52
164.41
171.35
276.11
149.46
169.62
220.31
245.81
276.80
285.58
381.97
444.22
450.03
467.90
450.48
432.86
429.03
375.70
363.99
309.60
300.85
236.28
190.93
191.32
241.50
190.92
152.20
112.07
130.60
207.80
357.33
360.50
429.41
436.52
426.75
449.19
481.57
499.16
447.22
421.11
393.84
354.96
331.72
319.34
301.72
239.91
222.25
219.25
208.55
203.47
213.96
191.13
155.40
287.89
336.91
333.61
406.37
483.86
482.27
486.16
491.10
485.47
463.66
463.64
386.93
339.62
301.42
280.76
249.44
209.35
170.85
143.62
132.46
139.92
152.13
101.89
109.45
204.23
335.00
299.42
371.13
412.04
468.26
511.50
521.33
530.93
499.78
470.41
429.71
371.64
361.47
279.70
214.96
209.22
165.57
133.54
87.41
72.81
78.14
83.46
100.96
161.49
242.16
273.13
319.70
361.50
430.42
413.08
457.97
439.84
381.27
349.91
199.17
162.78
116.58
99.28
104.35
163.66
154.38
151.21
149.01
155.98
141.92
151.71
146.22
163.19
265.55
268.18
301.17
328.56
388.36
482.94
508.76
508.10
480.52
455.68
359.37
336.94
296.02
278.19
292.11
208.23
172.92
160.88
186.79
193.57
193.57
186.53
200.44
186.72
188.35
239.05
286.82
252.51
267.96
402.66
511.98
554.90
526.07
462.13
403.69
341.09
295.62
286.81
300.80
250.44
223.07
258.34
190.20
159.74
155.86
158.65
214.90
298.13
325.67
296.38
289.14
320.44
375.03
386.62
476.08
498.63
510.68
401.51
323.89
284.74
226.05
239.44
262.94
276.45
299.02
232.43
201.93
234.15
300.08
316.09
281.70
288.19
323.53
359.10
417.14
442.56
443.73
475.73
541.60
547.23
484.13
376.59
366.28
274.52
281.03
261.33
210.32
217.65
223.81
205.07
214.35
184.92
168.31
183.83
170.73
174.59
303.21
382.21
367.47
390.68
411.83
412.59
382.69
452.71
500.37
440.13
407.10
355.44
342.23
266.97
260.66
235.04
218.18
273.08
253.80
274.98
253.38
243.51
199.47
192.27
278.16
292.43
336.71
381.50
419.70
484.36
500.07
520.24
493.73
416.18
346.52
344.14
311.07
321.93
326.19
303.86
263.84
247.67
245.44
214.57
228.25
180.51
120.46
159.04
232.48
264.40
309.95
379.68
471.10
502.98
525.13
522.23
487.61
395.17
352.21
319.19
274.79
228.15
203.35
204.12
169.64
176.59
147.60
144.90
146.07
138.10
138.84
178.06
179.97
192.49
266.00
340.07
463.33
507.89
539.29
547.02
511.77
441.18
285.21
221.16
184.57
185.36
164.28
166.10
146.01
125.80
101.04
83.11
130.95
113.34
87.31
145.53
180.35
157.62
164.86
243.08
252.97
269.24
327.51
497.85
463.29
399.25
382.44
344.43
289.43
245.89
169.69
159.22
185.93
191.54
147.78
109.67
76.23
61.51
53.89
87.48
146.39
269.38
296.62
345.61
342.84
380.92
477.87
505.22
443.10
418.99
359.95
324.09
291.80
228.47
191.41
161.95
117.94
114.60
95.80
101.78
124.13
85.45
93.93
172.81
248.17
239.25
229.88
285.21
394.88
484.60
493.67
486.16
456.98
407.84
334.66
277.40
226.28
220.74
189.09
159.48
133.46
156.32
154.39
162.12
138.74
124.02
132.69
134.04
185.44
242.03
238.84
230.93
324.73
441.42
479.25
485.22
483.84
453.42
368.90
358.63
342.26
294.48
289.09
293.48
298.90
237.96
218.78
226.33
221.15
217.84
169.89
168.55
236.49
286.26
307.20
319.97
355.24
402.14
457.47
457.22
448.07
399.17
355.11
371.87
339.66
342.37
300.97
266.44
235.87
201.22
169.90
140.70
175.61
170.46
190.94
224.89
250.59
240.03
226.90
298.69
304.48
343.68
371.32
434.01
462.70
448.85
385.09
299.98
238.37
227.21
236.47
244.94
271.94
231.00
226.44
270.56
210.68
183.28
177.24
215.31
229.84
242.53
245.49
304.65
385.36
389.18
454.53
448.80
442.97
443.42
386.16
303.62
282.41
260.66
280.42
297.01
289.72
261.42
272.07
225.64
201.42
170.07
146.78
188.13
265.39
321.09
316.14
274.72
307.04
339.68
420.52
488.89
470.67
422.85
368.01
317.69
320.15
325.66
285.82
270.89
272.95
263.46
229.81
162.63
162.45
168.18
146.45
147.04
152.09
157.42
192.29
288.32
398.74
478.29
468.88
503.63
461.67
380.38
339.63
311.37
343.80
313.24
280.34
222.42
206.19
187.06
152.78
134.65
124.20
93.16
113.05
138.09
149.74
146.33
131.77
207.32
476.63
514.65
514.74
516.39
514.07
446.75
391.91
369.76
337.37
300.50
255.96
218.94
204.92
167.46
148.08
168.86
152.51
131.14
135.71
165.29
209.49
190.69
325.12
394.98
428.64
421.31
438.91
499.28
488.78
392.52
290.38
221.11
188.80
181.37
177.28
130.50
99.87
86.06
66.65
60.28
63.52
69.93
46.36
112.05
186.94
182.62
232.04
341.14
399.98
450.99
435.12
430.78
433.05
365.32
288.12
193.80
182.62
145.71
99.47
75.82
71.59
67.18
60.13
45.80
42.66
29.52
25.47
52.88
84.10
74.30
171.66
246.22
284.56
340.36
384.06
385.91
370.51
360.60
332.06
279.62
185.64
166.66
136.06
129.84
126.26
122.93
110.72
84.42
71.48
62.06
54.30
99.68
113.30
64.79
80.95
245.77
305.88
293.17
262.47
324.16
285.21
239.84
242.79
215.79
225.03
193.32
156.60
156.27
137.85
73.84
72.94
121.96
83.15
116.89
127.68
149.30
141.28
136.64
154.04
216.77
311.27
420.85
490.69
497.21
489.88
463.64
399.30
332.02
307.92
292.16
283.49
221.97
187.74
182.19
147.82
126.47
109.68
89.76
92.79
177.85
147.71
155.51
246.74
382.71
481.66
504.12
516.15
479.27
471.68
438.08
332.61
308.00
260.66
205.49
190.93
193.41
212.16
206.70
185.04
170.76
145.94
131.32
150.69
185.63
180.49
153.66
147.60
215.53
345.76
338.07
413.35
424.10
405.14
376.63
277.24
191.74
121.69
164.84
166.47
144.42
133.58
105.74
122.98
118.10
110.43
122.55
127.87
188.73
208.31
186.53
194.19
239.76
297.55
380.47
444.29
487.17
443.18
352.81
317.61
296.15
241.87
204.66
209.68
243.07
228.51
190.27
158.42
181.59
164.02
179.20
186.06
261.76
266.34
276.39
316.65
388.74
440.07
458.58
476.30
466.64
453.23
423.48
385.85
360.42
325.15
280.31
255.22
216.89
196.32
169.66
162.10
170.90
183.64
158.66
131.03
185.96
218.80
222.00
243.77
281.98
350.37
437.81
431.13
462.43
439.12
419.32
353.94
281.06
295.57
260.86
261.82
245.35
243.65
202.68
181.54
191.07
190.06
153.08
129.66
99.54
153.73
179.37
268.38
343.36
389.08
411.19
418.10
407.92
417.91
362.24
307.86
274.88
253.38
222.34
158.59
89.33
95.42
133.35
124.47
136.02
142.32
137.13
146.99
195.78
209.50
129.26
148.51
231.97
275.68
358.51
371.26
382.89
318.33
307.35
282.40
230.52
186.90
179.27
155.57
141.51
136.84
158.97
110.60
106.74
92.32
89.33
124.98
149.09
101.54
47.57
111.51
287.32
383.63
439.86
453.59
468.38
428.65
403.33
341.69
285.79
279.89
222.11
157.85
101.70
49.92
32.22
63.82
63.65
105.66
109.55
90.14
134.81
142.53
137.13
190.58
298.32
431.24
499.60
528.99
518.12
473.18
456.12
364.38
306.84
238.78
203.97
185.59
195.57
123.84
108.59
122.93
90.50
66.71
84.05
110.43
116.04
166.84
183.71
231.59
304.99
363.53
429.19
438.26
393.09
364.69
349.04
277.53
209.28
176.40
158.07
142.69
93.79
95.98
96.87
74.13
43.17
70.66
90.83
65.69
87.11
151.24
198.67
232.85
242.51
275.58
346.37
384.60
442.77
423.49
267.93
255.82
257.56
212.08
134.76
124.68
112.06
87.59
92.61
79.87
103.05
82.37
89.04
81.84
149.42
155.20
135.37
163.59
260.52
332.72
372.21
375.07
439.16
336.10
311.46
281.11
250.57
236.15
162.41
155.91
178.48
178.04
171.63
108.04
94.38
90.72
54.65
32.42
15.33
21.12
42.88
104.46
285.14
470.38
463.27
476.96
498.83
492.77
418.85
264.25
256.51
241.51
253.48
249.45
232.27
214.55
157.10
109.68
108.11
102.41
101.72
106.83
156.38
113.30
104.14
77.54
323.58
397.34
350.23
455.80
461.63
439.97
441.52
377.45
263.30
153.08
104.14
73.58
90.61
125.29
62.26
59.49
64.02
66.50
106.44
168.25
148.35
175.72
188.53
288.12
293.65
360.70
437.48
464.18
454.22
420.53
394.65
382.46
304.71
281.28
226.90
234.02
221.21
181.31
181.41
172.90
180.80
184.76
175.46
163.73
144.72
131.18
183.52
246.87
284.28
389.75
457.17
462.85
475.98
456.32
406.86
350.57
294.34
261.78
257.84
217.28
193.83
163.62
143.47
157.85
143.08
127.42
128.64
153.99
158.78
89.65
108.67
130.93
258.60
399.25
453.10
473.94
487.86
471.09
436.41
376.10
360.51
311.81
298.10
248.40
236.95
220.16
214.78
154.77
107.26
103.88
104.05
160.12
145.01
110.34
158.06
240.85
400.76
432.35
482.93
493.93
460.69
410.18
341.75
247.50
218.27
183.97
194.03
154.81
160.87
139.60
142.30
120.54
155.69
135.43
130.16
154.43
173.89
178.48
181.50
194.58
244.20
376.53
443.73
477.86
480.45
452.11
429.16
360.57
265.23
230.57
201.33
164.42
145.77
158.41
120.52
99.35
133.76
108.87
100.68
132.98
149.93
106.77
166.03
176.32
197.71
258.15
236.73
330.18
375.18
392.70
341.19
250.60
224.44
199.11
161.70
103.15
78.11
40.03
65.67
55.66
60.31
60.97
39.84
47.17
64.06
79.87
82.88
149.75
262.41
341.38
367.63
388.54
417.48
370.85
375.71
207.29
159.21
167.90
137.12
148.69
132.55
112.85
97.37
87.46
122.65
137.90
103.95
147.65
233.38
203.43
254.81
269.80
368.91
436.24
486.13
476.44
481.87
478.63
442.09
390.93
304.44
301.11
278.37
268.84
219.69
228.15
186.59
131.62
135.07
167.92
142.83
207.85
264.31
294.60
303.73
307.79
370.36
400.42
429.47
491.43
498.02
492.51
445.62
349.50
317.12
278.91
256.93
278.60
247.03
251.66
255.71
221.77
229.61
276.92
285.51
268.85
290.17
298.92
308.58
358.42
409.86
461.77
468.85
473.05
473.90
465.87
421.34
388.10
350.80
266.01
257.03
262.55
247.41
213.18
233.60
256.92
262.43
285.09
270.28
275.56
316.44
324.81
281.64
300.30
388.67
374.18
376.80
387.05
468.16
483.29
458.20
399.82
340.65
341.80
316.28
310.40
245.48
238.25
262.62
229.24
211.64
229.37
196.84
205.77
277.54
293.75
256.68
212.33
298.67
367.06
336.85
446.85
496.21
505.87
497.40
372.63
282.40
257.49
302.51
284.29
226.90
213.84
211.28
164.73
133.65
116.56
172.40
233.65
272.94
245.97
245.67
358.23
435.30
455.71
461.84
474.72
484.60
392.26
393.21
284.10
236.07
166.10
151.49
164.75
180.89
158.98
132.47
140.27
128.20
175.01
181.00
103.09
91.36
125.90
130.78
76.34
101.13
64.37
187.25
324.68
293.30
280.93
300.26
267.33
247.85
237.18
193.98
152.70
98.69
55.39
74.52
42.26
29.47
53.31
68.86
89.95
103.69
82.78
107.83
108.23
103.57
242.16
272.09
292.77
291.71
260.42
253.06
223.73
205.72
180.72
152.86
109.11
88.66
83.54
108.69
130.33
128.78
105.33
108.73
144.04
163.87
144.14
117.91
127.23
163.32
228.16
292.49
278.53
246.22
250.94
263.90
243.64
243.44
229.08
207.69
154.74
122.83
111.77
124.62
108.78
124.53
116.46
98.43
139.68
173.65
155.39
152.83
164.76
212.46
276.34
313.41
292.50
285.47
285.19
253.08
210.77
211.61
202.74
131.86
115.18
102.64
82.38
60.84
53.14
46.43
41.89
49.63
77.23
88.92
53.26
24.80
144.38
237.45
273.99
317.18
285.97
310.30
300.10
296.75
262.47
185.54
161.39
128.01
123.60
105.36
74.48
93.11
77.12
85.11
123.65
110.34
141.68
151.27
120.05
125.76
146.19
156.44
199.29
257.91
274.82
288.62
261.44
198.84
198.04
176.98
121.74
93.12
145.93
171.70
155.45
132.83
151.65
161.53
142.76
124.37
143.79
147.70
145.49
161.97
151.44
126.12
165.08
267.31
274.18
274.81
228.58
232.72
224.68
140.86
133.50
125.93
112.82
98.56
95.27
76.12
67.55
87.33
95.89
91.21
80.49
130.65
177.21
210.47
234.73
266.67
244.55
195.53
229.49
282.57
263.32
267.35
204.68
150.61
168.66
157.84
142.23
184.72
171.59
142.67
118.42
148.77
141.14
126.88
139.31
107.83
111.77
108.68
115.31
90.98
151.15
228.49
248.27
251.25
253.18
217.53
189.68
155.07
155.22
125.55
144.75
120.38
101.20
79.25
87.36
101.80
95.46
75.50
57.47
94.90
136.31
137.57
177.47
203.62
363.57
341.87
390.21
380.78
347.37
348.85
253.52
189.76
133.24
86.00
89.81
100.96
124.34
109.71
116.44
131.19
108.06
76.11
50.90
44.45
35.78
11.90
25.20
124.06
265.76
435.15
430.15
445.03
401.77
331.49
282.81
237.78
189.82
133.47
99.13
67.66
45.52
54.57
27.69
34.17
46.86
61.64
77.81
93.95
40.75
1.35
28.85
159.13
225.30
237.85
264.37
328.75
307.56
293.54
180.44
156.02
137.21
121.81
102.21
87.93
93.76
55.14
46.39
43.40
41.20
33.73
48.96
51.25
56.81
41.09
74.58
180.48
251.29
313.02
362.77
434.56
412.24
380.24
347.60
265.28
197.94
194.49
148.43
81.62
77.07
71.86
96.38
112.00
86.15
66.14
106.19
142.52
53.68
12.06
18.03
140.56
234.60
325.12
370.84
385.70
341.78
295.53
276.23
245.90
184.21
149.30
105.51
88.72
94.77
72.60
54.44
41.67
26.92
38.80
39.34
40.92
40.20
62.43
113.63
207.51
235.70
289.27
277.39
288.55
250.16
204.98
161.60
111.17
73.49
89.54
102.02
83.69
91.36
89.62
95.03
108.15
94.76
86.66
103.88
115.53
90.13
56.44
66.17
146.11
194.45
241.56
281.09
301.07
336.76
322.83
229.88
198.83
143.17
139.22
162.05
145.90
132.21
124.30
116.46
106.22
133.45
122.86
172.81
165.77
77.70
57.38
65.01
228.96
280.31
245.77
306.69
350.70
399.07
347.01
232.50
187.79
179.68
161.12
108.95
100.94
98.70
89.19
132.91
121.90
143.36
153.54
188.93
118.48
41.47
11.67
46.23
35.28
56.75
77.72
94.99
123.19
127.06
149.00
121.26
119.69
119.40
101.74
128.89
82.15
88.57
80.61
58.81
74.03
70.65
72.29
102.05
142.10
160.66
229.52
209.31
183.75
139.42
164.37
266.34
441.26
460.45
403.67
324.22
294.87
255.92
208.08
218.84
215.91
182.10
172.36
163.59
193.68
173.86
126.32
98.91
145.20
210.44
290.22
350.53
315.47
278.79
231.79
191.16
394.36
424.79
403.19
347.86
272.83
225.40
190.25
200.40
200.10
160.35
129.40
97.15
114.20
75.67
107.95
182.60
245.07
158.34
156.49
166.06
200.70
258.04
284.65
312.24
338.54
270.16
230.89
198.26
146.76
116.08
156.72
113.86
74.63
80.03
49.47
84.81
67.48
52.29
43.52
57.58
96.41
25.02
14.83
48.71
65.69
141.50
261.13
267.67
284.13
265.47
241.94
212.14
178.56
152.41
117.08
124.33
83.42
85.24
95.74
112.45
97.54
69.43
60.47
45.22
14.69
18.79
50.67
104.96
105.20
123.89
113.51
222.60
217.64
198.23
175.03
187.62
153.43
119.37
90.45
123.07
107.75
127.16
100.83
71.93
70.23
41.46
57.59
42.33
23.69
21.84
20.57
36.01
22.40
116.47
224.01
237.36
262.14
244.24
231.69
189.35
108.71
70.37
69.11
52.79
62.19
54.03
92.73
109.90
86.98
85.74
62.59
47.79
38.17
35.43
34.15
86.39
228.19
267.12
268.22
275.07
270.07
257.39
240.20
201.36
196.13
147.02
97.31
124.49
128.42
134.99
93.96
112.71
128.41
94.01
81.31
130.29
117.45
110.66
149.98
187.45
150.29
105.66
188.05
242.81
270.36
269.33
210.67
136.55
138.57
177.31
204.75
208.08
173.71
207.52
217.57
196.74
185.91
147.43
159.45
159.91
182.32
197.91
181.77
164.15
193.30
207.10
185.75
266.49
284.05
266.33
241.71
195.93
170.39
195.31
186.22
158.17
168.46
187.91
184.24
151.17
149.58
140.69
162.51
135.12
140.09
144.43
164.54
195.31
238.81
251.08
268.39
311.08
343.97
371.27
344.22
293.49
266.27
230.83
230.25
231.67
170.33
171.76
153.78
103.35
95.36
103.16
93.52
54.84
32.00
58.45
53.21
43.10
29.89
141.08
309.57
360.04
349.82
353.93
321.14
270.74
199.74
175.43
184.76
185.15
177.27
199.73
136.40
100.02
147.73
137.54
135.05
111.71
152.11
142.97
133.22
217.83
240.71
273.60
298.78
301.64
355.76
357.48
397.04
323.21
249.72
259.83
252.55
244.06
252.34
220.06
151.76
128.54
117.94
100.58
84.54
93.71
127.11
211.23
240.86
237.73
251.38
318.94
419.80
468.44
436.21
398.25
364.04
319.47
275.09
229.01
234.27
180.11
161.62
155.37
137.23
132.03
124.34
126.14
136.31
137.01
131.38
157.76
160.88
187.79
331.75
402.33
457.04
463.77
466.90
455.42
451.84
403.50
354.98
332.86
307.19
256.40
248.85
243.19
271.80
230.62
213.57
176.38
234.76
290.07
329.31
297.29
283.92
318.23
370.02
398.71
416.32
471.10
474.34
434.96
383.19
369.14
357.72
338.80
336.30
334.15
369.26
347.05
288.00
247.96
209.34
207.94
186.23
204.17
297.50
280.54
253.90
242.25
276.32
352.54
363.72
426.40
439.59
446.91
418.77
345.20
353.79
315.39
282.75
261.21
216.13
133.95
142.89
148.86
145.07
127.17
108.01
93.33
114.44
110.12
110.09
149.34
143.68
106.23
171.08
412.66
448.18
435.30
412.64
312.12
227.43
158.39
115.64
159.36
161.05
111.05
91.70
84.09
68.44
23.59
9.99
16.10
21.06
49.40
156.16
255.47
232.07
136.63
128.04
121.40
162.87
191.27
210.81
242.35
274.53
201.48
157.31
177.50
196.20
148.14
85.58
105.06
120.38
99.42
80.95
108.72
153.25
197.01
251.14
269.84
265.55
283.26
300.44
424.83
470.30
467.80
445.34
408.94
345.03
305.90
306.56
280.59
241.56
210.28
188.85
178.60
97.37
114.16
167.50
186.73
252.43
300.52
309.33
397.88
425.90
451.41
458.22
473.99
440.63
437.14
418.27
314.18
267.76
252.01
172.11
177.00
206.13
184.62
133.47
144.37
160.77
209.88
207.99
218.16
308.29
240.25
218.88
198.54
228.84
240.61
256.13
421.80
421.38
394.81
359.07
322.00
300.61
271.48
227.48
181.69
229.58
256.59
207.46
189.49
146.25
113.60
106.88
91.87
115.08
145.76
174.26
218.55
314.39
388.09
407.36
438.27
459.26
417.71
402.38
377.82
318.31
257.78
258.44
236.16
235.17
187.37
167.00
173.79
196.44
209.18
198.34
198.69
213.42
258.61
311.07
300.92
324.01
407.02
450.61
480.63
453.76
412.68
376.28
268.42
279.57
322.40
285.63
275.72
218.96
166.93
140.10
119.45
113.93
196.14
189.38
195.43
278.17
287.88
315.13
370.35
406.83
419.04
450.83
475.85
470.14
458.58
424.07
400.28
355.07
315.10
360.99
280.65
282.43
274.64
256.66
303.23
240.26
213.41
237.04
274.97
294.64
264.49
323.14
377.66
342.94
351.92
347.10
306.68
340.55
392.98
425.53
389.91
314.60
366.53
327.55
234.41
190.39
136.45
126.08
135.14
137.65
138.87
191.85
205.18
264.31
256.58
290.76
283.81
277.69
329.11
373.30
389.84
300.18
378.80
345.82
247.84
213.70
227.24
208.31
209.75
148.84
133.66
158.66
187.11
206.13
166.11
136.55
178.08
223.98
234.16
281.42
304.41
315.29
390.96
448.85
478.99
481.85
468.42
405.63
340.37
323.34
298.50
318.66
305.73
304.01
331.47
281.86
217.56
187.21
214.40
200.89
187.76
244.86
290.82
246.18
302.81
437.08
350.34
430.79
430.35
436.61
454.53
382.43
340.09
353.17
341.82
325.20
295.68
233.18
237.45
179.33
142.62
177.71
135.48
145.94
190.13
230.68
266.85
333.71
366.87
399.50
429.02
474.20
474.51
448.55
436.63
385.25
351.95
379.18
383.34
332.46
282.82
270.95
249.22
271.09
232.90
172.64
180.83
200.46
196.10
214.33
274.57
316.10
308.28
367.25
406.50
424.11
461.16
454.86
438.67
439.64
438.03
417.72
377.85
369.88
323.19
286.46
239.53
223.12
215.92
194.15
169.13
174.24
196.65
208.97
212.67
224.17
218.13
236.79
245.90
231.65
275.47
267.95
255.99
252.77
385.55
372.17
341.93
286.49
263.82
288.73
186.86
119.07
144.23
158.55
156.47
160.06
230.65
253.95
266.54
281.50
320.94
352.28
344.04
327.19
386.88
437.83
423.21
369.42
316.77
299.41
297.61
360.24
344.17
298.19
263.45
192.86
166.65
167.49
183.23
182.14
148.81
166.56
221.39
253.15
242.20
287.67
321.75
391.77
397.39
408.95
403.56
375.30
315.39
236.03
222.89
250.29
223.90
229.37
220.51
200.33
218.41
267.26
252.26
221.54
244.98
221.22
249.02
248.24
296.97
304.59
324.23
301.20
354.11
396.75
399.70
374.27
357.20
331.49
332.80
274.25
172.93
183.18
197.13
153.77
140.09
165.41
174.44
183.74
202.23
169.37
190.30
182.59
275.46
309.63
303.10
286.06
310.31
365.49
328.99
368.50
314.74
267.64
265.35
216.30
211.64
183.42
148.42
137.28
142.58
176.85
187.22
196.23
271.32
287.00
249.98
223.06
231.98
273.55
315.13
327.74
335.39
342.27
378.85
327.92
247.18
223.91
130.15
153.14
164.38
174.98
176.64
182.07
152.66
141.45
131.59
170.46
178.94
212.04
207.14
212.46
243.96
260.72
303.90
357.01
369.81
346.99
340.60
333.85
277.78
218.54
209.84
224.51
214.97
174.47
125.81
135.57
138.36
154.91
157.94
178.04
184.56
196.37
184.09
157.13
195.88
227.08
242.83
257.12
290.37
304.26
314.52
321.00
253.58
270.40
230.32
153.65
128.89
136.82
102.82
76.21
69.06
111.91
106.69
147.36
154.64
186.29
173.08
155.69
171.65
189.08
199.36
214.13
319.03
361.16
390.75
388.54
336.22
285.10
249.87
182.33
223.06
163.50
145.75
157.83
137.95
121.03
145.75
148.63
123.21
184.98
185.99
162.91
201.27
259.42
232.64
168.86
197.07
230.91
241.67
192.95
193.63
202.93
155.37
127.83
123.80
140.35
128.64
116.49
101.52
125.32
128.91
107.03
132.84
257.81
263.43
255.00
234.32
259.71
298.87
383.09
389.48
397.19
391.42
341.53
283.78
258.34
255.04
220.14
201.73
160.44
134.57
64.99
16.77
17.83
14.67
20.57
132.37
203.91
250.68
296.19
345.96
389.53
430.66
416.20
402.64
405.12
387.06
369.88
313.89
288.15
274.43
254.88
292.75
323.89
287.91
230.75
222.00
213.04
201.31
249.69
286.46
301.19
329.76
327.57
360.73
327.06
324.73
356.58
377.90
404.78
404.23
398.36
337.83
274.95
221.95
242.59
249.34
242.51
221.79
202.68
187.61
168.16
153.03
88.48
111.61
179.95
142.85
199.57
214.12
228.88
368.35
452.12
477.42
462.18
426.82
405.82
332.58
315.66
277.13
300.20
270.69
206.16
207.63
141.06
111.46
119.02
153.25
178.21
169.20
212.16
271.15
282.08
274.96
291.33
363.56
393.70
416.46
417.24
431.50
421.56
374.26
328.82
306.58
293.30
275.92
264.84
268.67
244.36
198.73
178.26
197.99
201.84
261.69
306.85
286.74
267.95
306.83
389.22
411.51
382.33
430.94
423.16
442.25
409.63
322.22
272.13
262.14
235.47
249.20
230.60
218.48
178.75
155.96
121.56
77.35
63.90
56.90
88.76
164.34
189.58
197.13
262.54
335.14
359.15
404.88
383.55
413.39
373.53
329.54
304.73
206.13
181.80
137.76
100.74
99.32
132.86
114.81
115.49
74.51
80.88
110.96
120.51
109.53
104.42
80.68
79.57
133.92
99.53
215.93
243.21
245.17
227.07
149.11
130.67
102.10
122.71
110.32
97.04
61.97
57.95
73.76
61.62
107.10
94.56
86.34
67.36
81.61
89.95
160.44
213.78
256.56
267.98
270.20
234.69
202.06
189.25
199.08
192.49
126.93
90.17
76.37
99.40
104.41
54.25
45.17
22.97
0.31
5.88
20.60
16.74
33.31
57.47
72.96
117.19
255.01
267.16
231.93
194.48
168.07
128.53
136.39
140.02
123.23
78.26
58.78
46.51
71.40
21.48
12.83
25.19
17.14
17.62
7.37
13.16
60.80
86.10
142.13
165.09
259.18
333.47
385.18
368.00
308.25
314.36
286.26
224.82
211.72
165.69
89.26
65.95
53.68
56.99
25.08
28.54
33.50
39.47
29.37
11.81
7.41
1.91
21.70
81.70
201.78
334.74
380.86
315.47
255.17
235.75
318.64
214.77
147.45
99.10
77.66
48.91
69.44
59.44
58.22
60.45
28.31
30.82
17.55
18.24
14.59
20.90
26.58
50.69
106.87
234.81
239.17
232.49
272.62
257.21
251.01
202.91
175.85
87.59
53.59
35.88
24.90
24.62
73.66
115.21
90.79
102.10
73.21
69.38
82.96
66.17
77.77
118.56
213.56
276.34
268.11
284.10
240.15
167.26
153.00
122.47
116.30
127.42
99.23
46.62
30.06
15.78
12.90
27.90
34.59
24.35
4.45
7.12
4.46
2.24
11.05
36.25
142.34
223.36
383.70
308.89
287.56
340.35
254.55
225.54
146.35
134.36
115.03
85.27
91.58
99.08
65.68
50.26
85.05
126.19
212.89
208.27
180.04
203.62
299.28
394.79
442.96
451.12
439.37
404.18
449.25
408.32
346.61
288.60
271.36
285.75
285.89
228.48
216.47
179.80
154.31
149.39
201.75
247.27
282.38
286.23
316.68
352.02
358.53
421.92
425.18
436.36
423.80
442.62
467.22
435.51
387.09
359.39
343.99
263.68
285.69
259.88
238.10
211.11
238.93
226.80
157.37
160.23
203.25
276.87
268.14
226.57
284.14
308.89
377.64
452.22
454.30
478.35
446.83
403.09
356.22
276.11
250.31
236.08
214.43
175.05
155.59
164.19
160.63
157.83
147.37
111.89
131.06
194.97
212.73
188.77
213.86
265.26
356.68
422.69
434.43
467.95
404.12
338.04
299.37
280.09
254.23
228.08
188.44
188.47
155.56
136.41
132.87
104.82
85.84
111.33
144.07
185.22
175.35
185.97
223.72
210.05
318.68
380.19
460.67
479.31
464.04
430.27
374.91
277.62
241.50
244.13
201.43
203.27
141.94
106.37
102.63
95.57
113.90
125.16
215.63
239.33
244.18
214.75
196.81
224.93
271.05
331.67
392.62
492.66
425.43
393.69
355.74
277.50
221.53
217.25
203.61
162.39
118.77
110.66
83.88
133.20
132.71
131.40
82.22
136.12
149.41
144.83
199.07
314.78
455.75
432.10
458.93
424.28
336.34
367.10
360.31
275.61
183.34
50.06
23.78
27.10
38.01
19.36
17.19
52.90
63.16
62.40
74.55
75.38
63.98
49.68
84.96
210.29
392.80
365.80
345.98
353.91
385.53
363.77
328.72
284.34
221.10
188.74
130.63
117.33
89.56
72.93
78.18
64.15
70.43
78.87
56.17
57.85
99.75
131.65
237.51
283.87
297.01
375.01
342.58
471.42
446.03
364.11
272.47
220.54
194.31
171.11
172.99
232.20
215.75
151.66
166.75
151.09
129.50
136.02
154.30
186.56
183.51
196.89
196.05
322.33
413.99
384.65
382.83
428.86
372.82
330.22
240.08
201.03
231.71
245.45
144.84
102.93
76.80
24.63
26.05
42.96
23.58
21.72
97.05
127.67
166.95
152.26
137.48
215.33
244.67
200.45
386.17
469.06
459.20
384.36
328.53
210.84
189.19
175.79
153.36
167.30
162.56
163.88
146.09
123.45
128.38
109.83
66.82
53.42
105.67
156.29
168.86
171.63
301.26
364.41
353.71
292.57
280.87
214.11
192.28
215.59
205.84
189.31
140.85
119.90
91.97
122.30
137.58
147.51
93.24
66.78
74.30
64.76
37.92
111.58
127.07
157.80
340.15
373.38
334.51
266.55
276.77
247.23
219.02
195.53
141.52
148.92
95.49
40.37
59.40
96.02
75.39
65.85
57.45
50.08
66.51
2.80
0.00
8.56
20.80
25.63
153.87
277.68
322.46
264.22
232.05
250.53
177.91
176.11
120.64
120.65
116.32
89.90
90.60
63.04
41.42
45.75
17.20
22.95
43.02
67.13
64.30
70.99
92.47
158.22
283.22
365.79
195.77
175.81
152.69
259.04
197.58
158.83
162.50
197.92
163.50
87.43
105.01
91.75
108.10
126.44
72.18
54.95
52.49
68.59
104.47
70.97
139.46
259.60
344.33
384.52
445.59
306.69
252.85
285.89
268.64
204.70
134.06
101.39
129.89
88.10
84.85
62.82
36.72
38.52
54.10
67.91
44.10
53.72
43.36
24.90
31.88
133.65
205.15
221.44
140.75
198.21
236.17
230.67
196.45
151.44
102.13
54.09
63.11
59.52
36.38
19.98
17.68
23.24
15.51
16.15
21.36
12.09
10.02
11.05
24.30
99.25
264.40
231.93
257.63
211.06
200.70
228.66
207.84
160.62
141.90
106.60
41.38
11.77
12.82
19.36
30.91
26.41
11.52
0.76
0.25
16.17
19.89
13.63
42.18
97.40
158.09
215.94
190.75
216.86
242.62
289.63
249.28
119.94
114.91
92.48
34.44
30.65
47.39
32.47
22.91
75.57
51.05
8.75
5.63
15.80
11.41
10.90
26.01
205.37
213.52
349.83
362.94
346.92
369.99
303.91
252.24
179.11
113.47
73.65
71.70
76.11
47.20
74.47
83.97
45.78
45.27
44.88
88.91
135.53
94.48
87.50
75.60
70.62
151.92
157.85
326.03
288.18
261.49
187.77
167.05
135.84
125.50
110.73
117.94
97.54
83.44
124.70
95.57
84.50
69.14
62.76
36.74
37.31
17.23
22.26
17.88
31.23
111.56
279.71
323.33
358.20
360.54
348.25
311.65
263.68
156.31
93.83
83.88
69.73
65.21
69.41
52.70
43.00
19.61
34.49
22.16
10.68
10.80
17.57
35.19
179.29
354.00
392.82
451.94
498.40
451.02
424.76
352.48
264.15
271.93
235.43
215.55
201.31
186.85
218.23
163.83
131.25
89.63
73.95
76.89
60.24
45.57
87.98
199.21
320.14
471.71
497.84
482.17
495.97
496.91
467.57
346.76
278.14
274.83
239.69
175.65
173.93
181.26
151.52
91.99
116.76
137.43
133.77
123.93
142.14
163.41
142.73
172.91
318.59
335.61
288.03
400.78
380.80
340.19
346.75
287.07
233.94
191.38
181.40
145.75
121.33
72.30
81.09
23.52
2.59
0.00
9.06
24.47
26.05
26.48
17.56
10.42
28.26
81.25
75.13
183.22
263.97
250.36
233.58
177.37
102.44
70.96
59.66
48.34
36.30
21.84
35.86
34.77
26.62
22.71
32.61
43.81
37.27
37.00
15.01
23.59
32.54
53.88
103.55
70.57
180.31
203.86
220.80
112.60
86.09
92.30
86.23
72.88
63.18
96.92
58.88
52.02
32.68
26.37
18.35
35.62
27.83
13.76
13.67
16.99
30.26
181.42
267.83
332.04
337.80
357.30
333.56
308.46
240.22
243.77
213.77
198.95
187.70
196.21
145.42
80.85
54.89
67.60
76.14
42.81
49.67
25.76
35.00
141.43
223.21
336.61
381.51
394.10
351.93
274.19
318.25
280.14
188.46
149.16
120.48
124.10
137.30
140.17
108.32
92.04
59.44
50.40
51.36
48.70
42.63
17.63
6.02
17.03
49.99
153.10
243.34
258.99
237.38
241.24
166.31
139.31
109.06
90.09
72.05
114.57
109.22
138.07
87.25
13.33
8.85
22.77
35.07
59.19
74.11
58.13
62.23
81.80
151.03
347.69
442.11
455.52
439.63
414.25
345.89
282.68
216.76
215.88
202.02
163.60
126.05
113.99
97.39
112.57
72.46
43.71
35.69
27.89
64.33
84.39
87.93
147.84
282.81
379.28
399.20
426.79
428.22
450.09
425.58
325.20
311.26
244.42
180.48
134.34
98.75
72.85
83.19
55.63
54.14
47.70
50.80
43.22
45.81
71.49
97.27
107.95
131.00
78.27
202.64
335.92
296.25
319.64
322.25
193.58
143.69
112.04
103.12
55.99
81.77
105.41
87.16
62.63
48.91
44.90
16.21
66.43
65.07
28.26
14.64
30.75
22.36
14.08
38.14
149.65
180.27
140.85
27.41
53.97
5.30
3.86
6.64
9.22
11.91
11.62
4.78
1.93
24.25
28.77
30.44
9.83
10.38
30.14
51.40
59.66
73.28
42.75
59.35
166.99
200.41
199.74
192.51
180.45
126.37
70.84
43.57
75.36
101.89
15.23
0.00
0.00
0.00
0.00
0.00
9.17
24.43
36.49
53.71
64.66
58.95
144.38
235.53
243.06
237.41
288.56
301.42
269.67
180.27
159.72
128.80
125.73
137.25
143.48
101.36
82.10
109.16
73.67
52.29
60.48
49.48
32.70
16.20
16.91
30.47
235.98
367.17
411.68
400.98
399.77
400.37
315.02
264.10
195.63
158.66
176.61
129.35
96.83
68.83
73.40
59.31
25.91
31.04
22.30
44.80
78.93
92.07
120.44
176.24
161.99
234.46
330.56
297.01
284.64
263.85
191.67
128.29
79.86
67.02
35.86
24.42
34.67
26.85
10.86
13.93
16.30
8.51
4.30
3.96
10.95
8.34
4.37
26.42
65.85
150.48
180.33
186.88
227.97
200.11
151.75
88.60
59.40
62.31
45.57
21.25
21.86
17.45
26.71
42.98
27.23
11.77
11.51
1.93
5.69
0.47
27.28
16.37
27.20
73.21
71.21
219.37
215.75
193.62
154.64
66.42
70.99
58.97
35.11
58.53
45.49
26.48
8.98
5.34
3.93
0.00
0.00
0.00
6.37
0.00
0.00
12.29
23.99
30.50
85.21
184.13
136.64
102.02
112.66
107.94
44.08
71.78
93.32
31.66
24.90
17.86
37.20
32.96
25.51
18.45
14.74
27.30
32.88
50.94
71.72
92.25
63.60
190.00
402.31
415.87
383.97
356.37
259.37
196.61
138.60
79.25
63.35
70.34
66.16
75.46
56.59
45.29
26.98
0.00
2.15
16.77
34.59
74.99
43.43
32.22
87.45
202.48
305.17
334.68
315.96
238.65
174.92
163.21
152.42
144.92
114.19
49.83
41.81
60.18
60.95
36.70
26.58
30.55
3.15
5.24
18.58
30.81
6.77
34.08
12.28
72.52
117.27
119.61
158.59
138.34
112.39
85.77
64.17
53.35
26.64
42.97
30.89
21.34
19.06
31.86
39.70
18.59
18.92
31.17
27.25
11.34
29.95
115.52
239.16
348.43
352.99
376.55
362.77
341.09
250.61
154.79
95.42
78.70
91.25
70.00
88.37
68.56
75.69
76.41
75.03
62.19
62.16
61.64
36.79
38.48
137.01
201.14
151.55
193.50
160.72
231.44
255.12
254.34
212.55
178.24
156.34
155.46
163.18
146.79
169.97
149.01
165.36
154.71
116.24
97.34
81.32
134.06
138.45
170.27
145.21
201.71
171.88
188.32
229.20
218.82
233.87
193.22
170.22
116.27
94.15
73.21
97.38
75.85
73.34
89.17
69.01
46.60
60.53
41.31
53.55
77.50
50.11
18.97
27.25
20.03
60.93
35.11
170.66
252.56
218.73
202.11
171.04
103.33
38.92
7.98
10.20
0.00
0.00
0.00
0.00
0.00
2.27
10.75
3.73
1.02
13.38
11.10
1.24
4.04
34.94
40.00
26.02
0.00
0.00
0.52
119.05
113.33
126.30
110.95
97.89
111.88
109.64
100.04
67.88
71.11
71.74
76.65
87.35
67.87
143.71
101.36
117.40
11.95
43.02
55.46
207.61
272.81
357.87
280.48
231.60
227.74
178.38
161.22
138.10
122.82
91.55
71.14
80.55
106.37
106.95
99.29
65.39
116.51
105.64
150.61
191.22
218.12
194.72
182.90
191.61
263.71
275.91
236.74
214.13
214.94
193.20
153.25
138.70
139.22
121.10
116.19
137.90
204.47
217.14
192.07
207.89
221.87
179.96
210.56
235.32
206.54
214.47
229.64
259.71
255.35
252.35
202.97
183.85
207.49
204.05
197.97
189.77
171.92
121.65
127.68
85.25
72.71
53.52
40.82
39.63
35.60
19.67
38.86
115.78
160.77
230.97
257.87
269.96
289.77
293.70
324.97
288.45
222.64
140.19
114.02
85.43
77.78
50.17
35.19
54.64
57.42
40.64
35.70
62.85
85.10
79.78
29.40
54.70
152.90
216.68
274.55
346.52
374.82
392.27
371.47
201.02
187.38
65.82
51.65
31.32
29.72
11.30
4.92
8.49
13.44
16.67
12.31
22.75
25.90
15.94
1.71
0.82
30.27
73.46
111.89
134.64
110.05
106.82
54.94
24.27
8.45
4.57
3.20
0.00
0.79
0.00
0.00
0.00
0.00
0.00
0.00
0.00
0.00
0.00
0.00
4.92
12.15
126.69
98.90
64.33
99.25
87.14
36.99
42.48
32.99
38.25
23.07
35.73
32.19
16.87
26.19
29.99
37.93
18.35
15.28
8.01
4.16
1.11
0.00
28.32
14.39
96.88
180.87
164.84
178.64
187.77
198.80
195.90
141.15
143.79
147.19
128.89
97.25
109.24
70.33
90.58
54.66
58.87
81.77
60.18
77.91
79.59
25.49
21.84
138.02
222.53
226.10
226.86
227.32
197.68
195.27
151.12
80.28
36.02
33.30
52.74
33.06
40.00
34.94
42.25
14.96
14.76
13.04
4.68
0.00
0.00
3.39
2.23
54.34
111.25
180.35
162.97
197.93
192.49
194.50
129.42
82.57
72.17
62.64
64.01
77.78
45.25
34.36
33.62
17.08
10.65
6.72
12.14
14.98
23.73
24.31
10.31
25.98
133.28
219.94
244.64
280.99
321.12
286.47
254.05
166.49
127.75
102.08
108.54
105.82
80.94
91.02
50.02
66.61
77.12
61.60
45.00
40.58
15.55
10.68
20.18
55.98
193.40
234.22
241.36
234.34
220.95
217.70
159.71
122.24
85.00
56.82
61.88
90.48
67.37
47.98
65.01
69.81
57.76
54.13
11.56
4.18
4.00
9.71
0.00
0.81
1.12
132.31
99.08
89.93
150.90
179.82
149.27
114.17
69.93
52.88
43.44
30.17
13.23
16.72
3.66
7.60
11.70
7.72
2.51
0.00
0.00
0.00
0.00
0.00
2.26
46.26
32.14
198.77
192.55
160.13
149.99
77.35
47.10
53.22
23.69
20.37
26.44
9.44
10.62
7.76
8.70
3.36
5.46
17.79
26.28
10.88
23.89
39.54
98.56
145.64
158.16
163.58
157.05
160.27
125.05
114.92
94.70
26.65
22.71
23.29
26.44
8.02
7.35
0.00
7.88
5.92
14.25
57.83
60.74
21.16
41.29
168.58
148.90
114.27
123.80
214.82
171.80
139.95
99.56
67.16
69.08
38.65
22.78
11.24
0.00
0.00
0.00
7.72
11.88
12.93
21.30
15.60
20.11
2.75
8.23
59.82
168.14
135.34
138.79
192.15
178.27
130.04
158.64
109.34
117.84
84.34
96.75
77.98
64.61
71.56
101.61
99.23
80.37
38.60
30.70
29.23
47.02
45.72
101.72
117.69
78.61
189.15
216.81
221.37
198.61
181.40
180.97
138.72
140.03
123.44
6.19
4.52
63.29
84.29
89.50
72.65
39.04
30.05
39.01
62.91
49.29
56.33
50.47
108.32
208.62
227.57
270.33
269.45
222.85
182.18
136.46
98.51
93.61
90.32
41.67
20.06
15.53
11.29
12.98
6.05
2.45
24.23
21.59
17.41
1.45
7.84
34.18
86.26
145.21
34.83
0.00
0.00
0.00
0.00
6.63
19.89
27.07
25.98
26.80
22.21
16.25
4.13
5.11
0.85
4.28
0.00
0.00
0.00
0.00
0.00
10.17
17.84
29.11
1.83
19.61
9.72
13.75
15.56
26.56
22.06
10.46
3.21
3.81
1.88
0.00
0.00
0.00
0.00
0.00
0.00
3.76
0.00
0.00
0.87
4.06
28.49
18.09
17.66
2.40
16.60
16.95
12.12
14.26
26.98
34.18
25.01
16.94
3.02
3.61
4.69
5.36
8.52
7.05
21.39
16.38
0.00
4.62
24.12
3.50
42.43
97.35
145.56
159.68
141.39
147.22
107.97
75.87
79.78
67.43
37.46
22.72
36.97
33.43
38.75
20.73
21.19
12.24
20.55
4.44
2.38
5.07
18.40
34.10
87.79
45.74
31.58
32.38
45.95
49.73
37.50
42.77
56.28
68.84
36.27
32.48
39.57
85.55
25.51
0.00
5.68
0.13
9.25
0.00
0.00
13.25
23.46
3.50
46.41
75.63
53.76
51.37
66.72
32.23
22.42
48.21
36.46
11.94
14.25
0.00
2.61
0.00
4.50
11.42
11.84
15.70
30.09
29.79
23.66
1.58
5.52
20.22
17.03
44.45
78.38
59.78
98.85
64.19
67.56
61.08
28.87
21.64
22.06
36.36
30.85
1.62
0.00
0.45
3.69
10.79
0.00
1.29
2.73
9.64
13.67
18.15
25.68
34.54
31.87
29.51
60.50
98.26
85.99
61.52
65.93
53.20
52.63
29.67
18.70
11.00
1.13
8.64
7.72
40.80
24.82
50.41
0.00
0.00
0.00
0.93
13.77
38.09
42.12
25.76
31.56
41.08
36.55
44.66
31.24
32.83
39.12
44.30
22.72
10.30
9.69
8.39
0.00
0.87
2.51
0.00
5.52
11.28
8.57
14.76
44.24
35.66
127.31
140.94
123.89
139.50
131.93
85.05
34.21
6.31
0.00
5.32
12.54
21.71
1.13
11.07
12.01
13.82
14.03
4.45
1.74
7.25
6.46
8.80
54.34
73.86
26.97
30.57
38.84
32.64
18.46
20.78
40.68
50.76
50.92
43.20
49.67
62.64
61.39
10.42
1.98
0.00
0.00
0.00
0.00
13.67
77.76
131.36
139.84
125.75
82.25
153.05
175.21
202.27
238.90
256.75
241.01
226.63
196.20
139.17
90.25
73.88
106.20
104.62
91.77
64.48
54.11
51.21
45.34
70.59
103.88
103.33
144.99
146.11
170.87
166.49
181.78
181.73
176.97
161.12
155.57
159.27
138.83
96.01
63.10
48.48
52.98
41.94
51.22
37.71
31.24
31.31
83.72
100.07
97.08
75.03
78.87
124.64
150.34
136.05
153.60
171.75
125.50
132.40
104.02
114.27
73.98
37.42
47.53
44.88
33.12
34.46
13.99
16.11
19.46
35.62
40.92
103.37
121.75
138.81
123.59
163.26
206.59
251.18
324.01
335.05
306.06
245.53
139.51
103.74
85.25
96.43
84.07
62.92
58.12
46.82
58.40
24.23
8.45
0.00
0.00
10.63
25.29
30.13
55.01
143.13
113.58
194.78
214.83
184.81
163.88
113.39
104.11
81.39
54.74
69.40
34.76
44.78
19.21
19.10
19.10
8.48
12.68
8.53
8.39
12.39
16.91
3.59
3.68
19.85
99.46
136.18
233.29
157.63
171.42
145.25
96.47
50.51
24.65
43.62
18.27
9.20
2.04
8.52
10.20
25.13
35.86
29.60
22.97
16.25
24.03
33.27
48.57
129.23
116.94
101.90
146.33
128.86
146.92
117.92
35.44
37.19
21.17
4.53
2.48
11.92
10.09
18.72
0.00
1.49
1.36
0.55
53.91
105.66
51.82
52.64
69.49
170.85
204.36
219.19
232.68
283.98
245.30
159.25
95.50
63.86
56.63
40.59
52.00
44.55
38.12
22.92
9.20
23.09
12.84
24.60
66.74
58.80
18.24
14.63
18.93
46.79
63.69
99.87
25.51
141.13
112.44
71.07
84.16
60.45
34.45
45.97
18.31
19.99
12.96
5.84
0.00
3.87
22.92
23.88
29.25
26.61
22.61
20.75
26.80
55.13
192.21
204.45
161.14
87.71
235.08
222.34
175.09
113.66
56.65
45.46
45.86
21.02
12.73
1.85
2.24
0.00
0.00
0.00
0.00
8.64
17.69
22.18
27.84
29.18
96.51
139.04
267.66
178.70
205.99
190.42
117.03
73.93
82.09
39.18
32.48
35.21
45.97
45.79
30.62
18.61
16.50
7.35
42.89
48.62
46.98
25.87
25.20
5.10
79.00
289.59
320.12
353.86
262.13
183.43
107.67
55.81
52.76
47.14
46.75
58.55
62.04
58.25
65.67
44.60
45.41
17.13
31.11
49.57
83.47
97.46
77.41
90.71
253.22
321.20
309.49
228.33
202.19
142.51
97.06
87.96
62.07
41.82
37.77
13.50
13.69
17.37
14.47
25.36
81.26
42.10
18.00
12.42
17.41
28.70
114.40
96.14
52.74
98.04
95.85
109.35
72.74
56.58
58.90
40.80
27.92
23.73
17.43
17.73
35.22
32.67
34.82
30.18
22.96
21.04
16.16
24.82
48.00
48.87
95.10
135.54
198.53
210.79
172.31
123.08
83.59
82.96
78.55
77.61
92.25
70.98
46.69
46.13
35.28
28.12
13.83
21.69
24.11
35.93
39.63
52.10
59.81
98.04
121.75
166.21
181.53
167.56
161.82
129.15
104.81
107.69
136.28
112.93
71.19
26.89
45.84
40.21
25.19
17.57
24.34
22.46
38.23
29.02
46.16
104.26
106.01
73.42
102.15
90.00
80.60
36.35
75.88
80.97
112.33
71.94
91.72
118.86
88.83
74.11
27.92
25.57
39.78
26.50
36.77
40.23
49.06
42.98
57.64
32.46
35.61
50.39
81.32
127.07
160.01
186.10
137.68
94.40
89.92
80.48
67.71
48.03
20.79
27.46
18.94
6.43
1.55
10.55
2.87
0.00
0.00
0.00
6.33
1.17
0.07
31.55
23.30
6.61
16.32
39.32
64.34
85.39
59.49
43.52
25.57
32.46
32.76
35.61
60.49
96.31
64.03
28.34
13.32
14.12
0.00
0.00
12.54
14.86
21.53
51.83
20.77
52.96
67.07
37.20
56.99
55.94
37.96
41.24
22.30
16.51
17.42
13.65
29.74
25.57
4.04
6.10
17.47
20.17
22.25
18.23
5.88
18.18
28.00
29.40
46.64
41.48
33.91
50.38
49.99
28.14
20.23
34.93
4.28
1.44
5.68
0.00
0.00
6.61
11.18
16.21
27.65
47.52
2.34
23.59
20.89
49.85
109.84
95.61
51.26
49.05
57.41
41.54
29.33
31.09
45.60
85.65
98.13
25.90
38.14
8.11
12.64
9.00
1.06
0.00
6.08
10.87
11.91
1.41
6.05
27.86
17.65
9.27
20.92
43.56
32.47
22.06
6.05
43.52
15.93
18.25
14.53
7.93
31.15
44.72
64.61
0.86
1.11
0.00
0.00
3.53
7.42
23.38
14.84
6.41
9.46
4.85
2.88
13.37
49.05
42.31
37.20
125.58
108.40
78.99
40.83
14.10
30.68
26.43
23.94
21.67
16.78
75.34
74.66
54.31
28.52
48.02
16.06
12.12
20.55
34.18
93.53
56.71
39.31
120.59
227.29
227.70
186.01
171.84
97.89
75.72
75.91
60.66
22.24
11.67
16.83
22.36
16.75
20.20
27.06
60.26
64.91
48.59
40.46
88.71
86.18
153.43
170.79
125.57
176.92
151.78
127.46
146.04
135.83
207.89
146.79
92.94
74.69
75.74
51.73
32.54
25.46
20.88
26.28
71.92
24.57
21.88
19.65
15.76
5.31
69.68
157.70
167.67
158.73
178.79
140.07
97.26
87.07
58.89
33.45
24.25
42.92
43.96
40.97
50.64
31.82
23.12
37.33
50.00
70.76
92.80
102.47
94.78
119.82
155.83
84.96
46.28
50.93
69.59
119.08
133.08
61.08
34.23
26.32
15.63
21.24
18.76
23.93
12.37
22.87
22.06
16.14
25.89
43.89
86.21
48.20
61.99
89.11
131.05
177.00
209.48
183.11
157.74
132.88
84.02
64.98
35.03
20.30
48.36
33.03
1.33
3.76
0.00
0.00
0.00
2.38
23.49
39.89
35.99
16.44
14.32
36.37
53.85
40.93
62.26
76.62
68.73
68.23
62.50
52.04
69.97
79.65
51.82
72.96
25.95
18.98
14.95
8.83
12.10
18.02
54.83
97.74
99.99
39.70
9.91
44.45
43.35
95.69
121.18
104.73
110.86
95.29
86.10
85.55
85.83
58.18
18.54
9.96
22.67
40.09
40.95
44.77
40.23
48.14
39.55
48.57
67.51
39.04
51.51
70.22
120.34
240.71
271.29
305.42
245.19
203.05
53.96
38.66
11.18
10.51
10.59
10.53
17.55
10.83
11.63
14.99
8.91
0.00
28.82
43.33
74.17
126.98
118.31
98.95
110.84
149.30
160.37
150.48
132.61
103.16
104.91
81.71
115.39
131.90
133.79
93.73
65.54
79.61
33.58
25.14
34.39
49.54
42.27
25.68
63.70
84.37
87.13
115.48
134.95
140.40
159.56
156.30
159.74
158.88
125.64
113.69
116.82
76.74
56.56
50.56
51.81
22.18
15.65
11.69
24.93
22.57
17.46
41.34
94.15
51.03
58.16
112.23
127.49
150.82
154.55
148.59
136.96
120.44
122.52
77.64
50.11
52.62
37.78
22.69
24.75
16.22
19.65
20.35
10.48
18.59
25.22
42.03
55.85
40.01
54.31
34.42
27.50
27.60
32.96
44.08
31.11
92.63
115.25
90.15
77.54
56.28
27.94
38.53
46.48
40.48
30.26
31.50
31.20
30.20
58.05
56.34
105.12
87.45
79.99
133.69
209.65
277.97
298.40
335.64
317.41
266.50
198.39
149.71
123.69
136.32
134.96
125.61
95.14
95.64
90.83
66.50
66.60
85.13
77.37
100.44
158.14
181.37
132.62
199.46
195.56
224.78
239.10
251.14
276.64
231.13
164.91
138.41
100.77
96.13
107.09
88.67
110.34
111.32
104.20
79.46
99.41
87.85
102.59
147.31
143.78
158.99
204.61
271.26
203.45
238.92
269.41
295.66
282.19
205.73
158.85
109.52
109.12
123.67
142.11
282.36
126.65
143.85
207.44
207.94
156.07
117.11
106.37
134.02
146.67
216.64
192.79
279.93
252.00
251.86
261.13
308.00
257.86
228.95
184.40
232.14
224.65
150.50
138.97
111.76
136.30
62.86
62.93
72.04
47.46
50.43
38.89
112.59
143.42
177.52
262.96
165.68
197.05
231.44
231.00
297.83
196.58
161.75
153.84
103.00
107.97
157.10
120.00
111.66
111.42
97.49
82.37
81.22
75.47
79.56
48.30
103.98
178.53
177.86
227.37
237.25
260.36
245.30
315.71
333.56
297.39
262.48
195.12
203.71
196.20
127.56
117.85
108.78
130.10
131.45
109.57
72.18
71.95
69.83
60.71
87.82
144.35
162.89
189.49
206.28
254.67
160.56
212.62
194.63
223.09
212.89
136.09
102.57
102.47
110.33
43.24
11.95
9.36
15.99
17.55
55.92
63.72
52.69
42.16
74.04
107.77
119.18
145.79
175.66
185.23
208.72
345.68
352.31
331.88
267.07
207.98
159.83
108.45
99.48
91.17
80.00
104.05
90.71
87.81
83.85
92.78
90.72
109.62
139.40
157.10
225.54
254.29
244.61
342.63
368.61
371.49
395.92
354.04
242.86
225.58
199.25
174.66
174.71
174.20
191.96
198.01
140.45
147.90
183.74
200.51
218.45
246.27
273.15
289.62
317.67
342.46
402.25
402.32
373.97
343.11
386.26
387.29
323.15
241.36
193.38
220.38
216.83
212.99
172.46
154.59
110.16
97.33
61.80
78.13
101.05
104.86
178.72
229.16
345.92
320.43
346.69
343.81
375.95
394.80
382.55
354.61
307.13
271.78
186.46
114.55
177.81
155.21
110.29
75.44
60.80
71.63
86.17
72.19
94.44
80.90
124.34
239.23
282.73
299.32
302.29
310.56
365.25
385.29
370.41
326.79
291.20
221.67
204.60
162.91
142.61
76.41
101.27
109.99
163.77
102.85
132.83
102.80
143.73
104.19
136.72
180.39
167.62
216.28
241.74
276.02
218.46
266.80
199.15
229.23
228.46
198.69
157.88
101.18
85.73
86.49
75.03
112.85
100.47
65.65
50.14
33.78
40.13
51.50
82.21
117.83
154.73
209.11
266.62
257.75
265.37
292.72
247.79
233.16
165.50
142.54
118.40
40.90
78.95
93.00
88.51
40.59
74.32
73.95
54.59
102.47
106.04
53.46
59.84
126.67
190.47
214.54
237.19
287.68
308.72
314.28
297.69
244.24
165.30
125.81
101.20
100.13
96.18
87.06
74.03
44.58
30.09
17.88
18.79
18.25
19.68
42.88
61.30
60.72
56.96
177.19
166.99
124.39
122.28
133.58
194.62
104.76
65.55
66.32
86.36
52.92
69.08
46.61
46.17
28.06
65.75
42.33
28.45
60.11
68.04
47.15
24.28
23.66
46.56
97.42
133.90
78.59
69.69
83.28
74.45
37.41
8.96
58.52
64.26
33.88
13.48
23.05
38.78
31.40
28.85
3.09
14.93
68.34
39.09
78.21
27.67
38.90
61.26
68.07
87.63
111.24
98.31
136.49
82.03
75.88
99.17
105.51
97.82
78.95
62.01
38.61
28.41
12.49
37.14
44.95
55.40
23.48
27.55
36.89
33.16
10.83
24.81
108.72
60.80
94.41
114.66
115.76
118.11
98.09
193.16
106.87
69.04
39.66
29.43
27.00
20.13
16.92
27.36
38.69
33.13
25.74
11.70
15.48
13.18
19.51
23.59
33.20
67.58
131.42
150.26
129.91
180.38
164.09
146.09
143.74
82.85
61.14
56.60
24.50
13.78
12.29
18.07
14.37
16.46
18.72
12.27
13.63
7.00
7.72
6.03
5.69
31.15
184.36
279.12
321.44
326.99
348.00
271.59
133.30
125.18
98.29
93.29
53.98
31.35
37.21
38.47
30.90
21.69
41.27
86.96
85.01
145.50
148.34
199.50
288.07
267.84
210.49
135.33
158.06
257.84
241.08
184.72
162.12
113.66
76.08
79.59
72.87
81.25
75.83
53.43
64.39
48.12
50.02
50.31
35.31
60.92
115.93
153.74
156.06
250.46
197.40
165.29
192.86
285.45
215.02
171.59
141.50
70.06
60.60
65.17
49.05
52.24
47.97
61.25
54.74
44.48
48.63
31.48
25.43
48.24
45.87
63.55
117.25
73.26
184.50
162.35
198.10
220.21
189.57
133.02
120.73
142.03
112.88
77.41
52.97
50.08
58.72
52.18
30.81
16.89
18.22
30.26
19.73
29.06
67.15
110.25
101.27
147.11
252.76
258.36
266.49
307.42
286.22
239.99
160.15
133.83
112.91
114.52
71.46
33.53
27.79
24.75
30.96
42.51
28.95
12.83
7.01
12.00
28.24
60.68
87.01
90.51
42.26
124.05
125.46
126.80
136.19
160.97
132.25
90.99
53.97
38.18
33.38
37.02
24.16
25.99
20.06
11.69
12.54
6.70
3.54
2.18
9.69
11.87
17.08
47.77
121.78
183.82
181.84
244.37
249.02
199.55
141.33
85.88
67.45
51.83
58.03
31.22
35.41
43.12
39.68
47.76
35.76
21.04
20.65
36.76
49.52
84.48
99.21
129.93
88.25
140.83
200.74
215.22
192.28
187.26
177.00
123.03
119.07
135.30
100.88
65.57
71.36
57.61
33.98
50.83
60.85
40.75
39.58
69.21
91.22
103.98
105.01
170.99
201.83
184.57
195.11
191.01
186.99
192.43
154.07
160.10
133.35
108.40
87.00
110.31
107.00
74.77
79.43
96.87
99.45
100.55
80.59
112.78
146.13
130.62
153.34
129.24
140.74
194.70
263.22
224.19
235.73
238.22
165.48
134.90
110.00
89.15
81.75
80.65
108.08
68.94
36.22
36.57
33.33
31.38
25.65
31.37
36.12
59.64
122.21
184.63
306.31
271.24
297.04
302.96
261.70
201.68
160.08
131.54
96.08
54.59
58.21
55.81
55.73
41.29
20.99
19.38
18.93
10.23
9.84
17.26
36.57
54.75
79.33
80.38
81.55
217.92
327.19
354.92
324.68
275.99
203.60
210.77
130.10
85.68
53.73
53.06
55.53
37.88
40.95
25.19
11.04
3.71
9.52
13.16
24.20
69.20
88.81
93.95
136.53
100.41
189.12
168.11
124.13
129.37
90.97
70.37
56.10
52.39
58.36
57.16
83.67
67.16
49.05
38.70
28.98
28.36
21.56
16.09
35.83
51.64
0.40
30.41
10.00
33.85
49.28
102.06
93.65
74.70
75.94
37.78
33.13
43.09
52.56
38.01
26.98
24.49
19.78
23.46
13.75
12.96
7.81
0.00
24.63
84.55
99.90
173.13
116.60
167.57
131.15
162.79
140.05
69.09
61.24
57.76
62.39
47.69
26.61
24.96
19.53
21.53
14.74
34.87
21.07
18.22
6.18
13.62
22.01
76.66
91.69
77.64
120.25
135.34
171.85
175.04
180.95
155.38
105.23
102.64
76.25
63.95
56.42
64.73
50.87
40.67
51.52
55.16
40.19
36.10
48.83
38.10
74.44
100.32
93.73
143.81
151.49
193.10
164.85
198.30
195.25
212.61
198.16
186.43
122.00
80.98
111.63
72.67
89.41
109.92
78.97
86.38
95.83
99.55
96.07
79.62
77.84
73.90
191.73
336.36
402.48
371.49
335.13
357.39
409.24
366.71
226.52
275.42
239.32
199.57
193.64
139.10
215.07
232.80
181.69
208.66
200.68
200.62
161.47
163.06
243.91
238.87
324.33
364.19
375.34
375.32
322.90
274.94
270.42
221.74
200.83
242.87
235.34
247.69
190.88
145.87
137.52
93.51
82.22
92.62
121.92
92.82
94.30
103.87
220.00
248.42
179.96
202.12
267.91
290.89
311.34
290.00
322.02
255.22
181.02
171.77
112.56
80.19
63.02
109.81
142.79
113.64
102.71
84.12
96.44
126.77
127.64
160.66
187.79
205.57
250.04
281.01
302.96
348.08
320.19
322.71
359.24
329.48
295.54
274.62
242.03
237.85
211.92
197.72
193.37
178.09
177.79
161.77
178.05
192.80
169.64
205.23
309.38
348.48
387.11
361.30
384.64
327.49
366.88
347.61
341.01
354.08
318.82
338.47
308.66
252.64
232.34
218.86
179.80
199.60
196.52
158.99
164.61
171.08
181.72
189.46
233.67
267.09
298.05
325.02
331.78
357.00
374.46
362.73
353.88
319.95
267.15
230.35
226.91
211.00
186.21
198.13
199.54
169.43
173.53
155.68
137.30
153.17
131.42
148.25
196.59
203.69
266.77
344.18
369.87
413.18
428.70
394.84
379.98
365.32
355.79
303.12
321.77
245.24
207.07
184.95
133.13
101.74
80.06
130.67
131.83
95.63
37.38
51.90
124.39
194.89
218.84
259.57
315.80
343.93
381.59
432.60
383.72
320.33
326.34
231.21
264.73
257.81
219.37
190.94
217.17
192.66
138.47
172.75
182.74
188.82
209.46
153.18
261.59
286.40
306.71
329.16
394.05
323.59
411.60
447.96
435.02
391.45
373.39
350.48
310.87
325.25
386.72
307.63
0.00
0.00
0.00
0.00
0.00
0.00
0.00
0.00
0.00
0.00
0.00
0.00
0.00
0.00
0.00
0.00
0.00
0.00
0.00
0.00
0.00
0.00
0.00
0.00