6237.74599
6006.22452
5723.68895
5468.91281
5254.70454
5068.13183
4498.90902
4488.29843
4677.32645
4913.79183
5191.26283
5406.55466
5474.41542
5409.27827
5332.71121
5243.69165
5184.23916
5440.55015
6572.83966
6946.84461
6724.92293
6495.85139
5990.88978
5571.16885
5195.08284
4971.03853
4860.08072
4777.63136
4906.05431
5096.03145
5279.68352
5880.59992
6579.40628
6959.21872
7285.7273
7518.31798
7479.26064
7430.62491
7485.34778
7467.06107
7351.27585
7323.2799
8156.59831
8350.90426
8057.2464
7646.6991
7030.33942
6427.23481
5966.08537
5626.16117
5446.91873
5353.64795
5434.03814
5719.36207
5798.10372
6355.69425
6983.66538
7343.01313
7673.37309
7885.80735
7808.52179
7745.66145
7788.71046
7728.13929
7602.82933
7606.61954
8416.83564
8563.11963
8290.56346
7874.83704
7185.30936
6602.86727
6186.00487
5924.76712
5737.09289
5583.10748
5623.57932
5758.72996
5696.13258
6069.42846
6598.0392
7015.54994
7390.01872
7581.76272
7519.51893
7357.84866
7202.50736
7126.38603
7005.39363
7024.87781
7956.89063
8270.40136
8021.33009
7700.90777
7160.88338
6595.67253
6020.25687
5652.8249
5378.41835
5213.34956
5132.15256
5157.05552
4906.89739
5163.08148
5594.89881
6003.71155
6262.63893
6437.56014
6493.55331
6417.62986
6295.08713
6225.153
6142.44535
6306.64564
7276.15702
7546.73689
7379.93559
7097.81253
6544.8178
6044.41007
5599.48577
5298.68152
5103.86948
5011.92925
5031.85825
5182.48553
5078.83821
5279.86824
5914.06003
6253.6574
6574.59968
6791.04762
6843.81943
6767.87559
6591.19447
6482.7787
6402.69398
6656.29658
7516.14633
7776.64627
7520.18472
7082.99071
6673.89651
6134.0947
5678.28027
5366.70924
5090.92887
5108.06694
5287.54922
5615.21673
5951.00611
6378.39871
7000.18714
7326.27905
7600.77929
7803.81608
7721.89226
7691.35912
7802.78211
7774.67684
7683.79422
7684.49878
8474.91521
8515.73478
8119.09329
7665.16367
6941.14298
6262.73879
5735.05042
5458.36669
5328.80558
5298.48712
5414.45772
5733.52131
5956.40712
6457.9719
6997.88789
7289.90013
7585.65729
7799.56622
7713.83069
7679.57733
7804.48964
7763.34048
7654.94897
7630.56528
8545.41364
8681.26751
8345.83103
7613.79014
6834.37062
6211.16373
5717.35368
5521.85458
5386.19343
5379.85512
5486.86166
5782.39993
5994.11066
6491.7606
7070.9086
7392.86277
7676.21848
7865.74056
7728.14057
7747.44501
7776.47578
7778.38317
7659.22434
7588.76357
8501.48179
8692.66085
8364.63514
7663.15311
6873.43561
6196.42756
5951.43941
5716.79027
5519.57294
5412.76422
5571.91188
5907.39208
6090.8198
6645.87768
7244.03404
7539.93004
7865.94715
8133.98194
7996.30147
8030.27852
8056.8543
8060.73945
7961.54941
7850.50239
8559.63219
8654.95631
8351.95426
7803.30711
7136.32105
6509.80966
6129.70555
5903.37426
5723.47001
5644.95964
5746.18164
5890.3445
5976.75862
6465.08175
6994.00658
7292.20699
7600.19019
7781.55042
7721.18566
7481.52736
7295.96521
7195.21998
7074.7114
7133.76576
8113.95432
8306.88701
8024.77648
7490.07843
6819.4511
6331.35092
5915.53106
5597.51873
5334.68079
5231.63366
5202.63741
5239.0103
5006.81036
5199.52712
5593.7021
5936.45753
6248.55204
6491.52951
6589.10445
6604.068
6454.82471
6326.83791
6265.49522
6327.1705
7400.81484
7768.71723
7602.66952
7118.76871
6633.02384
6092.18131
5688.56351
5383.71359
5232.31576
5148.33133
5314.12746
5851.30488
6277.51802
6774.68093
7550.52072
7890.15598
8279.22019
8557.11398
8411.20564
8363.90131
8470.50978
8426.22459
8247.37951
8078.97438
8704.77384
8830.79241
8560.10008
8009.42078
7409.14848
6538.98452
6212.29259
5894.57041
5712.60646
5624.08503
5815.45846
6310.01175
6640.20191
7207.04651
7604.72389
8055.66799
8387.15777
8638.68786
8470.43539
8372.20374
8491.17609
8503.63966
8417.47174
8189.53226
8747.96606
8829.45589
8697.37406
8194.09776
7401.4654
6692.27184
6148.65963
5922.62626
5801.6444
5717.03392
5874.29273
6363.31172
6708.57272
7130.84952
7680.52842
8022.00847
8341.87987
8572.97
8359.5412
8318.28938
8466.81671
8445.67426
8305.15996
8110.3354
8821.17014
8997.78196
8750.06898
8162.26758
7404.69779
6789.18303
6278.59115
6096.32836
5922.4262
5851.10525
6022.8395
6517.81643
6771.8557
7262.98919
7812.17929
8066.7291
8269.48997
8553.78148
8419.27658
8301.13949
8420.20039
8362.72576
8246.77491
8175.55958
8915.35341
9177.18216
8856.96829
8118.67742
7297.94309
6707.23922
6268.53171
6021.83793
5809.46065
5765.11768
5993.38892
6459.04552
6699.18139
7215.51313
7781.26022
8106.59226
8456.63714
8681.02274
8529.66037
8441.42654
8549.5017
8507.73872
8375.30907
8157.5048
8737.94162
8963.32836
8615.75265
8156.50523
7512.56828
6910.4105
6438.60633
6132.73299
5891.48415
5811.51829
5902.48269
6115.3822
6173.87035
6645.28582
7259.37308
7646.50002
7979.18558
8227.04341
8127.29643
7863.42424
7676.08023
7504.12446
7334.98309
7318.31896
8168.51953
8388.77849
8096.40259
7655.80092
7079.45393
6605.13694
6168.65165
5887.65117
5642.77588
5490.15125
5445.21242
5472.76638
5262.70224
5481.89433
6032.88938
6384.89293
6637.55486
6843.86974
6909.54341
6830.06265
6685.16514
6573.26425
6473.14493
6508.74333
7554.8618
7970.59108
7857.98328
7472.76929
6815.27845
6213.46215
5817.94885
5511.69943
5396.53049
5360.47166
5560.79782
6214.25141
6618.78507
7062.81954
7705.40526
8084.448
8356.26639
8607.8288
8468.82162
8424.12035
8578.89908
8555.4564
8414.33258
8205.67011
8822.35039
9157.848
8868.43633
8318.25253
7506.00652
6708.58277
6232.12782
5995.7978
5810.16945
5751.89343
5942.08665
6613.72992
6936.38218
7359.8469
7953.53534
8242.11053
8527.21183
8755.49079
8516.73069
8477.9587
8623.05733
8620.31758
8463.03161
8192.86011
8954.31191
9173.04075
8813.88162
8251.85566
7503.56221
6807.66725
6269.40708
6039.55941
5881.27234
5750.36818
6011.72995
6617.04187
6873.49245
7316.63831
7773.07636
8055.95291
8328.7365
8506.46063
8332.95288
8291.4534
8439.86365
8406.6337
8309.73324
8195.77717
8813.41401
9003.58982
8683.32848
8099.32215
7309.36676
6601.98923
6160.46094
5873.84938
5732.87239
5694.34696
5887.09983
6540.90845
6834.56469
7207.1178
7753.84379
7936.3201
8385.90606
8624.99414
8432.57093
8462.622
8629.94037
8582.96344
8439.34043
8258.34154
8841.641
9130.0037
8876.97671
8390.33672
7437.1637
6683.84995
6288.41757
6042.72566
5827.16579
5737.09284
5950.06393
6613.00689
6863.53193
7209.25162
7680.02883
8021.83379
8258.23865
8513.08982
8353.48445
8326.0224
8496.79758
8519.21578
8456.44098
8223.11294
8843.0466
9126.966
8792.7871
8258.49109
7708.18245
7094.35237
6471.15384
6164.71234
6009.31598
5913.95259
5980.10286
6152.84566
6328.8715
6820.50085
7452.65804
7836.18564
8154.41527
8301.93363
8199.26101
8002.41762
7793.56751
7648.54051
7478.43103
7489.3677
8360.91197
8572.95557
8309.69334
7881.49685
7326.39789
6735.41859
6267.38523
5985.18362
5762.8338
5592.69402
5547.0382
5480.72833
5274.65816
5507.98571
5993.25392
6401.75904
6662.48872
6950.03045
7093.40883
6968.08922
6769.39525
6611.65015
6526.47031
6558.12529
7582.62594
8092.00926
7986.70568
7582.80859
7014.97166
6518.78829
5954.35918
5605.49951
5505.98639
5446.09764
5674.56898
6444.80942
6869.77614
7265.26919
7848.43418
8225.6186
8586.6213
8816.19533
8540.65637
8547.75521
8696.57018
8725.36562
8657.96645
8480.73469
9104.52524
9321.72414
8996.7097
8452.05099
7616.29467
6836.20091
6374.09488
6137.13739
5984.48311
5887.69536
6117.92319
6897.90047
7108.17489
7420.98374
7936.20926
8211.72958
8595.31003
8788.23123
8564.23416
8556.29353
8720.85206
8707.7832
8525.23744
8388.70297
9029.09543
9295.26347
9004.08697
8474.91927
7669.31205
6903.39502
6330.69086
6012.07751
5858.4293
5797.1305
6052.05596
6834.95599
7141.87514
7453.31442
7950.34804
8111.3584
8586.88715
8833.65191
8582.13365
8563.87675
8677.4351
8680.75885
8562.655
8283.80344
8968.51691
9279.43627
8999.43172
8349.65309
7587.28124
6825.08415
6310.27588
5995.17366
5796.30325
5726.2548
5972.37653
6630.01485
6933.27279
7308.09706
7871.77093
8200.11961
8518.86609
8692.76957
8432.43028
8449.54006
8614.08633
8575.02353
8423.1748
8295.48048
8879.73162
9130.55064
8823.37992
8224.08499
7463.78456
6783.49457
6218.54175
5936.5835
5727.11442
5641.93481
5891.50001
6619.09358
6921.21254
7295.6874
7915.26738
8155.24891
8440.9325
8529.21739
8326.96383
8306.41751
8429.98122
8448.51219
8338.75782
8112.90063
8771.33098
9120.12802
8817.28618
8272.33652
7543.38931
6838.34607
6314.95863
6003.63903
5783.9301
5656.3374
5744.81108
6001.10419
6072.16861
6557.46253
7242.76188
7695.3725
8076.11289
8265.6846
8153.06352
7956.27777
7780.44386
7605.67124
7392.98682
7338.50659
8246.96329
8687.71633
8422.44842
7939.39772
7184.63023
6587.35935
5993.96563
5670.73301
5515.82771
5381.86655
5361.7661
5402.90509
5216.47487
5399.55383
5858.36694
6234.71408
6516.22623
6766.14891
6811.81981
6760.11708
6626.66202
6550.43186
6449.81475
6503.42855
7524.78443
8075.89999
7980.83645
7455.91125
6708.12405
6121.62463
5665.79996
5409.35344
5368.71144
5356.76811
5624.70537
6389.35641
6634.80136
7013.47701
7647.08715
7945.21489
8312.23095
8575.54911
8432.3134
8430.0343
8585.90646
8614.4917
8477.70433
8292.50394
8983.25992
9283.15066
9028.74403
8422.21403
7469.19098
6411.79938
5999.55068
5804.196
5686.62926
5650.00154
5869.24787
6653.834
6917.92014
7235.10987
7829.86002
8131.67499
8403.98524
8637.7336
8491.87238
8468.52765
8667.13412
8635.25378
8494.33695
8302.23318
8954.51844
9165.04393
8861.98092
8374.99421
7502.47342
6612.23517
6028.63744
5790.13193
5655.4185
5608.45275
5868.66503
6594.98442
6812.74697
7184.96127
7757.8814
8065.59573
8417.02645
8667.07753
8427.63456
8419.06303
8571.38417
8539.3717
8353.97229
8158.29952
8861.18254
9172.92783
8825.78871
8305.23593
7299.36719
6505.75645
5927.25781
5741.74794
5600.47787
5558.1629
5815.7664
6559.33146
6788.29667
7077.0876
7696.98318
8110.70889
8429.96451
8628.32105
8414.66822
8419.87807
8562.09078
8495.86096
8377.20817
8165.93312
8911.49907
9290.19728
8962.1583
8419.81722
7433.70945
6494.76532
5977.64302
5755.32145
5685.95382
5659.28743
5907.96068
6658.0479
6891.32909
7202.84244
7805.20166
8144.06247
8514.72948
8731.74656
8510.26936
8503.9134
8708.28357
8689.06926
8578.48724
8343.34779
8883.40619
9248.7657
8931.93809
8378.90332
7638.4972
6971.3475
6356.65347
6033.77058
5791.11888
5694.89421
5786.40752
6018.1099
6197.28612
6670.75084
7374.7579
7837.79738
8201.62574
8401.33505
8276.87375
8046.31644
7873.43152
7752.12128
7536.31399
7467.99012
8324.91317
8726.93874
8388.53498
7920.14585
7280.8451
6653.14402
6176.12561
5823.72457
5557.3691
5455.33585
5406.273
5463.67948
5296.33508
5562.8921
5974.84081
6402.71744
6798.67599
7019.43198
7141.17443
7002.49055
6874.0618
6777.8911
6696.89333
6712.8832
7643.71878
8220.64887
8149.58451
7722.74993
7178.63144
6456.8331
5954.97488
5698.78463
5498.49252
5457.68547
5701.692
6504.9519
6757.24381
7064.2393
7714.48415
8072.69679
8472.78941
8714.99755
8449.05586
8476.36082
8632.23889
8624.51489
8414.57848
8183.58963
8939.3347
9376.50782
9038.90165
8398.83618
7506.14221
6796.66277
6176.86672
5883.52218
5724.63797
5705.73178
5987.12648
6778.96702
6954.60311
7241.76356
7760.82157
8039.03454
8397.70483
8592.13476
8357.87182
8412.47816
8569.7319
8604.18149
8495.9787
8285.2364
8968.4023
9383.56197
9090.62
8374.81467
7377.75303
6603.60827
6129.82995
5890.39563
5787.08655
5771.08734
6040.94807
6856.95782
7029.95582
7285.6531
7808.61206
8061.38773
8484.85076
8688.11995
8407.15562
8386.73841
8583.0724
8577.19255
8538.70149
8399.29847
9083.21447
9461.52413
9164.13896
8489.20819
7548.72139
6647.87702
6176.59989
5936.6331
5775.86286
5708.70106
5964.95563
6717.40789
6938.50689
7316.55616
7890.98778
8220.43862
8552.62936
8742.84339
8518.35679
8532.4476
8660.74845
8696.63968
8485.90732
8291.4941
9019.01379
9351.53658
9021.43876
8319.97286
7371.55822
6483.64397
6037.0986
5835.1991
5734.48174
5718.76263
5971.17234
6698.41374
6921.07136
7230.04852
7805.71173
8139.54941
8526.29886
8754.21171
8458.88598
8484.48081
8667.65082
8681.9386
8444.68925
8252.58118
8940.11571
9259.7331
8932.78702
8321.80899
7450.89622
6727.81121
6313.72571
6021.35684
5876.28829
5837.02872
5914.21081
6129.56492
6296.94456
6772.12436
7385.0823
7821.59538
8129.62154
8303.14299
8254.20507
8071.49941
7802.23588
7649.93109
7456.50229
7431.8045
8389.60632
8841.49149
8554.90601
7970.88282
7174.69599
6567.43136
6083.55861
5776.44633
5609.73742
5502.566
5451.19996
5502.93262
5345.1636
5595.58078
5982.95653
6300.96228
6605.12086
6825.59736
6914.2535
6838.63158
6692.50502
6585.90775
6552.82473
6623.10666
7676.61866
8185.01623
8082.65992
7477.5098
6861.23784
6175.23663
5819.94239
5623.30792
5495.05654
5470.41257
5743.98418
6523.03775
6768.4183
7122.09431
7690.79762
8007.84961
8378.99853
8731.56034
8499.11928
8520.15532
8693.61582
8708.38543
8586.19612
8364.28584
9011.87783
9308.61435
9050.76119
8435.12823
7381.70642
6615.88599
6102.94312
5902.94629
5766.22166
5727.94025
6001.95834
6776.7718
6967.47856
7224.54599
7715.27544
7969.62923
8302.9676
8599.23598
8322.04676
8374.67433
8634.61413
8583.79181
8526.47964
8356.89733
9033.63351
9399.22315
9046.63305
8264.21563
7309.95122
6504.04346
6033.65446
5815.68517
5679.54707
5632.82287
5919.10128
6723.86763
6939.66933
7215.80724
7732.34831
8067.22914
8405.98614
8615.58909
8408.34538
8476.82071
8663.03556
8723.94457
8629.3282
8332.22295
8983.9356
9362.41819
9000.76067
8292.86938
7381.65857
6579.00054
6095.66734
5903.76077
5782.44952
5747.57263
6032.02639
6799.25248
6947.85336
7218.41005
7737.01927
8093.16049
8454.76529
8667.36364
8420.22285
8386.07676
8612.66066
8714.12705
8580.82163
8262.29495
8996.71553
9420.25336
9097.26336
8427.23375
7476.47191
6701.12367
6115.87706
5929.81491
5775.47
5736.63437
6008.48147
6765.33628
7021.02306
7333.79552
7826.75442
8157.22337
8499.092
8710.81672
8475.42588
8475.56155
8647.44797
8669.21022
8473.91974
8177.12366
8842.81621
9139.0444
8795.31071
8096.89858
7318.65606
6606.87151
6167.11558
5913.03465
5782.94202
5741.7908
5826.38899
6086.68987
6274.25063
6738.47371
7420.0418
7852.20833
8170.69179
8305.06384
8190.24138
7998.11461
7792.80692
7635.26114
7457.21185
7463.79814
8268.88634
8634.04222
8366.72419
7807.56869
7070.05165
6391.8076
6105.49218
5903.03718
5686.06886
5491.24595
5468.37563
5495.72678
5384.09057
5660.01578
6141.66629
6431.69601
6690.32004
6903.92928
6945.33147
6879.32222
6721.1441
6634.41735
6567.49839
6643.54772
7631.40603
8219.66949
8028.53066
7534.6682
7049.99974
6293.41638
5882.45228
5574.21723
5445.17192
5415.5841
5732.52492
6528.88122
6797.69952
7064.48031
7646.82456
7899.30666
8363.72584
8628.64567
8373.91988
8441.62084
8615.8365
8632.13561
8490.77079
8227.59481
8983.43538
9386.85774
9046.32607
8258.23213
7309.14372
6573.02793
6232.71345
6036.43256
5874.72929
5827.30222
6033.40054
6805.30387
7070.86821
7332.28475
7755.57405
7979.61229
8283.05818
8587.81279
8435.7487
8389.29662
8545.01069
8538.16856
8470.38172
8320.71052
8871.6711
9197.60255
8913.6938
8408.79501
7431.37063
6457.69649
6119.61113
5930.7096
5809.61285
5786.79603
6083.33549
6848.02953
7114.55405
7321.69347
7752.56614
8020.60522
8332.8006
8512.16613
8262.42889
8275.72301
8389.37666
8494.18128
8366.74309
8191.89822
8954.93796
9341.8048
8978.49383
8350.25912
7448.54835
6719.28794
6287.55867
6014.17326
5825.15199
5758.9853
6006.95365
6891.97437
7237.74555
7440.97115
7882.611
8062.49203
8331.64473
8564.91557
8317.41077
8230.93277
8397.6151
8415.47289
8373.20336
8313.36531
8959.15932
9179.22025
8826.20946
8203.63729
7398.36316
6680.45958
6242.45767
5924.55667
5745.467
5692.62864
5981.25001
6845.09004
7121.81647
7396.9912
7751.00817
7971.87519
8281.27567
8426.86226
8269.35518
8290.08935
8498.46244
8526.13261
8370.26476
8175.47228
8769.55855
8916.34443
8639.77453
8124.12762
7445.0526
6783.80947
6451.17421
6156.11449
5949.68071
5841.51017
5882.24917
6119.25628
6278.64422
6685.8363
7183.0801
7472.87487
7772.91314
7942.37109
7893.33603
7668.66804
7464.18785
7268.42951
7086.33726
7114.27898
7984.09976
8335.0201
8076.38225
7590.97845
7095.57081
6454.83571
6135.08607
5807.13106
5526.00771
5384.34557
5337.14322
5380.11979
5172.51801
5406.99736
5868.32732
6177.2566
6378.28791
6633.89203
6650.86756
6564.30922
6413.43617
6329.11695
6211.61833
6265.29403
7274.13681
7743.06948
7561.85272
7147.84997
6627.90708
6056.066
5702.96869
5448.66404
5260.1881
5230.89547
5453.7789
6253.2736
6529.09156
6787.62442
7293.50284
7627.43283
7897.52729
8113.59399
7904.20004
7859.47407
7938.94911
7985.65616
7895.32452
7826.41861
8529.70072
8899.54834
8627.15896
8034.42539
7170.28803
6384.58413
5933.97839
5722.00107
5567.09083
5538.9364
5807.32387
6567.32021
6746.62946
6970.69605
7355.73729
7646.72676
7956.87202
8212.09874
8035.34451
8024.89608
8114.89875
8079.57269
8019.33133
7888.17903
8637.79783
8986.56211
8719.41171
8130.08137
7267.14553
6420.48003
5999.83694
5748.82672
5635.94741
5623.70534
5889.82294
6772.18982
7065.47259
7395.43008
7759.21193
7946.20063
8290.47773
8486.86121
8265.85351
8309.49285
8399.48355
8364.91463
8280.70045
8216.25181
8883.16586
9141.93159
8838.64152
8234.8018
7402.8141
6743.2053
6250.00487
6023.90208
5859.57182
5809.81114
6052.80378
6852.47515
7048.74467
7311.71415
7733.31756
7888.82975
8188.62508
8422.58164
8165.77146
8189.41864
8351.38329
8395.46581
8283.61319
8190.90695
8857.30015
9175.25335
8913.90162
8255.67707
7564.78102
6836.83551
6384.19039
6144.69736
5918.79525
5862.18148
6187.00763
6950.13943
7149.05376
7372.57148
7770.37274
7974.21175
8239.12066
8539.56667
8370.68149
8327.6815
8450.54787
8399.02503
8265.61717
8197.31181
8872.18624
9078.69025
8679.32179
8167.05918
7454.95291
6812.34306
6425.60568
6122.77395
5926.25992
5750.18115
5876.73414
6165.48426
6375.38178
6808.54995
7426.24232
7758.38076
8087.71715
8203.39507
8136.65519
7917.40931
7720.12196
7586.46414
7368.28787
7435.20422
8209.35106
8445.74757
8215.02217
7702.17034
7073.92324
6464.2731
6078.30333
5754.36582
5520.23547
5393.13539
5376.81006
5403.16492
5321.54898
5537.34487
5928.32647
6233.63965
6415.59932
6572.81768
6527.05318
6382.3816
6297.85566
6209.32219
6229.81976
6407.34636
7406.8149
7761.67366
7658.64307
7153.29105
6438.48705
5912.90408
5531.86296
5357.44858
5247.74583
5249.96958
5529.68206
6249.68699
6528.30473
6893.55721
7406.59042
7781.47177
8114.89071
8323.14635
8114.49639
8075.90881
8220.83675
8191.66985
8057.74712
7924.67579
8785.73344
9091.06283
8757.46023
8059.24823
7085.92091
6358.40614
6018.58418
5792.17662
5617.76977
5559.40213
5895.60446
6699.80373
6969.72423
7261.51665
7634.6155
7854.18608
8177.77642
8392.19999
8132.63027
8132.61375
8321.40283
8341.13008
8216.65583
8087.08003
8767.30366
9107.98399
8844.04272
8185.21481
7227.90334
6404.58961
5951.84219
5740.65895
5610.62277
5588.87602
5871.06453
6630.75687
6840.0691
7109.94017
7544.28838
7872.08106
8178.59811
8391.22344
8138.16973
8125.82912
8244.1102
8240.10519
8183.70769
8043.0649
8691.11882
9000.72302
8665.49105
8010.21144
7136.23427
6385.91889
5941.12339
5739.31193
5596.76901
5572.50575
5821.35248
6571.82475
6767.98953
7056.66407
7594.27847
7916.92502
8323.56054
8540.01889
8258.93266
8275.25291
8405.99247
8392.10026
8330.19589
8228.31113
8998.58207
9246.396
8895.72373
8127.25234
7227.09656
6566.02011
5997.87347
5785.98322
5653.42538
5642.68624
5899.81786
6611.42559
6776.88223
7047.83659
7520.8638
7915.04781
8286.02465
8561.35377
8324.22085
8320.41209
8530.73555
8522.71745
8360.05872
8203.52576
8882.48279
9154.35588
8806.79936
8172.80323
7235.6739
6547.6731
6076.39427
5811.3931
5669.81765
5591.2303
5702.5565
5928.60528
6093.47186
6573.4537
7145.01613
7498.73588
7813.68861
8012.25182
7848.60676
7611.62864
7347.78758
7323.80233
7207.41324
7223.25137
8158.12679
8422.65382
8063.48573
7473.26428
6779.42305
6207.62745
5734.55199
5518.2243
5345.59644
5215.54042
5207.23927
5267.81432
5130.14436
5423.38988
5769.85262
6089.3022
6338.036
6540.25252
6588.37261
6506.09463
6381.8104
6314.717
6258.44643
6376.95011
7413.98758
7973.09712
7857.08213
7294.31774
6659.48087
6033.12828
5671.68406
5463.13493
5345.87557
5347.38517
5600.81939
6338.77627
6548.30715
6860.67398
7391.10887
7766.98794
8284.40298
8590.5326
8384.252
8373.68076
8578.45619
8595.14476
8461.8594
8226.93639
8936.66748
9284.06591
8949.46508
8260.33935
7298.76683
6525.71247
6040.40053
5815.38431
5690.22891
5647.01643
5906.13801
6647.13439
6808.48728
7092.01512
7518.02949
7902.29123
8330.6361
8626.82535
8430.25606
8410.98429
8568.00265
8540.22708
8409.36952
8104.17926
8911.8355
9418.70925
9084.27663
8427.97165
7402.32557
6566.84534
6072.67035
5857.54602
5732.70694
5702.77093
5979.81861
6652.80183
6847.01618
7129.35903
7615.3619
7961.01863
8379.45066
8629.5338
8384.37739
8411.42397
8640.64139
8630.75825
8468.16013
8275.52165
8983.53663
9352.16519
9008.00761
8448.71364
7459.33709
6593.00014
6127.80944
5907.94677
5771.61267
5743.77933
6014.6921
6688.92719
6838.65762
7169.48224
7696.18068
8091.65002
8505.87615
8745.42595
8522.98025
8599.50518
8760.50001
8791.66326
8653.62999
8386.43753
9147.58576
9501.78159
9141.01925
8510.37277
7620.08456
6688.27034
6253.57473
5924.24884
5780.58065
5750.33165
6001.04141
6670.13889
6821.5735
7165.89988
7711.53393
8049.13366
8503.0946
8884.44224
8725.39491
8681.89885
8853.08786
8842.0766
8622.27911
8326.16787
9004.10191
9331.36559
8995.79424
8392.28973
7547.1342
6855.82442
6342.08288
6075.9452
5927.02034
5812.21191
5913.3601
6099.43247
6263.7531
6802.19351
7368.43983
7796.03488
8131.49761
8332.32204
8175.98236
7971.27871
7826.82495
7691.52139
7531.68232
7403.11323
8397.31993
8819.96591
8528.26306
7932.06988
7369.96899
6761.53094
6304.37932
5929.44863
5695.94777
5559.84417
5516.53191
5520.11511
5370.51362
5639.90477
6130.90551
6409.87333
6745.27959
6948.03039
6975.83754
6906.37123
6766.00579
6690.25558
6616.18481
6606.7717
7480.10366
7914.32399
7732.7958
7341.80352
6681.22093
6170.71676
5736.2318
5521.50003
5368.41753
5295.42419
5321.50135
5393.77439
5287.74135
5674.07708
6214.01431
6627.15017
6999.55562
7297.19577
7425.47968
7328.49953
7158.94694
6972.87359
6887.55353
6961.51104
7932.91296
8315.91964
8105.60461
7494.74714
6790.00851
6187.19262
5715.78539
5568.05915
5458.00383
5451.20604
5663.1917
6443.51764
6567.08611
6957.43974
7411.87642
7691.15053
8078.129
8301.49822
8088.91283
8199.22998
8365.145
8399.56925
8299.94049
8176.10736
8968.13788
9250.4879
8886.52221
8148.81195
7255.00958
6481.51987
6005.68112
5813.73508
5696.33472
5674.01231
5971.58178
6680.73264
6887.53021
7202.21309
7687.16274
7926.02719
8241.48966
8557.84912
8343.06211
8285.3496
8443.07505
8421.44363
8302.8014
8247.44075
8964.57108
9198.17456
8839.58463
8197.59792
7271.09102
6484.64417
5977.1523
5785.03052
5635.77717
5625.45829
5880.82641
6656.45364
6792.15372
7095.5468
7695.0726
8018.97305
8346.1624
8585.78771
8340.86232
8342.94554
8532.75906
8538.00061
8421.74814
8144.72171
8929.45703
9298.40569
8963.49058
8413.97457
7433.80616
6621.07405
6152.31333
5882.41543
5741.74017
5725.87295
6019.65913
6711.91033
6797.95267
7132.02028
7684.80923
7993.95463
8296.9276
8557.69782
8330.53836
8331.16186
8494.00541
8491.29841
8322.14734
8107.1421
8815.18881
9161.59901
8798.56418
8187.77801
7421.75345
6754.5567
6278.70643
5979.17307
5824.12043
5750.79411
5863.31364
6042.79535
6190.53965
6724.78206
7378.6749
7779.96131
8107.92142
8215.66531
8176.54199
7950.52195
7755.70684
7650.42115
7475.97976
7445.84819
8311.45216
8670.65208
8363.42034
7801.11892
7135.44696
6579.71149
6104.58908
5813.07428
5635.45989
5526.61508
5501.20683
5440.92035
5279.92001
5596.68046
6016.20318
6334.89598
6603.11148
6791.73928
6890.01787
6784.21175
6629.18106
6504.55806
6395.66193
6504.57326
7481.76757
7962.3072
7846.85676
7321.37101
6717.33118
6062.35834
5746.28531
5539.47717
5428.35325
5388.87851
5642.78184
6297.1691
6458.66186
6824.31047
7440.84702
7783.867
8123.67522
8344.27474
8156.27207
8140.68671
8323.16758
8353.69087
8237.63472
8143.76127
8848.58243
9197.52775
8858.15994
8219.62076
7356.88079
6528.72099
5976.05782
5776.66052
5633.78668
5602.10733
5888.66634
6560.58042
6683.6347
7007.81952
7568.05364
7896.0553
8256.45037
8510.46404
8280.27893
8291.8548
8491.33608
8486.9076
8357.70843
8214.19461
8935.41688
9283.07266
8968.63878
8389.03715
7397.83681
6552.71013
6104.25049
5835.6275
5695.66703
5671.58662
5927.39388
6659.22971
6778.04031
7123.47876
7597.36011
7952.54708
8261.6499
8571.08288
8360.33569
8359.51862
8530.70679
8544.51773
8414.49961
8254.06189
8961.48669
9245.84256
8968.86264
8421.08643
7424.03654
6621.23167
6064.99523
5867.66474
5737.05762
5736.33143
5965.19456
6653.48838
6838.85571
7155.86834
7720.19421
7990.90197
8326.34785
8625.67955
8355.27232
8363.17205
8519.55003
8515.83883
8327.99007
8212.97265
8955.94991
9230.53087
8850.73118
8306.42161
7380.29026
6568.71463
6093.91249
5887.52908
5706.0198
5688.37109
5987.43789
6679.94858
6798.65564
7117.74795
7676.77648
8047.68217
8394.69361
8578.93428
8362.30875
8359.6055
8530.71368
8505.24065
8402.42533
8232.94367
8946.65106
9143.8941
8794.06428
8224.13724
7379.19867
6747.34859
6186.6001
5909.72417
5780.19185
5672.7801
5796.38107
6023.01488
6156.92589
6688.84452
7237.01302
7651.04608
8025.47134
8209.63301
8066.76768
7843.97342
7645.26014
7524.54908
7359.53432
7265.45015
8255.8258
8582.66832
8312.66134
7750.7979
7116.48487
6512.86745
6063.15273
5824.33066
5655.74194
5552.15782
5522.17403
5444.27187
5270.61247
5616.37399
6032.78034
6330.70859
6583.99753
6701.27534
6789.04487
6748.38969
6579.49092
6498.83361
6460.10297
6495.79967
7505.41377
8022.35285
7930.88196
7498.19848
6876.36996
6276.27252
5856.05246
5682.64745
5571.9059
5568.28596
5751.03684
6394.46052
6530.65768
6896.75782
7507.90418
7890.74672
8313.16289
8655.52843
8430.17665
8424.46161
8568.27894
8566.59248
8436.16065
8287.48244
9042.22343
9383.40263
9009.19439
8329.33485
7490.7897
6725.37684
6207.97897
6013.39578
5809.84713
5730.04505
5977.59224
6644.84728
6800.74272
7211.86638
7800.67062
8134.57886
8527.71187
8825.71368
8567.92988
8549.67508
8647.43806
8612.52662
8437.06565
8335.936
9110.85256
9419.15695
9055.85767
8424.75744
7483.34053
6604.00722
6111.93959
5914.81311
5774.64799
5757.37799
6003.15131
6669.36339
6789.07939
7159.86867
7670.18721
8036.32188
8366.50144
8678.65939
8453.30979
8505.12115
8645.78578
8627.48055
8475.30916
8378.52233
9159.1752
9444.36658
9054.28873
8338.59456
7428.83512
6604.29096
6102.61195
5875.93826
5718.57282
5686.80924
5939.65174
6600.13351
6773.1794
7155.77663
7703.84155
8031.80919
8360.1847
8628.86615
8377.94861
8416.87515
8599.08645
8601.83317
8462.39727
8303.40542
9151.79201
9487.17748
9077.04969
8387.35347
7518.23671
6752.77365
6296.60094
6055.75193
5933.37283
5893.76092
6131.19051
6667.74587
6787.89598
7235.03209
7846.22689
8162.83887
8516.70527
8732.02581
8542.89578
8537.85406
8717.24318
8717.19795
8517.64805
8341.28207
9154.65667
9359.5106
9040.94889
8333.17792
7597.01594
6997.27533
6405.03939
6141.50596
5948.00522
5857.1484
5943.81267
6117.8743
6268.11326
6819.93398
7402.1015
7696.73934
8034.15799
8293.1412
8164.74848
7986.32161
7755.93756
7620.23575
7397.22978
7316.25881
8350.5638
8752.83892
8442.2989
7862.7303
7201.37499
6536.4666
6169.51716
5901.26344
5728.47167
5596.65498
5568.36446
5526.32871
5447.72036
5811.29703
6200.07228
6539.20211
6756.60071
6895.32433
6929.03967
6830.26644
6739.19728
6670.41618
6589.27836
6629.94432
7504.14664
7994.05205
7873.05687
7525.61495
6941.64703
6507.72787
5996.3644
5814.76605
5673.25279
5650.71703
5803.32808
6077.24635
6305.93712
6913.40014
7657.51044
8070.98052
8407.8857
8693.31236
8590.57857
8487.69909
8665.92713
8589.88356
8449.34484
8237.89504
9013.62583
9247.24338
8938.89193
8285.03331
7482.58935
6699.05567
6203.44013
6016.48008
5870.2257
5805.21248
5951.51023
6198.83136
6412.35951
6956.80704
7589.99834
7939.50469
8192.09696
8548.16488
8469.52243
8368.49085
8399.28843
8345.21868
8203.19283
8103.3424
8929.15527
9078.00964
8678.34236
8010.96339
7247.84072
6414.29343
6018.09334
5833.08346
5683.0772
5583.06956
5765.72912
6034.19174
6246.31747
6828.22983
7398.36761
7700.29125
7954.95562
8249.35831
8242.07607
8121.74693
8053.282
7946.49002
7755.19205
7671.69968
8569.14539
8831.93823
8492.13511
7826.66667
7142.12059
6431.33831
5928.76749
5629.3244
5468.76843
5353.67568
5349.81484
5362.63186
5201.62243
5451.27321
5839.66903
6094.77717
6368.34463
6514.01213
6643.3173
6550.8718
6408.53689
6281.41429
6163.73643
6147.65121
7205.77478
7672.6187
7457.59828
6955.97316
6392.29621
5848.14402
5479.98623
5229.68667
5122.21127
5036.76589
5013.26802
4951.05825
4804.50996
5132.41284
5493.1332
5687.32564
5877.0009
5998.69522
6200.56482
6056.90431
5951.76486
5809.92669
5727.04928
5829.0616
6744.80719
7028.90939
6861.63825
6584.96066
6273.37041
5769.41127
5428.52282
5162.92569
5069.38187
5028.0965
5105.58779
5142.41172
5147.37878
5603.49021
6133.82569
6539.67561
6866.47393
7037.86768
7076.24737
6925.84267
6789.34092
6751.68919
6667.79699
6756.82562
7678.42293
7901.7666
7582.75654
7175.67884
6651.04216
6106.19327
5703.52676
5441.64238
5256.82028
5220.48944
5239.1884
5212.90984
5074.69918
5367.87128
5793.59317
6138.75626
6378.62124
6511.13475
6569.44079
6504.22677
6393.84126
6295.60041
6244.64589
6319.76524
7398.29166
7911.72727
7683.43061
7234.48069
6701.90477
6161.56944
5752.98484
5516.51541
5396.24862
5431.6579
5663.3746
6299.92237
6496.63842
6988.26264
7645.96412
7990.87993
8298.19818
8608.27177
8382.169
8246.24964
8371.79102
8334.21824
8309.8696
8239.07235
9073.79998
9240.78382
8845.41797
8139.03346
7245.93773
6408.86837
6011.28023
5812.89029
5657.34661
5620.11466
5871.44008
6600.94204
6748.20645
7099.03656
7595.06716
7856.83862
8185.69472
8394.58235
8163.73793
8069.17861
8238.57115
8307.30215
8238.23179
8174.77463
9066.04783
9330.51543
8868.00727
8080.12402
7287.03833
6586.84036
6087.21018
5872.61262
5741.00334
5726.25902
5982.05849
6630.15518
6816.93111
7189.20083
7694.62737
8009.07176
8397.20162
8612.82433
8346.08727
8392.41587
8497.85863
8483.77115
8355.64759
8277.61909
9074.27817
9269.75282
8866.94134
8119.73583
7190.67651
6458.4957
5951.7871
5728.1169
5633.07811
5622.33731
5895.15231
6497.22741
6726.65809
7042.33416
7471.58173
7730.38126
7951.45726
8232.41132
8027.64428
8027.22593
8123.51351
8207.68699
8139.88972
8072.75582
8987.03617
9306.58154
8902.10845
8194.68678
7271.48934
6539.046
6115.26123
5855.16161
5729.6343
5688.89722
5960.93878
6633.26029
6845.50751
7227.88944
7725.29193
8020.60533
8332.51138
8587.96519
8416.30742
8336.43491
8482.47309
8521.37749
8338.38923
8249.6572
9106.7135
9277.5036
8891.88034
8245.7235
7429.16049
6706.14235
6259.04474
6012.13044
5838.07671
5754.71819
5832.59669
6008.9042
6176.79815
6683.6265
7206.38291
7531.57215
7838.3731
8034.84154
7943.69685
7747.18473
7531.18158
7388.13126
7265.29538
7327.27058
8334.47002
8578.64663
8260.40486
7714.36371
6999.23309
6419.00794
6046.72911
5725.83878
5551.71853
5496.67374
5472.50679
5446.91869
5365.32945
5649.21412
6018.87318
6339.35586
6570.50248
6789.06714
6819.3607
6781.91064
6616.52271
6520.56449
6431.77427
6489.62271
7597.74651
8132.58388
7957.22354
7534.12917
6901.36999
6238.71617
5870.22425
5683.12703
5546.41518
5547.22137
5808.2231
6416.98675
6592.78617
7015.09316
7586.74009
8039.09463
8426.60242
8712.71596
8563.90966
8598.79583
8761.93354
8766.00038
8648.96872
8461.50992
9269.41125
9603.34078
9232.39077
8429.85085
7588.58866
6733.34936
6207.15803
6016.39901
5864.91059
5801.77362
6013.07881
6682.93899
6878.68881
7244.41826
7728.97013
8049.7769
8324.50325
8654.97821
8433.41187
8501.97577
8702.59983
8643.39465
8500.83094
8403.75472
9250.34596
9508.63459
9162.65527
8477.12811
7529.18326
6751.67274
6271.23325
6019.93703
5888.51445
5844.70432
6060.70863
6684.03922
6875.8885
7233.998
7655.69039
8049.37042
8418.68509
8680.76138
8476.91304
8463.93859
8600.35525
8530.05562
8365.44922
8270.57802
9082.44783
9273.71751
8865.34334
8159.20645
7334.74454
6545.73303
6058.78946
5786.11686
5585.89896
5531.72422
5567.8685
5541.44852
5467.25252
5831.66264
6218.46683
6577.85212
6917.43225
7145.12458
7208.23054
7096.26056
6908.95653
6818.31025
6774.95778
6867.93817
7991.31141
8412.94661
8131.03844
7548.41711
6886.488
6330.31097
5952.9705
5742.36383
5597.83883
5576.79611
5766.7937
6249.58672
6474.41197
6977.65063
7537.4685
7912.65774
8269.08244
8450.05556
8283.29286
8232.23128
8313.88342
8263.44438
8147.85823
8039.85505
8934.72161
9168.86936
8653.41458
8016.2656
7274.5317
6653.24713
6236.91194
5868.28094
5744.54654
5699.2569
5785.98121
5979.61644
6075.75199
6634.06571
7220.33371
7563.58304
7880.28077
8019.48799
7905.92718
7775.75336
7597.98079
7495.14136
7270.47887
7392.32681
8393.93156
8713.11757
8362.51694
7777.18081
7154.60603
6537.46498
6101.87882
5823.39341
5632.12433
5523.6562
5512.71176
5459.77516
5379.61123
5658.26623
6042.69089
6355.46642
6559.00516
6734.81516
6867.45638
6828.46301
6590.67882
6437.71688
6229.25854
6365.15015
7560.92298
8026.5801
7864.75519
7316.52249
6695.59163
6042.20695
5716.20851
5484.74872
5319.13732
5323.66562
5635.89048
6296.24184
6419.45052
6923.1827
7454.45114
7912.83846
8281.86121
8527.63041
8319.22126
8317.17739
8416.22249
8368.4438
8321.04773
8163.34128
8971.64551
9293.31691
8938.71315
8219.11179
7288.54484
6528.62877
6078.47941
5847.7371
5716.50229
5674.52971
5902.01305
6535.23292
6774.17216
7182.62758
7673.15526
7978.786
8394.19669
8587.03547
8317.58793
8365.55828
8514.87414
8501.16739
8378.16396
8294.1907
9128.07751
9334.43677
9018.63879
8298.96717
7353.48399
6625.38296
6175.81462
5935.0992
5769.20779
5707.92028
6029.2215
6607.16274
6810.16974
7095.12098
7567.3293
7929.58727
8293.23574
8500.02212
8253.16681
8112.67806
8239.03825
8271.74262
8180.12508
8028.88187
8847.19414
9208.98598
8832.45839
8059.95107
7206.85774
6496.90392
6070.19947
5875.10231
5771.91039
5758.18761
5994.99905
6618.51702
6844.61886
7208.46025
7626.87583
7976.20733
8319.08738
8542.66841
8314.78515
8307.04872
8481.75215
8507.99864
8383.90033
8362.7782
9177.20474
9314.81799
8813.21544
8220.37362
7324.94013
6564.90899
6136.79335
5930.41101
5778.04948
5741.43814
6034.06453
6603.88777
6762.75442
7125.07648
7615.78319
7915.69575
8245.87532
8451.47214
8214.32313
8134.71372
8269.01375
8277.3991
8209.40883
8142.54148
8940.49486
9100.96777
8672.78703
8083.99245
7337.46311
6656.80025
6163.47364
5932.57993
5779.48048
5710.98617
5837.43168
6005.9587
6217.23345
6778.07133
7289.00395
7617.98639
7907.77663
8035.43438
7944.7594
7675.84955
7477.12682
7418.38549
7281.4154
7274.77249
8145.44256
8472.19647
8166.75176
7661.83732
6978.71351
6392.61215
5957.31394
5685.83062
5474.27248
5358.87051
5328.21614
5260.77855
5210.41794
5551.87056
5955.31876
6277.82654
6535.17767
6659.11397
6641.61626
6491.97712
6322.79396
6211.78747
6150.84142
6263.09705
7150.59919
7661.72506
7585.32767
7259.44746
6672.50734
6100.67802
5712.06495
5497.96936
5394.55033
5366.18093
5674.93412
6316.00418
6574.06244
6982.41221
7548.15485
7936.26999
8275.26411
8552.3692
8357.39338
8362.66246
8505.84537
8491.03011
8398.15521
8151.30755
8930.20115
9270.89558
8933.56535
8244.01097
7335.9433
6583.17266
6133.197
5912.73536
5786.84149
5761.78403
5997.6119
6631.46319
6811.25138
7208.39147
7695.57199
8095.18857
8453.1274
8684.53161
8432.91312
8443.34456
8537.4538
8543.5157
8433.91997
8193.86028
8880.66226
9296.6989
8961.85802
8354.31589
7491.83048
6685.69316
6266.03617
6040.03569
5885.72835
5800.49048
6136.72584
6696.70382
6911.0828
7351.41234
7831.91004
8146.58415
8433.20451
8626.94846
8411.48232
8375.19084
8532.9033
8579.06518
8433.26246
8319.48677
9043.61423
9252.05398
8862.6325
8258.03446
7342.27631
6678.62173
6161.37946
5907.59496
5759.09388
5733.23084
5969.16383
6480.31175
6722.51389
7189.52161
7676.58751
7965.01598
8322.4051
8496.81075
8278.76562
8225.5784
8422.911
8429.75451
8339.61066
8234.85726
9006.62333
9200.4818
8797.6664
8185.67076
7334.04481
6541.44696
6129.58464
5878.68246
5745.26976
5693.66466
5907.27325
6348.72794
6609.03947
7140.97587
7702.10638
8078.81208
8411.13707
8624.31552
8456.84349
8399.79761
8515.03169
8469.8641
8308.17471
8152.34494
8926.19955
9097.59976
8739.38569
8114.31785
7391.27041
6743.04753
6278.91166
6007.86824
5856.87842
5807.83206
5849.25992
6019.14579
6246.68683
6771.99153
7370.85192
7705.60942
7944.07118
8129.16959
8020.23628
7832.35722
7640.93493
7482.46898
7312.11807
7293.24722
8132.30474
8482.88812
8179.0114
7657.00744
7066.36222
6461.45359
6094.97877
5821.07172
5645.40613
5515.84092
5497.23714
5418.69184
5300.5333
5570.56409
5999.07177
6268.85862
6549.70803
6746.0606
6779.81868
6719.99594
6566.84546
6479.01896
6414.81332
6534.47335
7488.34901
7977.02677
7780.40207
7359.61337
6802.26223
6245.77954
5827.25541
5608.23936
5486.00033
5446.81801
5687.98088
6308.64866
6527.82305
6992.03187
7582.2102
7998.21717
8349.83587
8576.57915
8364.82379
8355.02385
8431.27817
8380.1762
8247.81248
8089.39356
8795.37061
9138.30434
8782.08258
8102.63155
7298.85924
6553.32518
6066.49826
5885.62344
5746.50797
5712.21252
5923.38227
6502.38427
6763.11962
7167.18946
7591.22452
7925.82151
8286.03921
8490.45857
8256.95408
8252.16724
8407.52194
8364.18713
8282.55617
8155.24824
8904.7244
9147.62541
8729.60509
8082.20957
7203.57505
6575.33985
6103.57113
5914.51718
5788.03483
5727.94034
5975.55518
6575.42985
6775.10185
7138.29015
7619.8862
7857.76537
8244.83643
8426.12378
8183.71496
8212.43843
8351.4706
8304.05132
8149.59742
8036.59786
8879.49194
9177.5686
8694.37077
7947.38804
7195.78959
6517.59142
6044.59376
5795.2437
5673.30358
5654.97006
5885.00674
6506.83026
6743.2258
7173.21494
7647.52166
8030.99624
8331.75877
8557.82194
8336.57138
8324.09869
8495.00547
8471.92463
8392.62583
8298.87411
9013.12954
9232.69536
8915.04014
8278.90708
7367.00665
6704.4468
6122.75511
5925.17782
5820.60002
5778.37417
5988.61446
6506.83579
6738.59718
7188.34377
7711.34468
8039.82503
8394.54557
8624.64471
8412.14232
8377.89933
8496.89171
8449.76052
8336.27505
8252.35974
8900.5833
9072.92188
8700.33694
8137.06245
7392.08195
6672.22668
6198.94038
5971.12466
5807.57513
5726.92196
5804.95891
5937.43644
6120.55105
6664.2809
7338.41852
7639.38148
7890.39969
8144.30594
8083.67685
7888.33832
7759.65844
7617.34902
7425.0273
7331.02337
8149.78936
8496.40986
8242.73204
7758.68998
7105.66541
6492.31528
6022.12157
5765.34057
5636.31706
5513.1155
5492.77983
5393.86234
5379.30563
5702.79737
6118.01171
6454.42937
6663.42186
6804.6668
6833.27741
6707.60906
6536.64792
6427.83743
6397.09932
6499.39112
7516.08921
8017.70048
7890.91912
7491.09603
6845.07321
6233.52889
5850.02651
5587.44695
5477.88817
5484.53002
5717.21116
6220.30877
6530.81635
7019.12766
7612.96886
7930.50285
8295.16526
8539.51122
8292.3163
8271.6914
8399.97304
8382.92446
8247.15724
8095.72066
8902.42984
9199.06652
8809.4046
8216.91549
7325.8476
6599.46233
6183.31926
5897.62312
5774.8663
5751.67351
6005.97268
6593.37856
6805.22954
7223.37828
7697.0662
8018.16961
8316.69927
8525.6448
8310.792
8285.65915
8415.13247
8403.91915
8256.73541
8164.34095
8885.84649
9140.3167
8691.30783
8085.5458
7114.64907
6461.21289
6018.07567
5795.7922
5675.81835
5665.1467
5934.05485
6545.6235
6711.53645
7154.0681
7673.6728
8040.55306
8409.57996
8622.97218
8334.47581
8342.99157
8459.4785
8396.15645
8284.10198
8247.48963
8983.56275
9171.52111
8823.89412
8118.58997
7280.28811
6624.91126
6079.58158
5889.1308
5754.28446
5757.82623
6003.88522
6629.70669
6852.00285
7248.78934
7701.53944
8014.98565
8336.7517
8515.01863
8267.31073
8191.41364
8315.54947
8328.81174
8217.53551
8147.05048
8862.30419
9121.07532
8693.3158
8063.17014
7192.46345
6513.91445
6074.34132
5855.8621
5705.21585
5714.99527
5903.42626
6506.20586
6746.79916
7165.47412
7715.18152
8019.57969
8345.85121
8551.5353
8306.34313
8330.53509
8454.95119
8459.65443
8325.59237
8147.72191
8850.03868
9024.93604
8721.51665
8119.32174
7435.42846
6751.95397
6291.01888
6015.14985
5851.20653
5784.54197
5835.0679
5951.81284
6152.96006
6696.03082
7293.58865
7730.0753
7973.35807
8117.19758
8043.09476
7832.38533
7587.90216
7575.20325
7468.60374
7434.2932
8237.75878
8545.11828
8294.3194
7760.12727
7168.04292
6582.09368
6147.8041
5852.80096
5676.56061
5541.71906
5492.13564
5400.78775
5322.30832
5722.39504
6072.10454
6380.77078
6555.58087
6745.73058
6781.38419
6713.81018
6547.79402
6421.17392
6373.96126
6403.82929
7263.74369
7729.13252
7574.12556
7220.72851
6693.11587
6223.54968
5799.2889
5568.10087
5431.61298
5321.97248
5311.28046
5312.39749
5226.64351
5555.23205
6042.06412
6517.74496
6863.52894
7060.316
7160.44713
7022.08838
6844.44824
6756.85192
6723.32983
6815.10113
7798.57204
8306.63326
8061.23681
7493.46571
6819.36609
6267.455
5889.90037
5655.49217
5544.2449
5532.44145
5773.34148
6391.80718
6653.60149
7058.67722
7598.37462
7971.72529
8326.9185
8472.82422
8331.2449
8371.51572
8510.75912
8520.11771
8435.29428
8260.85873
9020.17928
9299.23015
8945.17689
8290.17603
7471.32294
6771.07084
6257.57447
5988.31599
5846.02744
5820.83395
6093.90306
6679.11795
6866.92186
7253.0325
7757.87332
8080.12294
8344.90188
8538.23657
8357.61498
8400.19946
8593.53293
8597.15953
8504.83305
8347.2685
9037.5928
9459.43645
9099.38648
8425.133
7554.39202
6808.89522
6365.8231
6104.90113
5910.48157
5896.61548
6146.27993
6726.04242
6914.52355
7358.10899
7854.06936
8155.01876
8482.72747
8676.10702
8495.47126
8510.81743
8656.68282
8670.83008
8561.18846
8416.74462
9090.74113
9408.27514
9054.32333
8444.19847
7638.51653
6870.63997
6367.39869
6115.42537
5974.63821
5931.61982
6151.9724
6719.68573
6956.24183
7417.59733
7873.43421
8261.99537
8621.89711
8796.31838
8571.8336
8622.98458
8775.96971
8751.52376
8637.19043
8492.03181
9162.46823
9390.32042
8987.7848
8260.50951
7481.16248
6962.82844
6438.17639
6188.43327
5952.01074
5897.89967
5934.90694
6042.22987
6227.30051
6784.25879
7374.46385
7724.71663
8065.01761
8221.3508
8148.53669
7935.51588
7774.63213
7624.11984
7491.1419
7589.06195
8468.82354
8693.8685
8356.02954
7760.10921
7096.0177
6580.25129
6130.81095
5863.33609
5692.4394
5612.84966
5594.54595
5521.48178
5362.70055
5704.5312
6073.64989
6376.11173
6604.15279
6781.6502
6843.14097
6777.87306
6659.35969
6581.18908
6470.10415
6562.75942
7438.04903
7976.79378
7891.7236
7564.0989
6977.75475
6370.03741
5974.27935
5759.16455
5634.02187
5646.76593
5890.7054
6437.66042
6654.211
7099.83098
7695.12552
8111.2146
8448.59268
8665.7292
8506.22077
8489.71451
8607.70327
8590.43522
8489.99868
8305.34842
9021.59715
9414.41231
9048.99335
8412.04988
7499.02227
6764.05786
6296.34111
6073.91569
5926.83117
5887.46729
6131.51448
6663.18107
6912.76739
7340.04981
7861.46874
8085.08574
8453.62738
8639.77947
8457.41909
8359.91164
8503.88519
8589.54897
8520.50599
8407.51895
8989.67678
9280.9664
8840.23433
8280.26521
7398.67621
6691.45016
6266.20617
6032.48862
5898.93655
5881.47914
6121.64686
6672.47267
6838.4029
7233.1951
7732.39076
8070.64422
8399.29237
8638.266
8414.72245
8413.84537
8604.44959
8594.75183
8540.9847
8384.58314
9006.6272
9388.29151
9064.32902
8400.22408
7586.82267
6796.18084
6329.15835
6076.65119
5928.93885
5904.59852
6130.78892
6683.3565
6939.56686
7400.328
7957.62449
8312.82433
8673.08515
8833.28394
8736.01824
8787.86719
8923.62439
8926.32588
8798.21682
8466.64352
9141.51517
9470.19705
9150.69693
8452.40008
7588.31939
6866.49348
6378.72453
6166.32286
6029.95616
5997.13171
6223.53668
6677.311
6931.32994
7450.91607
7995.1161
8350.38432
8712.39107
8949.9229
8726.04955
8697.44486
8856.15761
8798.64352
8626.83198
8407.51859
9031.33248
9298.17001
8853.20031
8311.14659
7580.45399
6913.18618
6470.45341
6154.24826
5899.24413
5832.47051
5982.24239
6105.50708
6303.83239
6906.25371
7536.08719
7928.40507
8074.30032
7786.93802
7582.95936
7610.97863
7494.28815
7383.66678
7290.59955
7353.81487
8085.38224
8413.66546
8137.30929
7655.1947
6998.04965
6372.64472
5966.87462
5732.21886
5581.29881
5490.49667
5452.37804
5399.50217
5377.69219
5745.03404
6092.88581
6370.10175
6585.93716
6791.50632
6790.62191
6679.74921
6535.75778
6453.61393
6460.36257
6519.96703
7387.94172
7939.68518
7808.48032
7417.27103
6866.45366
6288.09959
5960.95165
5734.54751
5646.3202
5635.46808
5810.62211
6148.90425
6469.98057
7118.58963
7765.36441
8147.67194
8533.51212
8810.26307
8668.30163
8621.56119
8774.86947
8719.13306
8474.4952
8313.82938
8886.74536
9280.16341
8968.47755
8355.15499
7496.49144
6828.25736
6329.13297
6082.38451
5882.67686
5857.4925
6045.22916
6463.89881
6806.70211
7371.1524
7908.95555
8270.33431
8622.45193
8875.80252
8674.95514
8643.09353
8721.30138
8700.13659
8501.49963
8255.63835
8937.47294
9336.1881
8989.07325
8345.75267
7534.11583
6834.96509
6362.65587
6112.53112
5999.19955
6012.854
6175.62377
6536.38454
6826.38793
7375.8491
7938.7445
8250.3546
8530.54622
8811.109
8591.03409
8635.78543
8780.28801
8758.12552
8480.4749
8140.85629
8829.25233
9345.21682
9034.30731
8370.74003
7590.37958
6855.11036
6348.72873
6124.21554
6032.22935
6019.36039
6175.24654
6506.67126
6868.09161
7452.28214
8083.49473
8497.659
8772.86417
8369.89818
8083.98891
8360.62847
8614.02876
8616.68802
8438.14269
8237.08972
8812.86298
9200.98663
8819.51811
8174.82408
7389.868
6754.0585
6166.71309
5915.91328
5815.39891
5781.79391
5927.14193
6220.8572
6592.74772
7289.95921
7835.65058
8177.04828
8511.61364
8739.78701
8562.49198
8508.03051
8601.26712
8590.51397
8436.0727
8285.02201
8892.47455
9221.99644
8818.83059
8192.37753
7456.48929
6806.56474
6300.30547
6037.51399
5861.95468
5795.97532
5864.94661
5969.71104
6182.57774
6777.90468
7380.70047
7759.12207
8068.34198
8284.10411
8111.16061
7933.63195
7711.48588
7604.37589
7428.04693
7407.9131
8230.51478
8665.34157
8368.28448
7807.52207
7189.79327
6512.28801
6108.08829
5780.81649
5578.26592
5501.71073
5490.02305
5393.03005
5286.33874
5746.54515
6126.13341
6393.07691
6655.00529
6823.67319
6848.55108
6710.5262
6522.68359
6440.9421
6381.97008
6437.71394
7287.4452
7794.96768
7596.71452
7292.57266
6800.47935
6302.99647
5863.23187
5576.31597
5462.10015
5388.77997
5379.74755
5470.75673
5416.66049
5792.85353
6244.40482
6695.58551
7040.78819
7284.57579
7334.88053
7193.73827
7002.78308
6859.45645
6835.09273
6817.43833
7764.3507
8271.82154
8035.12835
7526.48795
6995.39824
6277.68861
5851.52721
5662.32994
5542.13224
5492.4205
5636.67914
6039.57961
6496.59655
7172.51059
7794.62816
8125.17479
8531.65106
8744.1463
8655.15977
8603.78096
8525.28264
8117.38142
7941.91004
8030.51894
8853.2822
9101.7532
8713.40767
7961.59096
7202.4642
6530.76895
5998.73572
5760.09644
5634.03493
5602.74499
5741.17723
6088.76944
6502.65168
7101.03105
7674.59409
8013.55145
8289.71779
8508.22932
8305.64846
8217.20574
8284.33303
8249.93234
8118.03445
8108.56656
8708.04544
9012.4122
8532.83356
7829.28968
7019.99182
6270.1177
5924.02548
5588.14556
5461.86608
5464.89196
5651.88197
6106.2368
6377.82628
7000.52007
7638.50648
8012.97142
8359.94995
8545.76212
8396.92528
8354.68336
8451.10963
8441.91082
8283.93563
8136.85012
8770.98973
9182.83759
8773.0239
8116.64362
7290.53622
6616.15692
6140.56661
5872.74806
5668.16975
5624.62275
5757.88726
6118.84419
6440.44162
7030.31975
7642.16838
8043.04848
8295.11769
8453.09069
8338.99948
8275.6483
8393.37092
8371.88827
8197.81003
7955.04371
8584.66629
9048.70631
8665.47551
8047.74853
7436.13755
6782.7666
6329.92908
6123.39486
5844.83081
5744.74301
5760.59495
5975.81881
6137.85627
6638.92227
7225.20746
7614.37061
7908.43526
8118.40032
7925.87441
7547.96683
7311.73842
6882.86656
6696.12045
6763.96993
7580.6001
8161.02593
7919.11526
7429.72713
6845.65894
6339.48968
6002.24331
5754.18225
5545.93592
5414.28286
5371.91123
5273.74682
5130.29612
5547.53102
5930.72722
6242.05336
6511.41917
6731.81439
6798.78759
6713.99522
6565.28765
6456.80012
6373.75396
6296.5004
7024.6354
7615.07806
7533.12249
7211.36695
6709.35275
6146.72989
5770.22406
5456.80175
5264.75469
5151.55296
5138.67152
5313.80215
5211.13087
5550.42768
5928.60416
6390.00042
6754.01824
7045.75667
7108.61528
7058.05631
6952.14015
6854.36949
6711.21758
6746.55395
7675.22374
8201.71416
7921.24241
7418.64954
6800.95363
6238.51341
5797.85795
5487.19589
5410.72195
5353.57102
5531.90315
5978.62293
6289.98254
6953.55411
7462.88203
7870.4941
8248.16481
8513.36157
8339.61844
8252.83088
8269.29462
8234.20362
8097.99277
7952.35368
8510.66751
8959.02318
8639.19603
7969.46069
7172.2935
6498.01196
5929.35552
5603.71538
5502.00444
5461.4009
5637.38309
6050.20161
6404.77716
6966.10162
7504.79564
7947.49781
8301.78063
8566.69652
8401.97602
8323.0717
8452.23821
8413.90713
8321.04413
8107.63892
8557.24323
9078.16408
8763.2387
8161.06654
7395.36453
6613.79379
6037.01906
5840.02391
5690.82539
5628.92748
5764.13174
6145.87282
6506.77677
7150.24317
7756.09238
8111.63062
8390.61692
8666.30178
8566.10996
8540.53543
8655.38862
8630.25327
8476.01198
8218.39759
8839.7523
9343.57594
9018.05022
8287.05698
7552.51243
6951.72397
6324.89443
6024.07608
5833.57695
5799.81817
5971.65226
6388.8543
6744.79328
7458.55306
8003.51941
8338.6419
8626.11858
8857.3387
8731.11772
8300.44498
7651.51786
7070.52877
6880.44108
7065.13559
8054.33968
8611.49061
8317.68806
7725.79055
7150.08402
6667.40565
6209.07973
5922.22198
5749.55394
5675.59233
5757.65805
5923.44144
6085.09632
6593.34283
7176.60421
7577.81457
7895.45002
8130.49748
8000.60558
7762.68731
7579.9969
7447.57845
7292.67391
7216.46807
7976.3956
8493.89846
8218.38706
7746.06981
7135.91555
6567.93968
6031.52139
5738.92817
5545.53403
5472.43987
5457.10008
5362.4698
5251.1552
5560.86438
5936.0558
6323.3594
6574.97993
6795.73558
6869.8568
6712.43725
6540.6504
6444.76119
6351.72385
6397.30837
7355.7802
8060.45561
7827.90872
7409.80967
6814.96163
6311.20678
5894.29183
5653.56429
5529.80577
5492.8027
5730.58644
6180.51248
6418.17988
7008.94817
7611.06331
8005.36426
8407.23203
8666.52538
8444.47306
8399.5014
8494.25021
8442.16329
8282.29508
8027.67006
8660.82473
9134.85213
8773.11098
8018.85164
7190.9789
6593.12384
5977.66896
5708.25908
5595.8468
5567.17149
5781.21394
6393.76972
6627.5189
7150.82234
7746.28278
8103.52709
8413.36179
8629.3969
8400.20764
8433.56901
8635.71733
8679.82803
8600.29833
8294.60216
8685.54579
9144.35781
8857.60676
8222.92231
7383.20182
6733.75805
6201.48169
5924.52613
5780.4779
5762.48619
5947.15312
6541.23166
6736.9736
7233.59571
7779.96251
8155.02212
8469.77696
8672.98789
8405.96293
8475.32713
8656.53209
8692.99614
8654.32065
8486.66773
8743.33493
9015.60932
8715.31163
8092.26938
7292.57724
6553.25855
6053.19936
5850.28362
5723.61735
5668.60594
5929.51287
6453.97614
6604.5895
7113.86757
7670.71295
8040.67084
8396.25852
8590.1024
8347.73447
8356.3583
8482.744
8468.50671
8358.80697
8158.9912
8656.58379
9074.09146
8779.36613
8140.73852
7365.32883
6626.66467
6160.81292
5935.94557
5786.74128
5740.10724
5995.43594
6539.10894
6766.90994
7224.73183
7747.13938
8050.22691
8427.0857
8584.90467
8372.69908
8387.37851
8558.06531
8525.6934
8359.25173
8089.5139
8611.59248
8986.08567
8691.90568
8149.65554
7432.10067
6771.07104
6327.13472
6046.73953
5920.83353
5840.12151
5921.48599
6029.66095
6208.79692
6800.7347
7383.85348
7698.42073
8014.66088
8195.32586
8039.68118
7843.15168
7717.25673
7687.65414
7562.40507
7547.64137
8182.20932
8574.7852
8324.30388
7793.97384
7191.13438
6665.6306
6198.09808
5910.3928
5754.14762
5649.09854
5634.93781
5547.57703
5356.08731
5674.10665
5992.4897
6353.35795
6711.17541
6923.42697
7006.9629
6987.74715
6846.28631
6762.31061
6616.40646
6599.50178
7377.09759
7961.81002
7851.1673
7493.70558
6915.37549
6383.71427
6010.24659
5757.23635
5630.57547
5623.01226
5861.84953
6370.04549
6537.60095
7059.58712
7668.38788
8074.98288
8446.11219
8634.00436
8424.86465
8445.27593
8563.41234
8545.27601
8370.78943
8135.84593
8621.76714
9062.70997
8763.90553
8178.93641
7326.47859
6559.89718
6190.7207
5890.04521
5746.57715
5813.59532
6048.02875
6628.5415
6673.83472
7197.44129
7739.30855
8017.20479
8401.50872
8571.78321
8293.76029
8290.62851
8454.2974
8490.77885
8392.59662
8192.81236
8680.43038
9150.85437
8751.40605
8187.39323
7401.5619
6758.849
6341.78865
6080.0504
5952.66034
5919.49857
6131.57672
6618.24136
6833.73837
7270.22252
7753.4641
7982.42185
8371.28014
8550.1711
8358.29815
8378.05388
8535.9521
8517.7566
8358.24632
8143.60546
8701.42445
9213.87954
8888.08808
8223.19085
7497.84602
6777.99016
6336.44333
6100.82979
5966.04221
5927.3305
6131.53326
6649.08984
6761.55495
7226.18414
7733.80413
8076.00583
8504.8539
8727.41958
8472.91559
8475.15393
8619.77398
8601.7797
8509.96895
8274.44831
8845.28683
9234.43329
8942.41322
8352.58635
7552.39519
6846.76499
6456.19167
6080.99828
5973.51884
5969.86833
6155.83893
6683.98087
6875.89229
7351.9219
7898.15341
8125.21639
8575.55594
8797.41604
8504.62827
8505.90913
8663.04415
8649.47821
8526.28304
8248.36355
8817.23246
9302.89136
8963.8919
8368.05633
7649.04474
7027.27527
6541.89003
6178.75014
5979.98702
5916.38421
5983.57105
6083.45215
6276.49373
6857.39997
7444.82
7852.02664
8162.09047
8313.25908
8129.78558
7946.07694
7767.1507
7629.44479
7480.55687
7467.20607
8172.33872
8719.04563
8443.78502
7905.30338
7295.3411
6728.33575
6315.22712
6028.6823
5848.26279
5720.69869
5671.45077
5615.24872
5472.74729
5779.14779
6178.48012
6517.25093
6767.63461
6953.17747
6984.60818
6855.19441
6697.31598
6589.20548
6458.88799
6504.56256
7306.57146
7860.61703
7690.609
7306.32455
6800.67851
6299.47034
5913.91368
5656.83736
5537.8541
5509.0628
5736.67736
6302.45283
6481.75779
6940.31094
7577.71752
8010.9969
8396.44987
8615.01409
8369.04961
8391.2991
8570.59359
8611.78527
8469.56113
8271.98251
8749.84839
9318.73434
8998.80813
8364.07472
7520.42185
6769.17217
6251.76762
6082.44701
5972.28979
5932.11154
6178.27293
6789.26468
6963.07324
7365.55116
7903.70519
8296.78082
8659.16959
8868.60705
8571.6187
8621.2452
8816.01416
8761.39558
8574.65174
8265.66325
8911.12202
9424.67773
9104.31371
8474.37462
7615.59909
6922.2569
6312.64823
6139.33641
6031.09166
5990.92405
6223.93219
6817.9133
7002.35461
7464.37559
7954.10752
8332.64989
8624.29292
8825.81012
8620.08501
8642.76879
8791.98892
8763.57324
8675.29134
8408.70874
8933.07515
9416.49102
9150.40644
8540.21679
7683.03923
6965.57029
6400.9739
6164.1661
6064.51678
5992.0934
6192.29217
6766.05888
6954.26196
7397.80787
7865.57945
8215.59781
8644.27823
8855.38022
8606.62594
8673.27037
8857.89584
8895.13303
8739.44887
8447.67797
8964.30802
9455.95416
9134.94333
8548.77181
7659.92055
6943.9494
6472.48813
6224.84926
6060.22774
6001.93963
6225.81767
6685.3307
6916.92287
7407.79161
7981.79428
8345.24652
8673.03598
8831.43988
8626.75495
8675.74334
8809.66208
8820.51642
8616.93726
8326.71409
8909.69264
9399.22967
9042.17271
8420.92403
7725.56133
7068.91738
6462.74893
6226.09894
6058.90732
5941.58298
6034.618
6176.26434
6331.36141
6949.47677
7455.52175
7809.71315
8117.88865
8302.1649
8164.49602
7961.72697
7742.78128
7585.28114
7460.992
7391.4959
8101.1487
8587.47432
8278.07747
7748.58451
7114.04496
6451.48881
5938.17613
5806.2054
5654.633
5497.56067
5448.02286
5420.63704
5320.55249
5612.29565
6005.09957
6239.57786
6521.51141
6708.96587
6776.13222
6695.79149
6534.38464
6400.40891
6369.74814
6403.95328
7211.40079
7920.02689
7835.5879
7455.67364
6896.95693
6256.50049
5788.84945
5642.87496
5551.40982
5552.20369
5713.17134
6310.93514
6586.70966
7092.73074
7683.19181
8101.9154
8470.37109
8726.55292
8512.79662
8541.3794
8703.12835
8712.31341
8577.82828
8270.0727
8868.09713
9371.42511
8948.03272
8371.60666
7525.97157
6849.05677
6252.21037
5989.66889
5873.95202
5804.67317
6039.41078
6648.19997
6873.27159
7313.45472
7816.31837
8210.01411
8556.55712
8675.39355
8457.42096
8475.74544
8643.40869
8629.72412
8472.43323
8236.25472
8830.36223
9304.76988
8936.32714
8219.52124
7376.56003
6557.36762
6030.7913
5819.59842
5691.48968
5672.23565
5894.7639
6459.25407
6745.04387
7203.3375
7740.72083
8049.32869
8433.36972
8608.37798
8397.22806
8329.1865
8613.32525
8601
8471.00184
8212.3372
8796.60183
9238.63388
8938.82701
8319.91274
7501.44551
6688.10117
6209.54666
5965.11012
5792.70953
5723.95347
5965.36219
6528.51187
6837.32073
7246.78346
7753.58809
8121.04779
8454.72452
8663.80367
8426.55662
8441.28207
8631.09408
8630.34535
8461.06302
8251.74292
8860.61946
9295.07932
9014.94181
8411.17135
7557.48584
6725.95347
6200.72242
5935.08177
5830.00105
5801.45746
5978.37098
6515.57299
6662.53493
7244.72974
7795.81998
8127.74499
8465.60663
8664.31473
8493.48821
8517.76221
8645.92985
8616.52055
8498.26358
8268.60822
8773.79614
9131.23013
8829.46694
8274.86965
7580.10391
6824.44737
6465.10248
6196.74852
6031.20578
5937.48025
5951.30615
6090.40468
6217.98041
6709.1731
7309.50727
7602.32646
7842.62643
7919.71959
7838.76819
7651.31743
7466.07144
7354.8627
7264.37933
7228.72163
7995.05512
8422.99541
8161.20333
7665.73735
6973.56769
6435.95597
5978.26015
5713.69023
5532.29314
5455.29018
5438.4992
5435.91654
5242.94324
5556.60848
5919.69728
6226.82908
6447.86412
6637.0042
6697.58662
6585.83351
6414.27955
6292.77192
6224.28786
6321.48236
7217.1505
7767.20532
7671.53552
7334.9849
6766.12113
6196.89961
5783.47793
5609.21486
5488.92305
5456.90022
5681.69676
6243.5577
6453.32441
6938.08136
7463.87023
7845.26777
8241.83505
8465.02106
8292.37461
8304.71957
8469.77501
8482.34298
8381.86589
8085.89644
8713.84551
9171.82466
8850.38387
8203.5967
7416.6779
6644.24279
6247.35772
5972.7183
5842.42866
5804.13652
5961.65811
6637.52233
6829.94768
7237.3042
7747.27458
8052.74924
8360.67055
8551.9733
8241.54864
8241.40901
8428.58702
8415.63292
8363.78148
8167.70601
8813.89568
9250.27099
8940.44841
8260.22555
7500.23618
6737.00836
6292.09256
6092.58055
5947.37426
5906.61698
6114.26777
6660.83537
6873.38118
7264.31551
7745.26383
8070.73719
8387.67962
8598.39661
8336.66383
8342.75785
8514.39071
8485.40569
8368.71602
8144.61031
8797.94611
9106.52466
8705.27089
8040.52131
7283.31076
6663.09591
6120.86907
5754.89096
5567.04456
5483.41354
5499.1035
5541.52589
5484.22322
5879.74586
6358.3775
6784.2763
7198.13793
7438.55925
7428.985
7285.40672
7176.78183
7029.72628
6869.621
6869.47297
7754.903
8312.75575
8050.23277
7539.92013
6957.61025
6272.266
5899.35715
5648.72117
5568.78705
5538.92779
5732.23637
6184.39614
6534.5045
7090.36486
7663.57881
8030.86071
8351.23901
8607.25793
8409.0151
8328.30178
8469.70339
8502.35082
8442.49525
8205.61605
8737.9901
9065.78018
8730.92272
8088.21497
7344.8479
6674.75774
6262.23761
5924.54218
5703.18631
5596.30376
5670.32576
5819.26381
6024.74418
6639.15543
7228.21637
7673.04278
7936.35883
8094.90138
8005.09306
7823.54548
7632.00147
7504.42252
7333.80074
7258.39716
8042.97099
8461.00589
8199.01463
7694.22584
7068.30671
6395.55217
5967.21629
5640.61741
5454.8083
5373.12174
5340.29302
5342.73439
5210.7322
5603.47067
5990.98255
6305.74272
6538.82153
6698.30488
6781.97969
6713.12233
6524.89911
6397.07141
6304.84262
6357.32073
7313.60979
7876.47284
7765.67554
7387.87625
6658.46654
6017.05181
5689.2513
5495.3093
5353.28342
5336.86115
5562.99095
6212.44178
6444.70509
7008.4741
7628.37321
8005.8869
8385.41499
8598.85696
8376.14464
8422.88027
8575.83449
8591.33458
8447.72912
8249.91611
8826.41222
9203.38451
8890.92031
8248.50594
7410.36892
6604.6119
6138.07078
5940.48548
5774.02355
5728.23211
5972.27437
6565.6641
6726.60716
7203.6316
7683.96386
8000.44177
8349.66136
8550.00705
8344.00996
8359.04293
8608.05667
8571.67192
8402.80281
8229.27775
8851.13355
9242.07717
8891.88663
8225.17701
7311.09425
6554.46269
5998.38389
5779.76174
5757.81941
5741.03832
5944.20682
6510.86001
6696.82935
7213.25368
7655.09197
8052.54145
8407.50674
8601.53931
8366.94818
8417.14855
8574.71939
8528.56483
8443.29069
8228.26658
8877.90557
9240.87382
8917.91403
8252.57535
7430.55814
6604.80191
6078.06616
5842.80645
5683.05567
5618.2172
5846.9846
6507.67236
6701.14466
7210.39631
7716.90672
8026.66632
8339.65099
8532.96165
8306.01851
8327.05731
8512.6597
8541.02807
8448.36956
8255.76861
8870.07576
9263.31135
8958.62842
8375.56321
7580.355
6778.41161
6204.81193
5979.79497
5822.4203
5807.36663
6040.72581
6584.47162
6769.52357
7376.6225
7901.30867
8257.60852
8598.66373
8807.91239
8524.76827
8514.98261
8726.58887
8791.26366
8613.10039
8314.05194
8924.24473
9274.8365
8924.41113
8399.31308
7701.87459
7025.00539
6503.64756
6230.45146
6064.79959
6009.31871
6075.63135
6177.9787
6277.13376
6953.06636
7548.45661
7901.15804
8183.98342
8353.60958
8250.93073
8078.16233
7871.4299
7749.95989
7577.73607
7529.88065
8324.8261
8741.605
8466.7185
7961.69648
7336.67643
6674.26347
6102.22802
5777.46538
5581.72065
5481.0137
5455.84362
5414.47699
5238.54197
5688.60333
6064.81221
6351.11643
6572.92796
6753.02192
6810.4287
6724.67509
6550.41076
6453.78681
6366.02401
6425.05317
7354.79629
7795.0625
7654.72888
7283.08446
6774.26492
6083.26665
5760.93731
5495.48835
5393.44257
5291.16842
5290.00476
5348.09047
5333.88799
5688.30497
6204.75556
6609.46934
6899.89854
7139.03606
7193.84405
7078.80788
6907.4286
6766.96244
6678.19595
6768.31864
7795.54507
8254.66136
8018.40231
7504.98839
6860.39094
6282.3491
5901.06728
5616.77048
5532.80772
5532.91925
5811.98682
6529.39217
6728.00953
7125.79777
7651.45407
7994.9333
8373.7479
8522.30611
8320.06191
8334.09994
8500.90205
8478.49755
8302.84841
8167.44991
8867.46445
9223.21736
8903.41989
8248.72904
7389.60169
6602.69252
6184.87549
5916.61344
5729.35611
5720.92942
5987.74568
6625.29257
6785.93589
7189.26669
7748.96381
8099.40135
8496.16855
8672.87134
8424.362
8435.74207
8620.23816
8590.99301
8465.94752
8307.55626
9076.96109
9344.62964
9038.31042
8362.35783
7509.14965
6799.44706
6238.08595
5963.26515
5899.33679
5884.98561
6047.86336
6626.97513
6865.44007
7288.15045
7792.18824
8144.849
8384.09568
8620.8768
8362.50144
8424.98837
8605.45994
8669.09888
8563.25895
8390.80282
9058.99768
9349.39202
9042.44196
8401.70963
7570.43641
6767.98414
6177.04347
6033.86131
5896.91432
5860.65128
6100.76634
6626.84429
6822.08931
7335.53262
7884.88719
8167.57652
8447.07055
8764.78445
8495.93013
8468.46511
8586.96963
8616.80326
8474.433
8338.09964
8941.62954
9218.66864
8903.11194
8292.00793
7580.66968
6858.29212
6449.9494
6211.7364
6026.50779
5955.66862
6040.08813
6134.69922
6329.44909
6786.75069
7296.10152
7698.56103
8016.30086
8213.76465
8070.28064
7794.31544
7534.33695
7457.12232
7358.37439
7370.64993
8227.1203
8587.7835
8306.29716
7758.13458
7170.6838
6441.87457
6057.26553
5714.15326
5504.64888
5350.28687
5291.0431
5240.42663
5219.84514
5552.10416
5976.98048
6321.9522
6544.57252
6751.72236
6796.56825
6740.42211
6624.9081
6530.25359
6428.60691
6493.35643
7509.39696
8109.69264
8030.11428
7585.47502
6899.80704
6218.54963
5873.97222
5659.0948
5517.43811
5493.07742
5717.15015
6414.69027
6671.65235
7167.18886
7700.13017
8038.9551
8360.98021
8521.86578
8369.81466
8370.02111
8473.4283
8489.3571
8438.14893
8350.13738
9039.23234
9281.18596
8920.27475
8203.77578
7328.43764
6513.73702
6002.11519
5761.18625
5637.1363
5608.64273
5833.67534
6557.87841
6773.46598
7213.85127
7700.18681
8019.95122
8342.66343
8563.32666
8285.21404
8259.30778
8381.89918
8389.46351
8356.76448
8227.80306
8976.61155
9175.25857
8785.97401
8086.55357
7190.91263
6464.76348
6010.72304
5841.1191
5706.22727
5701.89453
5974.22435
6613.01771
6816.12091
7226.14098
7705.78254
7965.76106
8349.43858
8560.76324
8330.90632
8326.90839
8497.91109
8510.03113
8433.55623
8303.37553
8951.19058
9235.73725
8828.58395
8137.93316
7286.00076
6541.61431
6113.63719
5873.32653
5753.81125
5704.40016
5911.29232
6574.22329
6786.34947
7116.26748
7584.62037
7918.37906
8245.60921
8437.61524
8193.3069
8194.46875
8284.11564
8322.35057
8239.60842
8115.96029
8864.76589
9137.96891
8811.07197
8046.06588
7232.34831
6537.15677
6106.78521
5856.2855
5725.46073
5707.38207
5962.85155
6562.54994
6804.99905
7195.2455
7706.12153
8054.11807
8396.65042
8623.35075
8380.09251
8356.40153
8523.46184
8577.33312
8453.51341
8257.55123
8908.42313
9222.735
8937.53248
8294.45415
7604.44727
6897.64386
6436.45774
6156.01865
5969.72132
5927.16184
6012.95677
6114.38528
6249.88493
6783.71667
7435.30619
7798.41253
8102.66559
8262.36792
8116.06379
7950.57345
7774.35038
7650.34119
7518.67163
7474.77773
8386.99212
8719.14368
8432.62523
7953.96186
7346.19759
6780.42902
6304.66285
6024.67606
5816.1
5724.71861
5686.87865
5575.95126
5434.88973
5767.05516
6170.98099
6489.30829
6745.59244
6930.34167
6953.30496
6899.02658
6756.52078
6679.4142
6622.54476
6646.87686
7659.97157
8177.66949
8081.16148
7721.63217
7105.9101
6489.95366
6107.86346
5881.51162
5735.43881
5716.45045
5953.97517
6546.82267
6685.28936
7166.98701
7763.99029
8179.96921
8476.73995
8706.69821
8555.18758
8593.86436
8746.86788
8770.11115
8632.53926
8383.55206
9179.74879
9469.22974
9148.38889
8551.1789
7684.08801
6972.86772
6484.10444
6211.70487
6035.61563
6010.25059
6219.05214
6821.97271
7020.55961
7387.96609
7895.41176
8196.79789
8513.46257
8701.37078
8494.22365
8509.28132
8629.654
8569.70209
8487.7366
8372.39171
9093.6959
9298.00135
8971.31331
8309.28154
7470.58031
6793.70256
6285.97874
6060.2642
5912.53607
5799.73079
6008.17126
6627.82488
6848.07539
7249.66102
7760.39867
8160.75757
8411.81271
8612.86838
8303.13421
8254.88333
8368.19445
8431.70912
8366.83534
8286.5835
9053.03606
9170.6161
8894.72255
8106.41459
7226.22782
6554.08218
6110.24456
5884.15369
5750.9776
5744.50143
6003.48795
6626.79497
6835.2023
7200.02727
7745.01925
7963.85862
8251.29507
8507.40914
8269.05826
8318.29431
8463.03205
8514.65292
8468.79481
8326.95181
9084.06865
9365.13726
9044.52161
8414.63981
7512.06676
6764.38215
6301.7999
6076.79779
5964.54164
5927.94568
6161.02678
6760.75341
6978.97203
7393.52458
7931.15966
8202.60689
8512.29938
8731.15219
8571.69234
8599.04475
8751.32378
8779.97155
8624.22726
8400.15707
9161.62898
9320.76275
8945.96734
8434.49439
7699.8533
7163.63521
6588.06339
6240.77523
6065.51748
5931.3365
5976.08041
6096.33408
6244.96745
6790.60965
7506.17589
7870.81195
8187.9116
8295.45566
8224.4881
8034.29913
7881.64151
7754.13994
7563.54502
7656.66761
8554.56429
8708.60176
8478.14782
7983.98158
7353.58814
6720.73385
6186.83171
5895.20047
5725.91809
5708.03342
5688.43645
5650.52438
5497.26655
5773.8268
6146.77533
6529.46066
6797.13781
6975.93556
7034.4951
6963.86638
6796.81565
6682.77099
6630.99872
6756.20229
7769.7541
8081.71843
7952.97624
7535.51938
6878.42697
6231.7719
5997.01623
5781.64813
5636.62005
5616.51377
5856.04356
6608.84796
6707.67731
7220.42998
7699.8698
8069.32381
8423.10273
8611.66752
8393.43752
8440.10783
8629.62735
8596.45216
8485.7104
8353.0479
9180.15139
9422.01799
9133.98501
8435.63074
7597.62859
6972.01345
6562.48457
6341.13038
6139.74617
6047.93297
6310.37396
7071.23926
7299.36451
7483.4821
7928.21508
8244.40777
8513.55109
8781.99115
8568.11114
8592.24161
8734.61166
8749.00093
8639.00199
8440.82585
9289.2185
9450.92445
9100.53973
8443.73314
7680.32436
7093.85317
6635.32507
6362.71619
6180.91586
6107.87721
6321.24113
7049.41317
7263.32173
7664.86016
7946.10428
8223.01102
8602.0673
8823.48916
8579.95747
8602.98267
8762.01998
8722.25687
8651.22983
8580.33736
9359.67019
9474.75006
9086.99381
8474.75209
7785.78127
7211.50712
6606.12148
6283.41885
6083.82152
6010.0595
6279.70114
7028.21575
7259.12415
7668.34846
8239.97522
8360.96529
8678.8079
8733.91089
8396.70096
8423.25302
8514.58276
8546.72461
8449.85951
8288.77938
9128.14725
9315.24291
8924.9449
8346.93898
7773.22013
7040.32956
6477.39583
6230.76228
5988.75152
5925.12359
6131.45901
6901.21619
7191.28345
7608.24103
8137.65765
8337.1988
8469.6743
8585.92261
8497.71173
8396.97244
8527.16012
8516.79282
8438.7806
8418.77418
9075.04884
9143.01629
8774.81844
8234.4483
7682.39981
7014.76389
6376.22229
6109.27377
5947.52906
5845.54925
5929.20167
6095.25861
6229.7735
6801.19157
7397.30734
7798.53004
8116.02113
8272.27305
8142.03223
7931.43139
7767.71477
7669.02403
7516.43643
7530.78283
8487.53386
8627.39654
8384.1268
7868.05805
7223.49693
6662.07406
6390.98517
5944.68116
5750.77743
5658.13955
5569.41782
5450.10249
5358.1647
5696.77351
6096.46653
6470.04802
6772.95269
7018.60819
7040.67386
6878.42317
6675.35081
6536.27971
6491.73836
6651.76454
7766.62463
8101.79861
7959.27141
7606.00706
6939.37235
6292.72805
5802.37863
5634.19799
5519.11957
5450.57442
5710.27175
6480.47533
6720.28145
7184.38906
7783.70339
7998.48737
8240.80025
8434.711
8163.26976
8170.71554
8404.45008
8451.15052
8359.52693
8413.22921
9150.79408
9237.23059
8880.24537
8389.73687
7551.61526
6798.3173
6313.34875
5931.50616
5810.36537
5799.99545
6035.59032
6615.00273
6841.29515
7315.59611
7868.39718
8166.24383
8432.84248
8658.3529
8317.00792
8258.08086
8492.94959
8465.73236
8389.64236
8291.81463
9118.91319
9236.95803
8913.34239
8290.54746
7318.56333
6713.38708
6208.15276
5979.68072
5893.82952
5861.88589
6068.66007
6721.21092
6865.65298
7207.64816
7660.68872
7947.57489
8273.86978
8522.42366
8302.88041
8325.84975
8450.88891
8391.65404
8269.65848
8186.2843
9036.61466
9123.39305
8813.49736
8203.72304
7391.34987
6630.47622
6177.73843
6001.29818
5909.74528
5890.73606
6124.72911
6710.80236
6904.368
7290.39898
7756.65184
8035.83757
8316.23167
8520.03064
8258.68959
8296.85668
8526.37064
8478.75082
8359.80681
8276.06527
9102.84473
9153.25298
8861.89928
8259.57409
7462.89773
6718.75096
6241.27874
6037.45598
5877.34964
5866.5511
6099.48493
6647.33895
6893.876
7341.11312
7852.27501
8183.65123
8532.78029
8754.14545
8511.18672
8446.05353
8566.33709
8582.68388
8468.65243
8369.90335
9115.32344
9139.27561
8847.85465
8250.28967
7489.90491
6826.02882
6392.7669
6154.76847
6003.41214
5959.16895
6040.1225
6248.41783
6344.23069
6865.99003
7399.36393
7694.24763
7993.65313
8180.43268
8118.94332
7930.25015
7716.24431
7584.68392
7482.7806
7602.06119
8545.00776
8625.32835
8293.96711
7778.86985
7135.23319
6551.87061
6139.6944
5900.05571
5718.0341
5546.78726
5525.05724
5463.7759
5333.48186
5601.20666
5989.13961
6286.92688
6537.40678
6727.04667
6819.29481
6733.97652
6567.75655
6448.30757
6422.20657
6602.80498
7803.79211
7935.70469
7934.87028
7662.9686
6966.22474
6275.76996
5927.83837
5630.22793
5556.95258
5546.34815
5826.41983
6531.69034
6746.96762
7234.32912
7884.78316
8212.18967
8496.39991
8544.6844
8351.63447
8388.91563
8368.6386
8370.48997
8230.23767
8220.95501
8957.00059
9001.18191
8657.74154
8073.45158
7309.52138
6580.41528
6097.83875
5851.73858
5688.6753
5568.92889
5936.4155
6641.69584
6810.32887
7195.66585
7883.26819
8156.02545
8430.88057
8645.36403
8405.08483
8531.82965
8761.07289
8815.56495
8662.09988
8639.51992
9402.04334
9413.32743
9059.82668
8597.14344
7755.33506
6874.56274
6345.46471
6035.706
5854.47333
5825.25313
6101.53799
6805.56785
6992.91275
7434.43508
8091.54483
8432.35291
8774.14293
8973.77577
8732.36926
8755.61799
8938.57266
8963.91676
8860.44696
8726.70623
9427.14542
9512.02251
9141.05473
8724.49329
7842.22239
7022.26634
6493.85841
6176.88521
5994.04751
5987.92311
6234.85488
6905.53249
7138.45087
7556.83069
8200.78252
8505.31405
8870.34086
9106.78346
8836.17547
8827.30591
8985.79579
8951.47118
8843.49102
8781.91066
9335.81504
9330.61937
8909.75105
8396.90875
7651.70177
6955.62949
6400.64143
6107.6086
5924.97192
5899.33018
6100.27259
6848.63166
7097.91861
7491.39225
8046.07884
8368.86673
8638.33937
8746.07818
8541.81686
8522.9838
8684.44961
8648.6471
8505.44749
8435.36946
9274.46989
9250.86777
8877.82415
8213.1474
7531.73801
6869.81612
6473.94261
6300.7823
6050.57427
5946.90219
6014.95754
6220.547
6356.73899
7022.56732
7691.93241
8033.58578
8307.1447
8370.79093
8276.60017
7996.30902
7831.80709
7747.9768
7638.3319
7655.63915
8601.2468
8641.69288
8290.81065
7966.56834
7486.0779
6950.66589
6427.00074
6120.38308
5853.33387
5688.61387
5600.91941
5501.59937
5325.30382
5681.78175
6195.67162
6513.88456
6753.94749
6944.52567
6995.11159
6836.5643
6652.60015
6519.94146
6470.76455
6757.01268
7952.95527
8176.29754
8030.10458
7667.52343
7137.1321
6448.52256
6006.45235
5772.92857
5680.13572
5652.01188
5881.08087
6608.94041
6869.04442
7370.70728
8043.58891
8389.65694
8769.43982
8928.33196
8713.93828
8687.24542
8845.46757
8892.0501
8761.16278
8696.29999
9362.06103
9398.23734
9078.40119
8625.47591
7783.31829
6953.18389
6385.35458
6122.01458
6001.45352
5978.9465
6226.12859
6850.68118
7041.11151
7536.87319
8203.64775
8551.68262
8923.56376
9015.52899
8821.13839
8904.49212
9060.05642
9038.88052
8881.73542
8743.51911
9524.39408
9533.23099
9257.11777
8791.20004
7914.19102
7088.78037
6793.35232
6589.58923
6438.97012
6380.31746
6602.22484
7144.72561
7170.24776
7336.32971
7772.3834
8021.73666
8418.74383
8606.84931
8376.38859
8396.51715
8668.22129
8534.20795
8440.4805
8492.85056
9314.9887
9306.22708
9031.72117
8469.53539
7558.64887
6723.49105
6300.6777
6112.4325
5995.56706
5944.22339
6200.02388
6788.00064
6986.09105
7439.2693
7957.71247
8215.43641
8534.05204
8732.0034
8560.06646
8570.81337
8829.29683
8826.29372
8724.66291
8726.11722
9502.53969
9405.74187
9126.18892
8539.85508
7676.83778
6940.69529
6423.15028
6228.49359
6060.60575
6053.5507
6254.44681
6843.35731
7092.21664
7547.63616
8113.24207
8387.05672
8658.13696
8892.30327
8657.72072
8673.97872
8770.94911
8715.01313
8548.81266
8667.39839
9352.75417
9252.13548
8937.56174
8516.75163
7754.20672
7095.75739
6616.64834
6327.0275
6159.96069
6110.86519
6185.8439
6325.20969
6488.90499
7041.76493
7620.27702
7991.65343
8318.32147
8500.69002
8416.06748
8137.00088
7919.75839
7824.62481
7702.0454
7825.80558
8780.89999
8818.31588
8534.0418
8010.96806
7347.33254
6782.54159
6315.7929
6039.52261
5870.15436
5762.47737
5710.40175
5613.70098
5415.37772
5774.4317
6208.00558
6550.95559
6802.22444
6951.5816
7023.21615
6950.2097
6744.95621
6636.44479
6606.30544
6858.60808
7909.21309
8032.86918
7847.36152
7447.93494
6891.3596
6365.23832
6025.69806
5811.7417
5678.07316
5638.54294
5831.80417
6225.52934
6461.76797
7123.29889
7781.69497
8086.20084
8429.46203
8693.07913
8557.77493
8466.1434
8578.816
8596.21304
8464.83829
8530.36284
9305.14198
9262.22556
8954.73476
8523.53099
7817.18875
7160.6435
6616.71547
6317.55788
6114.61898
6102.8576
6291.02226
6738.95181
7028.23836
7484.04038
8087.58192
8436.94272
8738.38394
8922.96677
8713.03709
8659.49973
8715.97654
8607.57064
8465.46773
8541.92582
9323.31046
9315.60103
8977.49269
8368.51874
7551.71901
6848.63742
6523.7754
6295.48012
6126.45584
6064.14726
6242.75919
6629.28021
6942.51945
7500.99213
8055.61825
8072.07749
8551.44629
8789.1281
8585.77464
8534.44328
8683.94632
8498.1426
8601.38571
8710.96553
9196.56215
9085.5187
8671.59298
8096.10093
7483.26045
6572.93107
6243.38179
6121.51392
6058.76063
6050.05419
6243.51443
6584.92975
6850.81258
7254.77663
7706.8817
7930.08091
8142.62227
8502.73211
8323.47491
8261.93128
8236.23161
8270.40561
8199.13756
8244.15075
9122.68144
9019.22183
8599.87237
8155.83004
7526.66552
6832.01774
6367.96596
6151.84372
5978.12906
5940.41289
6108.64706
6424.75217
6612.5964
7364.44041
7943.67744
8161.42684
8466.11356
8642.60607
8466.53789
8263.08247
8331.53661
8330.57339
8351.38548
8458.65995
9237.44454
9068.31227
8722.49458
8242.48311
7588.55017
7025.43773
6618.26938
6356.71881
6124.17676
5964.89667
6036.0598
6170.40897
6280.28627
6814.91729
7368.40951
7591.51902
7920.45749
8111.65326
7943.97335
7640.08557
7426.05674
7314.27264
7235.71612
7521.7828
8441.47353
8455.55204
8106.37936
7556.08839
6899.20718
6370.09354
5958.71478
5716.04954
5536.84772
5435.81852
5360.64376
5347.11258
5212.82614
5470.9548
5729.8583
6016.79782
6294.91725
6482.18297
6532.47074
6438.07941
6280.62948
6173.07654
6152.20885
6371.42004
7442.86494
7533.12888
7289.14575
6921.45276
6506.06795
6031.67347
5549.82361
5268.04109
5112.58686
5047.26857
5047.91526
5082.96768
5084.9789
5450.43613
5917.3104
6427.52285
6848.26964
7065.60142
7088.63392
6987.97273
6790.52282
6691.97495
6566.18334
6898.15693
8039.14065
8172.49016
7938.03782
7264.24852
6656.72721
6150.95919
5684.77193
5507.77133
5391.57464
5379.78648
5620.49557
6274.97408
6576.64017
6985.68736
7522.03376
7832.21865
8256.22045
8484.40072
8217.21784
8200.68525
8426.31272
8459.39883
8372.45578
8464.2837
9378.81207
9296.53549
8860.56
8205.20041
7401.08195
6596.62903
6013.09678
5750.57162
5580.04008
5570.79129
5834.67582
6541.47731
6808.81999
7146.04978
7655.37577
8022.31212
8342.01692
8570.25141
8327.18862
8319.90307
8447.81016
8504.05458
8430.53041
8524.46651
9342.68022
9222.25023
8898.20041
8272.02273
7386.87712
6603.001
6018.61157
5811.98019
5690.52192
5664.37948
5914.26325
6537.06863
6804.28819
7262.35816
7875.19153
8217.38282
8595.19858
8751.10297
8481.27882
8517.8919
8644.74466
8631.62087
8509.14956
8650.99499
9479.7425
9382.14726
9067.11893
8358.03259
7532.32267
6771.96826
6261.50249
6065.56267
5938.43415
5933.92772
6155.86366
6747.35485
6922.21334
7365.24418
7950.50225
8267.26986
8620.38749
8752.9033
8495.15969
8482.97637
8596.7621
8619.88639
8523.00451
8636.06497
9302.54982
9198.60286
8873.2251
8180.36407
7419.05994
6706.70161
6209.10183
5965.97795
5796.13112
5764.87513
5827.74521
6027.54403
6205.75806
6764.87628
7337.52526
7678.66977
7969.71955
8099.14769
8021.34302
7817.56266
7621.44265
7486.16372
7382.95785
7661.40702
8699.51229
8666.3382
8253.18405
7708.43444
7066.61099
6548.49322
6117.54783
5816.3135
5607.89055
5524.71803
5514.33929
5464.52803
5358.08708
5649.63685
6010.12844
6308.14098
6585.82812
6762.04025
6837.18111
6732.33589
6554.26759
6418.94521
6396.77643
6788.17633
7856.8098
7980.04053
7656.02358
7044.45649
6545.45186
6010.28592
5653.0832
5460.57516
5312.91456
5347.34287
5609.78788
6294.0178
6571.57036
6965.7888
7496.7251
7857.25562
8203.30453
8422.73945
8195.14173
8226.08622
8367.25025
8353.95009
8234.69222
8368.50166
9147.65909
9122.93513
8729.97285
8001.30428
7122.93529
6463.93827
6036.51584
5779.33256
5684.73765
5700.19335
5973.40453
6538.57855
6787.97733
7152.07786
7632.58718
8016.65472
8344.96812
8549.07499
8342.41404
8323.16535
8540.70481
8568.24272
8473.4723
8462.64284
9449.4833
9435.16473
9055.27746
8303.84347
7392.05406
6699.78636
6132.76923
5852.87377
5715.92785
5698.99986
5919.44425
6667.3099
6914.9259
7290.66087
7799.96394
8187.30119
8497.46818
8683.28015
8462.23
8452.64994
8604.39397
8543.46375
8508.10471
8705.58318
9415.43408
9306.10864
8875.48335
8154.34295
7282.03669
6576.00634
6172.11282
5969.57352
5813.82578
5758.36454
6015.86807
6624.79508
6869.16929
7256.14739
7712.33273
8056.54133
8379.88547
8634.95979
8417.66852
8429.55254
8594.17913
8619.22605
8513.1728
8719.31647
9421.66093
9378.76585
9014.6965
8307.52254
7433.44838
6735.50504
6246.63649
6013.20532
5880.37457
5850.9312
6111.49868
6685.96919
6881.37408
7239.91331
7706.34497
8050.91462
8361.25719
8560.74362
8367.69281
8451.88564
8686.94792
8675.14211
8498.67982
8624.86981
9435.13037
9261.19986
8868.08161
8211.33551
7458.7027
6851.51224
6351.60974
6072.43673
5917.88994
5861.60435
5948.65165
6109.86601
6261.44222
6776.61315
7372.78682
7740.58057
8093.03553
8280.92709
8142.76621
7859.53035
7614.76731
7447.22075
7342.26022
7611.27841
8567.2062
8577.0751
8176.19191
7617.96887
6943.24953
6382.73605
5968.00889
5718.67149
5572.57854
5405.12944
5364.00049
5344.77718
5216.77211
5533.28052
5956.69536
6296.09467
6539.68035
6739.35687
6777.38555
6690.75433
6526.97753
6430.94704
6401.44127
6800.54853
7723.43997
7819.62749
7628.20053
7152.92282
6488.48876
5959.44207
5618.36013
5403.99551
5272.52372
5304.91598
5549.12828
6281.26329
6550.04082
6923.97324
7442.77181
7747.52394
8171.37468
8418.77345
8217.67374
8210.91769
8439.31239
8464.95595
8345.79666
8401.28942
9313.52646
9241.30344
8792.59444
8094.66747
7226.8437
6496.37975
6038.40217
5826.93796
5723.73278
5692.81774
5960.39372
6588.12722
6745.73748
7178.93616
7697.86069
7999.31762
8368.54986
8636.24715
8413.84989
8446.67762
8674.69948
8682.10009
8557.22778
8639.30925
9387.65344
9342.43004
8964.2954
8202.67643
7344.64493
6613.02269
6139.74227
5929.27073
5822.75486
5794.00462
6060.40435
6702.60983
6873.09741
7270.28431
7792.00433
8194.64772
8560.19117
8780.90085
8567.77146
8570.06032
8748.08432
8726.32978
8679.25978
8762.60245
9505.56118
9481.71479
9058.72686
8364.91232
7478.19573
6740.44803
6448.00517
6073.92063
6041.78321
6042.40962
6234.10697
6856.26911
7061.04499
7348.16922
7801.21108
8082.86833
8492.83593
8714.06978
8459.3393
8469.10444
8609.96286
8583.77674
8515.45448
8738.00301
9372.43587
9167.29731
8800.14281
8193.3219
7343.5113
6732.98537
6422.49867
6169.85691
5987.99351
5925.72363
6169.51331
6651.45361
6741.3065
7149.3878
7606.945
7915.81295
8334.01982
8503.46172
8270.92316
8215.18673
8259.60339
8226.14789
8090.40939
8133.16399
8832.94902
8651.10338
8252.53243
7684.71867
7087.53996
6485.83608
6185.39404
5974.22263
5754.83862
5672.64725
5780.8276
5816.70983
5945.85379
6478.5198
7106.03583
7553.90587
7936.50268
8144.12901
8126.61691
7924.48419
7733.4587
7644.32764
7544.53538
7763.12453
8785.60288
8739.80968
8375.789
7705.7144
7049.32965
6450.34434
6186.22759
5973.11416
5839.79729
5763.83046
5697.3059
5620.71725
5368.84142
5681.72604
6062.40826
6345.82328
6541.2105
6702.02863
6739.43536
6669.78105
6500.65569
6401.41792
6336.92696
6643.11153
7852.69649
7940.22314
7579.42674
7183.09579
6652.30411
6171.30978
5936.45401
5746.19368
5576.53314
5466.76449
5468.46978
5409.00911
5321.52003
5814.43416
6233.46095
6647.71463
7019.09439
7252.24033
7236.41562
7183.48552
7013.77722
6922.27994
6799.5967
7150.09292
8349.84222
8481.54441
8163.14072
7568.41706
6911.61917
6464.23436
6114.95604
5872.87746
5690.92415
5663.89894
5954.49692
6654.18455
6948.72832
7395.53297
7898.21906
8081.18133
8402.46331
8617.82786
8394.03456
8438.81003
8590.08704
8593.98081
8496.91382
8693.92078
9367.02832
9237.66156
8976.5714
8405.45692
7660.41975
6935.14901
6411.22957
6097.98325
5931.01965
5886.09268
6151.09104
6866.59103
7163.6292
7516.78988
8016.97026
8295.58334
8536.15845
8634.54881
8405.12619
8433.65395
8527.8902
8578.42025
8505.09887
8664.1404
9396.80915
9345.50741
9046.19981
8399.26311
7400.38135
6713.78053
6366.27235
6145.58643
5965.6681
5882.49151
6108.55808
6888.97669
7116.96401
7548.57406
8047.73228
8269.83415
8628.02726
8748.4907
8617.67141
8594.17688
8762.27694
8818.08079
8770.82103
8992.08505
9652.82392
9460.48971
9146.83316
8486.32194
7486.2479
6744.64098
6380.63422
6177.13816
6063.27522
6026.88178
6291.8783
7037.89148
7223.53793
7446.12273
7969.9383
8266.60846
8552.45176
8734.57332
8502.38117
8453.16573
8621.96698
8600.02689
8507.84253
8685.87367
9341.17035
9228.82842
8862.56785
8298.52133
7549.6213
6881.55667
6433.18579
6197.16697
6013.1824
5955.05334
6034.94837
6231.57541
6424.74637
6955.51111
7529.24061
7901.37003
8179.5117
8377.92883
8271.02914
8072.70637
7902.37197
7790.72521
7607.13122
7957.30629
8821.96162
8755.51587
8455.34967
7947.99247
7313.34665
6734.27945
6283.69748
6020.26886
5865.34816
5742.16334
5681.89209
5625.13281
5536.13707
5867.21772
6318.22107
6612.85883
6850.92482
7021.63635
7061.00095
7006.07704
6822.14629
6710.36566
6644.82279
7100.33225
8078.06804
8166.31058
7973.87793
7512.35892
6866.40153
6327.10591
5915.40988
5786.3651
5632.59931
5626.63358
5888.24833
6527.67377
6726.92928
7146.87689
7658.92288
7969.72359
8273.3726
8492.73223
8261.41406
8232.19642
8373.36237
8373.73721
8351.67972
8622.68457
9322.37924
9210.57504
8810.94964
8146.80527
7306.86831
6608.62959
6169.41669
5903.6173
5806.89243
5807.99701
6023.20978
6635.86898
6845.76595
7175.84868
7642.03176
7896.57437
8140.19229
8340.23184
8180.64074
8187.02161
8312.61391
8317.56086
8316.92167
8516.80502
9235.94411
9142.30761
8720.50253
8037.95134
7259.96266
6515.40916
6095.56411
5886.97915
5746.45018
5723.5195
5904.24826
6664.06583
6895.81429
7240.23556
7654.49304
7920.57591
8175.05233
8342.78436
8136.0746
8133.83537
8308.90145
8338.6782
8239.26119
8527.99403
9232.44365
9108.22943
8729.22073
8056.046
7192.71767
6453.66446
6046.3536
5837.18907
5707.99798
5682.7905
5949.0725
6597.07275
6828.65593
7205.12347
7654.62874
7885.90869
8173.6929
8346.91928
8093.64474
8035.49389
8184.6824
8262.5683
8221.69063
8482.85117
9219.66619
9040.80409
8680.97467
8092.78007
7254.11659
6547.7467
6032.27121
5779.79934
5680.69128
5681.10686
5944.56176
6567.25621
6817.48624
7240.74038
7690.73707
7988.19068
8239.74482
8411.6807
8251.60768
8226.34315
8464.06483
8484.65056
8392.19202
8505.05881
9188.8034
8986.1637
8670.3334
8039.00529
7326.0159
6683.42431
6251.99372
6007.76053
5809.28742
5761.69107
5892.14482
6028.20378
6177.927
6769.95111
7367.78552
7729.02007
7967.31397
8160.94025
8079.57328
7892.80112
7740.65187
7611.14002
7482.36415
7780.10619
8626.97473
8556.45336
8200.76596
7686.34668
7066.80718
6508.97153
6061.9066
5813.75136
5669.2842
5564.72183
5522.0573
5504.10293
5363.26755
5693.15094
6139.30985
6495.78719
6753.5077
6919.9425
6962.33649
6856.54479
6727.71977
6596.07553
6549.47765
6881.23331
7776.45391
7818.25328
7578.20522
7096.90522
6606.98577
6087.88545
5703.68791
5486.48947
5343.99252
5266.18175
5295.37125
5306.62157
5406.74181
5919.7088
6504.38995
6913.10738
7195.06979
7351.36044
7395.02633
7346.98593
7211.12263
7115.34656
7084.32111
7500.91213
8429.73687
8488.68318
8161.4308
7889.3399
7343.98935
6687.97896
6293.22606
6065.22358
5893.1082
5854.14581
6166.86649
6711.38592
7007.67763
7451.96833
8080.31035
8400.37805
8616.38604
8925.79954
8723.0884
8717.56625
8790.16107
8743.54616
8660.32872
8789.47958
9467.03537
9355.06748
9067.65498
8432.82493
7676.91999
6927.00804
6547.15884
6224.41701
6029.81387
5995.93484
6260.83999
6852.79198
7125.63467
7544.33255
7973.15267
8100.64702
8324.41566
8526.23141
8293.2793
8327.70698
8552.22995
8547.21017
8517.13421
8763.95176
9382.4089
9220.2629
8926.1266
8398.37739
7619.54313
6927.79988
6541.05878
6323.98095
6129.84145
6055.97831
6299.21955
6912.32315
7179.94348
7619.34105
8112.77757
8383.24351
8697.24942
8880.62592
8716.48696
8681.30036
8835.87159
8855.4411
8865.72241
9065.25319
9531.76698
9361.89842
9046.96009
8626.28307
7838.85571
7136.80741
6671.44295
6520.45767
6267.26629
6276.37748
6496.39156
6985.70131
7313.87773
7809.36825
8297.68336
8482.99407
8624.9341
8777.02759
8631.46502
8615.39286
8775.73723
8809.28145
8728.67684
9068.88461
9574.12994
9366.57008
9008.34864
8604.17583
7904.51734
7319.10976
6777.37398
6490.61082
6291.89625
6191.31635
6274.81658
6401.76032
6529.46778
7258.46675
7841.15375
8125.60948
8391.61827
8551.16623
8493.99216
8294.60535
8109.26009
7970.26004
7841.61959
8169.91394
8963.43858
8864.10801
8559.33766
8103.94767
7508.04046
7003.63008
6489.52711
6238.55336
6054.28951
5876.93657
5812.40591
5746.4717
5580.25328
5949.57536
6469.93133
6832.6258
7116.04898
7325.54853
7287.74145
7205.25105
7068.48845
6994.6988
6940.0038
7220.33955
8224.23105
8290.02291
8145.01637
7904.13807
7398.9247
6845.18133
6401.60641
6121.7186
5938.79152
5900.72367
6120.45829
6649.42236
7033.64446
7623.9647
8208.05805
8424.56007
8673.14414
8854.25029
8765.12314
8761.50273
8836.84783
8810.64046
8612.87408
8832.93085
9554.24813
9453.09661
9102.2018
8657.06468
7888.83561
7226.03404
6718.20732
6463.28506
6324.80768
6280.62338
6473.43163
6879.65285
7168.89306
7723.02986
8145.24153
8443.6475
8729.9142
8955.57283
8744.81919
8671.69456
8794.19389
8786.61465
8678.07242
8785.12924
9597.65292
9530.22025
9251.93005
8639.89286
7798.89918
7125.39681
6647.48979
6351.10986
6162.76878
6112.72141
6381.24316
6841.79195
7212.7765
7757.41699
8279.82777
8570.00117
8824.45111
8976.6074
8814.96771
8709.15985
8791.45113
8834.84713
8798.64725
9005.2777
9535.42629
9395.28272
9031.64592
8616.3967
7800.84338
7081.87458
6601.88473
6310.78092
6063.81068
6030.58473
6255.49449
6707.41462
6977.85728
7538.22873
8183.28612
8513.99726
8756.70083
8951.52891
8734.03383
8709.0941
8861.85034
8858.0506
8569.70923
8696.36361
9486.8014
9489.95087
9015.21986
8524.38119
7857.09257
7162.89448
6608.28678
6357.97286
6250.32251
6196.95911
6415.82471
6813.42077
7156.42728
7710.38733
8096.45083
8421.61915
8829.65844
9008.01627
8783.58541
8746.7118
8888.50489
8913.92866
8782.41208
8801.97149
9517.67496
9411.61368
9071.90212
8604.83283
7952.38914
7343.61578
6845.28549
6585.22982
6393.45576
6329.48518
6407.12392
6584.42926
6602.5374
7251.06032
7898.85879
8240.81284
8513.09486
8664.6249
8555.78943
8381.44546
8189.01884
8029.76339
7913.66549
8211.00285
9082.7069
9027.90114
8715.30052
8403.30124
7791.88109
7165.95346
6704.53489
6388.76077
6145.65469
5961.86206
5825.37356
5805.15074
5693.7107
5995.25008
6378.17201
6674.01391
6879.78377
7093.77623
7134.63006
7042.53158
6901.16606
6808.76146
6726.07083
7007.8135
8187.70562
8329.71689
8205.57157
7940.20752
7446.59977
6803.96957
6282.76977
6059.71123
5879.9886
5793.69668
5954.63082
6371.58522
6637.33873
7211.41923
7822.20217
8178.19681
8525.35849
8752.14413
8579.13302
8582.49931
8701.36931
8669.20472
8609.6974
8668.00674
9592.30525
9572.18308
9191.68687
8600.02123
7757.2332
7062.70831
6723.79253
6449.55957
6252.28079
6170.08808
6306.2036
6741.02394
7076.82521
7688.17337
8255.83658
8541.91513
8738.73146
8902.75627
8855.97556
8814.50225
8979.17428
8926.93147
8809.82474
8854.3419
9549.48838
9557.48986
9264.25421
8794.36207
7931.88197
7179.31601
6682.56148
6346.31662
6171.13557
6086.60829
6288.75877
6742.44707
7053.12899
7671.40208
8193.87813
8470.74266
8682.31002
8795.96932
8671.27916
8646.89399
8775.91297
8671.60976
8576.33662
8760.8982
9538.21926
9556.80681
9318.46754
8689.16802
7913.10453
7173.34565
6649.36189
6371.01756
6221.53461
6113.24553
6282.60519
6824.09995
7107.45428
7582.50127
8093.98915
8476.74734
8727.06036
8998.94571
8841.22399
8802.08461
8882.18634
8803.78336
8636.74058
8823.41797
9645.88463
9569.83242
9185.86925
8606.06383
7880.26443
7264.78971
6741.84954
6496.51445
6386.30354
6318.01621
6443.88654
6825.17737
7200.5756
7721.06654
8266.17268
8498.48885
8692.14354
8748.25455
8583.37282
8540.32688
8673.94141
8604.67722
8450.25887
8565.6726
9428.19194
9329.96973
8987.47703
8539.99394
7829.48832
7149.9057
6568.52886
6281.51259
6072.87804
5941.45068
6008.42045
6265.20589
6398.59473
7037.27397
7703.75437
8065.67606
8325.48986
8391.19855
8294.10329
8114.85239
7949.78773
7881.13977
7794.50914
8096.43718
8948.39328
8934.00965
8664.45037
8178.55412
7525.02368
6877.10915
6445.87671
6177.02528
5998.89425
5802.84559
5801.33331
5713.5678
5541.72594
5907.73692
6377.61665
6743.3824
7082.80795
7255.03915
7272.56264
7184.96831
7067.37327
6967.0028
6936.45824
7215.69493
8097.98361
8027.54046
7682.39111
7497.16366
7072.59906
6589.01988
6201.22616
5887.5241
5626.79369
5495.82264
5533.79532
5595.00211
5591.4669
5944.7803
6382.64821
6749.86004
7126.89245
7312.22501
7412.15243
7342.47308
7187.00117
7084.8494
6984.29561
7271.86059
8275.97281
8429.91782
8183.63176
7807.50768
7218.82883
6618.6759
6229.73665
5993.516
5887.70399
5842.6494
6024.62087
6421.90018
6730.31694
7363.78769
7959.91325
8278.66913
8584.70515
8733.14412
8601.58256
8572.60539
8706.33449
8741.96562
8632.13804
8805.38837
9507.29378
9473.47981
9114.02363
8613.20615
7725.49662
7015.51668
6515.94207
6241.58292
6114.99804
6078.84355
6278.00923
6663.58289
6889.99979
7431.25071
7992.74502
8253.38273
8451.175
8657.30631
8623.54132
8589.727
8673.85654
8678.01363
8623.48955
8802.78167
9545.99646
9476.79022
9134.53719
8549.1219
7689.8629
6944.30632
6452.9608
6195.41165
6059.87924
6058.99251
6229.58305
6616.32755
6829.47257
7408.57635
7964.72402
8235.37421
8530.67521
8650.36896
8579.74497
8489.329
8605.82309
8611.61606
8507.62107
8592.87052
9464.91393
9444.13114
9080.71364
8602.41378
7753.21722
7060.05094
6635.0231
6374.78317
6227.8622
6170.89667
6335.83278
6700.36354
6950.42935
7510.94752
7998.34612
8305.70648
8688.93825
8881.20319
8638.43459
8607.629
8745.25413
8831.29878
8740.35818
8824.90063
9576.34392
9479.07367
9125.41394
8599.27589
7865.09504
7165.80639
6681.9141
6392.50981
6223.81567
6208.52342
6296.82489
6461.84671
6532.0896
7058.55463
7615.71384
7996.05046
8295.74516
8455.51702
8314.79157
8082.29518
7903.0834
7783.71897
7715.53755
8026.86356
8818.84166
8814.43586
8519.79458
8078.56122
7437.70857
6813.16736
6386.34676
6062.54219
5870.26788
5766.72307
5754.61055
5644.65895
5481.00031
5806.68436
6253.25871
6606.94709
6910.32553
7093.2574
7102.6762
7024.78568
6895.33537
6825.20035
6739.08879
6994.76389
8000.56102
8212.93564
8070.98527
7667.32864
7077.96334
6469.73138
6111.94582
5841.83527
5676.76903
5638.45132
5831.28192
6281.43023
6469.35483
7092.03127
7890.36688
8187.9402
8495.09561
8744.55465
8583.12674
8563.50449
8687.3369
8674.39626
8509.54429
8536.98579
9296.98184
9294.65885
8981.69061
8602.06316
7815.06558
7051.71629
6492.48409
6198.45668
6095.40979
6060.10426
6236.01209
6632.15182
6835.17949
7388.277
8092.31433
8394.63534
8652.70315
8828.13715
8683.04845
8712.96135
8822.66236
8906.50701
8774.63513
8693.26173
9480.43261
9403.14437
9114.16251
8678.67032
7962.55384
7245.10068
6770.24948
6511.51064
6319.76897
6260.58754
6411.34873
6708.661
6944.06424
7553.16592
8163.22467
8494.48376
8786.36127
8966.43386
8798.30579
8787.48276
8929.92604
8932.93034
8758.68861
8756.24692
9541.68944
9448.1427
9220.95533
8813.77061
8008.40965
7245.64158
6718.6786
6474.80403
6315.56864
6277.6445
6449.94416
6681.43462
6843.84493
7410.54339
7962.38991
8356.63895
8632.50336
8860.99535
8619.96969
8622.77081
8801.97955
8781.56734
8650.21742
8670.15682
9421.86309
9337.01543
9028.14575
8652.98708
7910.16256
7206.32943
6741.85575
6459.59877
6320.67411
6271.52107
6439.03509
6745.97133
6905.17624
7497.38536
8022.61883
8350.1638
8644.44215
8857.43761
8739.75112
8676.41487
8718.57088
8608.81219
8534.18189
8515.74517
9253.46397
9208.5887
8949.66003
8544.28334
7939.03618
7278.13836
6807.08763
6484.21714
6224.05866
6210.28689
6232.21657
6332.53868
6336.32149
6916.42812
7530.15797
7949.83202
8190.44425
8398.65324
8289.55749
8093.71098
7960.57247
7878.7272
7712.07955
7859.53071
8889.30349
8939.15264
8651.88224
8269.51532
7783.47599
7192.53753
6566.75691
6221.52797
5986.01361
5837.19713
5676.84789
5706.35383
5486.54452
5834.56655
6324.66854
6709.11835
6965.79748
7118.89449
7156.86685
7060.84295
6916.6295
6823.47814
6764.99186
6940.12207
8193.30547
8408.06329
8316.52061
8013.64985
7371.81224
6681.48323
6117.79526
5835.0217
5686.94772
5654.30787
5783.74748
6049.13133
6233.86234
6836.12639
7617.27677
7942.25072
8172.91049
8409.10167
8297.07974
8281.0767
8386.90665
8355.03029
8170.49716
8073.38621
9017.69766
9148.82253
8926.68918
8548.09089
7881.26663
6995.36158
6334.09047
5976.6726
5826.18759
5727.15362
5902.88295
6133.64595
6326.98893
6885.41942
7480.1893
7905.97697
8131.16113
8399.17809
8249.50136
8199.79056
8287.5379
8242.1684
8049.98723
7954.56424
8974.06173
9096.79003
8800.98208
8476.28208
7893.72968
7047.66174
6385.06437
6017.41351
5831.50145
5770.78564
5867.85245
6057.50701
6106.83979
6634.63052
7342.55278
7714.23446
7895.98613
7930.75751
7747.26339
7451.26387
7135.49237
6953.30807
6842.09187
7017.13412
8273.85161
8414.17711
8031.68613
7547.69136
7097.28238
6597.73953
6238.27124
5974.39811
5727.88576
5520.19283
5367.43493
5241.97522
4862.27556
4943.49291
5201.09037
5489.85243
5768.92476
5985.18749
6100.24244
6046.08122
5941.91905
5845.48238
5782.91051
5940.27873
7193.60185
7497.77577
7367.17034
6967.85192
6424.68671
5949.46141
5590.90009
5320.32654
5223.84153
5198.68902
5298.84434
5500.74473
5715.2024
6296.40681
6968.25151
7408.42062
7899.6453
8203.6484
8129.70313
8033.3343
8095.70332
8021.43597
7759.26929
7706.7598
8793.98028
9029.42042
8774.36481
8171.46685
7436.28858
6778.15025
6220.22943
5925.44252
5741.26072
5665.7195
5714.7487
5831.61003
5818.7025
6267.39702
6858.16955
7275.6381
7718.54787
7956.56743
7904.19714
7742.23122
7601.08762
7491.69622
7321.93068
7332.00283
8577.86175
8791.46857
8546.78523
7935.83222
7301.02432
6725.00304
6243.8614
5976.78175
5757.07426
5631.33328
5591.57722
5626.71214
5421.94311
5705.73189
6069.08121
6434.54168
6724.95714
6893.79195
6944.82644
6884.52767
6759.22916
6678.40456
6606.83517
6691.46282
7844.78625
8117.62559
7990.14493
7625.22972
7044.44113
6466.11583
5992.98543
5763.16819
5614.5865
5566.96697
5658.94865
5896.86309
6000.97269
6528.44605
7168.45004
7635.52663
7972.4116
8214.18733
8121.61791
8008.83009
8047.44309
7976.545
7824.27546
7754.46043
8743.90851
8943.51608
8685.27054
8131.85247
7403.20659
6691.51673
6217.25444
5889.59469
5698.47419
5665.26854
5733.27004
6014.8595
6079.76667
6606.72046
7187.11718
7575.17567
7916.61683
8123.90935
8052.92141
7955.07845
8000.47761
7934.86705
7739.6468
7627.71154
8582.45981
8777.9148
8530.92876
8033.73981
7373.31466
6694.04075
6113.78975
5824.78511
5624.983
5562.51163
5610.1489
5777.23526
5738.01847
6141.09369
6648.67103
6932.00902
7166.59449
7252.8313
7110.16552
6897.1102
6717.47167
6586.96153
6502.88247
6591.63304
7744.66104
7990.03623
7616.81155
7154.7924
6731.97602
6411.26922
0
0
0
0
0
0
0
0
0
0
0
0
0
0
0
0
0
0
0
0
0
0
0
0