5704
5371
5052
4818
4673
4554
4193
4286
4535
4772
4979
5123
5202
5131
5038
4971
4940
5241
7178
7232
6963
6169
5599
5028
4857
4664
4540
4531
4678
5025
5240
5659
6213
6504
6806
7002
6967
6848
6930
6928
6901
7077
8498
8596
8138
7288
6468
5694
5165
4944
4848
4832
4987
5364
5535
6005
6599
6861
7177
7418
7214
7130
7220
7195
7171
7377
8791
8844
8515
7582
6632
5752
5249
5041
4916
4903
5056
5405
5633
6058
6742
6987
7261
7445
7222
7169
7232
7245
7183
7359
8843
8931
8652
7694
6750
5849
5307
5066
4972
4947
5116
5452
5665
6097
6621
7025
7248
7499
7328
7286
7344
7297
7170
7312
8893
8901
8371
7555
6744
5924
5334
5086
4979
4929
5092
5433
5654
6083
6618
6917
7225
7461
7258
7208
7275
7218
7179
7402
8811
8813
8387
7417
6690
5942
5458
5192
5034
4980
5067
5246
5292
5639
6163
6480
6772
6927
6849
6646
6448
6334
6238
6513
8255
8356
8080
7131
6365
5740
5288
5044
4879
4773
4729
4766
4608
4852
5190
5467
5648
5781
5841
5757
5623
5520
5478
5793
7545
7612
7330
6542
5933
5457
5043
4825
4710
4662
4652
4746
4653
4916
5378
5605
5936
6088
6104
6090
5983
5856
5743
6048
7813
7953
7723
6764
6028
5396
5136
4921
4832
4834
5017
5440
5704
6130
6692
7012
7400
7651
7441
7419
7551
7487
7448
7489
8880
8896
8629
7554
6676
5851
5367
5139
5013
4882
5079
5476
5702
6119
6674
6976
7321
7529
7334
7243
7362
7330
7203
7388
9005
8981
8744
7688
6787
5933
5410
5177
5079
5044
5230
5611
5855
6289
6820
7246
7526
7781
7464
7456
7582
7531
7404
7575
9057
9049
8752
7680
6795
5989
5442
5196
5049
5041
5214
5621
5837
6299
6852
7158
7501
7709
7519
7505
7567
7562
7396
7492
8994
8972
8746
7798
6969
6067
5552
5314
5183
5122
5190
5409
5476
5873
6380
6750
7011
7161
7078
6862
6664
6557
6444
6614
8449
8561
8191
7223
6555
5966
5452
5160
4996
4898
4862
4870
4734
4977
5377
5657
5849
6018
6070
5978
5831
5700
5654
5890
7653
7724
7617
6851
6148
5499
5090
4901
4810
4798
5013
5421
5731
6179
6718
7014
7358
7628
7402
7314
7403
7400
7289
7366
8714
8770
8518
7657
6719
5897
5368
5141
5005
4995
5216
5728
5998
6378
6879
7179
7456
7722
7434
7403
7573
7510
7386
7545
8776
8874
8588
7643
6775
5956
5031
5057
5119
5090
5311
5808
6024
6343
6886
7226
7558
7743
7467
7421
7562
7513
7400
7479
8789
8912
8779
7787
6820
6012
5492
5267
5138
5121
5317
5833
6063
6418
6970
7277
7528
7741
7499
7465
7569
7555
7464
7566
8878
8913
8634
7714
6865
6045
5511
5265
5131
5114
5299
5813
6046
6486
6962
7231
7503
7692
7490
7416
7498
7455
7374
7504
8853
8889
8657
7651
6866
6058
5624
5358
5204
5148
5245
5460
5524
5975
6466
6843
7114
7195
7119
6897
6715
6613
6540
6725
8355
8471
8190
7294
6763
6056
5492
5208
5044
4943
4919
4915
4819
5067
5419
5930
6137
6100
6134
6007
5862
5756
5718
5998
7806
8024
7759
6870
6181
5570
5209
5018
4931
4905
5152
5594
5919
6345
6890
7177
7517
7715
7514
7463
7603
7578
7463
7566
8901
9009
8689
7734
6837
5963
5497
5259
5136
5129
5345
5839
6162
6525
7004
7294
7547
7798
7545
7479
7648
7652
7513
7626
8962
9033
8736
7774
6848
6018
5517
5300
5178
5159
5387
5874
6146
6535
7043
7336
7619
7795
7574
7513
7632
7639
7569
7665
9064
9073
8859
7756
6869
6074
5528
5302
5167
5154
5349
5857
6134
6506
7026
7310
7572
7789
7578
7488
7590
7562
7532
7650
9024
9024
8812
7711
6879
6092
5546
5293
5157
5144
5351
5859
6053
6475
6966
7321
7674
7809
7577
7499
7591
7559
7459
7603
8915
8918
8716
7745
6955
6176
5672
5401
5241
5189
5294
5505
5613
6040
6567
6908
7245
7343
7225
6997
6763
6667
6570
6784
8457
8516
8293
7391
6624
6016
5414
5111
4938
4835
4804
4831
4733
4964
5340
5616
5819
5997
6027
5905
5752
5641
5606
5891
7720
7819
7757
6834
6133
5515
5075
4889
4799
4803
5043
5542
5843
6235
6845
7169
7454
7652
7495
7548
7702
7597
7499
7546
8691
8773
8451
7615
6753
5884
5407
5173
5020
5022
5218
5760
6117
6427
6927
7340
7598
7806
7606
7515
7624
7597
7512
7604
8717
8816
8552
7772
6755
5924
5429
5193
5073
5038
5248
5820
6080
6359
6870
7142
7422
7619
7425
7331
7451
7454
7404
7468
8630
8743
8502
7641
6741
5858
5476
5246
5120
5106
5308
5824
6128
6521
7020
7312
7644
7785
7553
7479
7616
7571
7500
7639
8888
8850
8579
7635
6811
6032
5438
5195
5059
5029
5227
5742
6049
6428
6909
7198
7471
7683
7501
7395
7478
7454
7400
7512
8633
8654
8433
7557
6707
5981
5590
5297
5134
5083
5175
5397
5511
5915
6476
6826
7081
7220
7146
6914
6727
6638
6554
6725
8233
8348
8119
7121
6418
5790
5353
5073
4888
4787
4792
4804
4709
4973
5324
5613
5816
5987
6060
5967
5802
5675
5638
5951
7659
7797
7540
6760
6097
5497
5120
4911
4806
4777
4998
5560
5919
6265
6811
7134
7438
7637
7436
7357
7466
7473
7424
7454
8734
8764
8451
7588
6676
5883
5429
5243
5121
5098
5322
5896
6211
6522
7006
7249
7520
7753
7531
7431
7562
7556
7459
7576
8811
8843
8596
7628
6747
5939
5513
5281
5167
5127
5329
5914
6224
6525
7018
7323
7596
7763
7567
7519
7676
7643
7555
7584
8810
8882
8592
7636
6744
5960
5448
5212
5099
5063
5307
5848
6096
6413
6891
7197
7469
7643
7431
7339
7466
7449
7402
7491
8759
8781
8483
7576
6736
5895
5440
5216
5100
5053
5284
5838
6107
6443
6910
7180
7454
7681
7497
7393
7498
7478
7450
7510
8690
8721
8454
7598
6773
6019
5559
5285
5128
5095
5177
5389
5516
5929
6472
6825
7069
7230
7165
6937
6746
6629
6538
6647
8116
8311
8085
7298
6486
5866
5417
5082
4949
4844
4835
4849
4746
5004
5380
5646
5827
6031
6075
5955
5810
5686
5651
5935
7628
7771
7520
6801
6117
5513
5073
4882
4781
4784
5042
5750
6030
6282
6823
7158
7491
7723
7447
7418
7556
7556
7403
7362
8722
8816
8565
7582
6627
5886
5357
5149
5055
5041
5268
5924
6151
6461
6948
7249
7623
7865
7610
7541
7677
7684
7525
7469
8693
8833
8607
7628
6689
5899
5422
5221
5113
5083
5312
5982
6245
6508
6966
7292
7624
7826
7563
7553
7707
7691
7538
7504
8734
8856
8592
7575
6700
5899
5451
5213
5111
5087
5336
6013
6230
6537
6985
7227
7525
7715
7485
7431
7560
7538
7500
7508
8711
8862
8585
7625
6720
5919
5452
5242
5115
5072
5318
5994
6257
6560
7032
7319
7612
7777
7538
7487
7610
7561
7525
7516
8697
8800
8534
7611
6828
6111
5607
5306
5162
5111
5206
5444
5546
5964
6508
6846
7135
7265
7199
6982
6770
6669
6548
6628
8221
8383
8105
7261
6577
5891
5440
5160
5015
4922
4902
4934
4808
5047
5438
5729
5945
6122
6178
6050
5898
5777
5710
5945
7868
7989
7831
6825
6152
5583
5118
4934
4831
4820
5071
5783
6029
6292
6766
7075
7366
7567
7340
7283
7392
7403
7362
7346
8619
8754
8550
7579
6643
5874
5374
5166
5070
5047
5286
5987
6163
6401
6845
7106
7371
7582
7356
7299
7411
7417
7364
7397
8635
8789
8652
7616
6689
5883
5407
5202
5101
5077
5302
6022
6282
6523
6983
7279
7547
7770
7480
7486
7642
7628
7545
7497
8843
8863
8654
7596
6728
5928
5441
5214
5121
5096
5346
6047
6252
6532
6998
7300
7638
7837
7564
7536
7659
7654
7547
7482
8766
8870
8695
7576
6748
5915
5394
5182
5075
5049
5291
5986
6270
6527
6980
7259
7566
7762
7489
7444
7590
7550
7496
7427
8630
8770
8486
7538
6754
6034
5582
5308
5168
5125
5207
5458
5585
6012
6597
6926
7201
7364
7225
6985
6794
6672
6572
6656
8110
8334
8028
7226
6498
5900
5463
5185
5029
4945
4912
4954
4864
5020
5444
5735
5964
6142
6186
6071
5928
5806
5761
5951
7744
7896
7694
6914
6214
5597
5213
5031
4919
4903
5186
5971
6226
6485
6981
7309
7607
7839
7598
7557
7728
7707
7642
7583
8841
8947
8788
7750
6798
5996
5472
5251
5152
5142
5410
6202
6401
6610
7084
7358
7692
7910
7644
7632
7751
7793
7650
7642
8824
8989
8792
7770
6862
6035
5503
5283
5186
5163
5420
6213
6442
6658
7095
7381
7669
7858
7598
7565
7736
7741
7660
7606
8853
9002
8669
7759
6867
6078
5551
5317
5207
5195
5472
6194
6418
6681
7120
7391
7675
7862
7622
7579
7736
7745
7710
7643
8879
8995
8730
7765
6866
6060
5558
5328
5209
5190
5450
6216
6442
6702
7113
7426
7813
8020
7747
7746
7930
7881
7681
7586
8756
8894
8609
7734
6889
6202
5666
5421
5274
5242
5341
5577
5725
6147
6724
7052
7326
7483
7369
7141
6964
6852
6769
6799
8281
8466
8179
7326
6604
6003
5490
5196
5040
4946
4924
4979
4867
5117
5510
5816
6016
6192
6253
6149
6013
5918
5877
6032
7812
8061
7781
6967
6244
5628
5219
5015
4925
4900
5205
5973
6235
6486
6986
7379
7715
7985
7700
7676
7830
7844
7646
7606
8798
8984
8688
7782
6855
6033
5511
5297
5195
5186
5447
6251
6462
6669
7132
7442
7759
7997
7714
7691
7838
7789
7679
7635
8836
9029
8751
7789
6910
6069
5534
5318
5225
5218
5495
6270
6507
6712
7165
7550
7864
8084
7747
7712
7883
7851
7734
7663
8910
9070
8763
7857
6946
6141
5600
5355
5271
5242
5527
6281
6484
6729
7173
7451
7766
7942
7676
7652
7829
7819
7738
7702
8954
9060
8726
7839
6938
6108
5593
5366
5254
5237
5503
6254
6514
6747
7179
7444
7738
7918
7689
7644
7801
7798
7719
7677
8853
8999
8691
7853
6992
6308
5761
5495
5353
5329
5424
5671
5804
6237
6810
7141
7380
7545
7433
7193
7004
6916
6796
6873
8283
8503
8243
7424
6724
6096
5538
5240
5075
4988
4973
5032
4930
5154
5577
5868
6070
6243
6300
6171
6029
5918
5884
6055
7624
7850
7730
7069
6292
5664
5253
5083
4979
4976
5262
6038
6262
6532
7008
7306
7590
7873
7573
7554
7703
7734
7618
7602
8784
8990
8703
7768
6849
6025
5532
5319
5220
5200
5469
6222
6387
6593
7041
7277
7566
7782
7532
7481
7632
7683
7621
7601
8800
8955
8708
7729
6833
6000
5490
5274
5154
5153
5405
6216
6457
6653
7037
7280
7573
7801
7523
7497
7689
7657
7627
7568
8784
8943
8750
7852
6938
6146
5589
5354
5260
5238
5525
6295
6506
6709
7145
7396
7671
7863
7580
7570
7733
7725
7688
7610
8875
9014
8761
7867
6977
6124
5610
5366
5252
5235
5506
6282
6510
6755
7154
7435
7710
7925
7679
7619
7781
7782
7718
7610
8820
8952
8677
7777
6984
6265
5698
5432
5299
5245
5373
5620
5768
6223
6719
7072
7297
7475
7374
7150
6958
6866
6779
6937
8260
8423
8189
7322
6592
5929
5454
5198
5039
4927
4897
4982
4867
5123
5526
5816
5977
6117
6180
6073
5926
5813
5812
6111
7639
7839
7741
7048
6313
5553
5143
4938
4818
4731
4761
4891
4878
5186
5613
6003
6263
6507
6519
6403
6290
6176
6132
6381
7781
8010
7788
6955
6227
5602
5295
5101
5018
5000
5289
6087
6315
6574
7037
7330
7649
8055
7812
7820
8022
7998
7913
7877
9044
9255
8983
7937
7011
6041
5553
5343
5225
5202
5466
6220
6517
6733
7165
7403
7712
8045
7787
7776
7954
7902
7853
7811
9043
9245
8980
8060
7134
6182
5590
5355
5283
5240
5508
6252
6481
6704
7157
7420
7712
8051
7780
7754
7888
7893
7860
7846
9119
9280
8996
8042
7175
6069
5590
5391
5282
5247
5516
6264
6478
6726
7168
7455
7728
7952
7686
7630
7801
7767
7747
7688
8890
9017
8743
7797
6991
6189
5691
5474
5351
5293
5389
5633
5782
6205
6757
7075
7345
7513
7420
7150
6984
6870
6757
6876
8319
8507
8258
7415
6710
5968
5506
5253
5090
4974
4959
5011
4915
5181
5571
5875
6067
6243
6261
6156
6036
5901
5895
6026
7633
7886
7757
7093
6329
5622
5261
5076
4972
4956
5228
6047
6240
6495
6984
7315
7685
7926
7695
7640
7779
7713
7605
7574
8788
8985
8676
7786
6814
6020
5511
5302
5195
5169
5441
6219
6443
6691
7132
7397
7684
7897
7657
7651
7837
7839
7736
7696
8882
9024
8689
7775
6861
6016
5556
5350
5233
5233
5493
6261
6505
6711
7150
7398
7794
7972
7740
7724
7842
7805
7722
7630
8876
9014
8758
7893
6950
6119
5632
5377
5260
5243
5532
6301
6503
6754
7200
7459
7801
8028
7782
7730
7889
7870
7747
7670
8868
9045
8780
7907
7011
6170
5657
5390
5275
5263
5497
6227
6492
6728
7146
7443
7798
8015
7761
7679
7816
7771
7691
7639
8789
8910
8649
7784
6977
6244
5705
5450
5304
5272
5370
5609
5791
6217
6782
7149
7383
7557
7483
7249
7044
6948
6830
6901
8217
8402
8121
7353
6649
6039
5520
5236
5081
4990
4968
5026
4931
5173
5591
5901
6096
6269
6340
6241
6094
5969
5918
6066
7623
7877
7730
7013
6279
5669
5214
5008
4918
4912
5124
5637
5914
6318
6901
7237
7515
7763
7582
7515
7641
7638
7573
7520
8789
9038
8725
7720
6815
5930
5420
5227
5123
5090
5262
5703
5986
6426
6896
7208
7536
7730
7490
7443
7645
7614
7458
7475
8855
9071
8743
7627
6736
5949
5396
5173
5040
5014
5181
5656
5901
6310
6821
7141
7397
7674
7467
7373
7479
7460
7367
7373
8726
8927
8643
7577
6721
5876
5168
4946
4799
4731
4753
4818
4793
4941
5296
5564
5834
6032
5991
5873
5741
5639
5604
5867
7495
7633
7292
6468
5885
5321
4843
4608
4469
4415
4410
4483
4349
4594
4966
5240
5365
5484
5583
5541
5406
5287
5282
5398
7144
7385
7082
6301
5741
5190
4919
4706
4588
4515
4586
4789
4854
5201
5665
6044
6270
6464
6499
6358
6191
6109
6098
6281
7823
7951
7532
6755
6175
5617
5119
4933
4766
4679
4691
4727
4627
4886
5275
5633
5818
5976
6057
5885
5811
5769
5717
5936
7606
7877
7604
6852
6099
5536
5150
4966
4887
4888
5192
5978
6234
6517
6999
7272
7577
7786
7547
7501
7631
7662
7594
7584
8960
9142
8767
7719
6774
5984
5420
5229
5129
5124
5394
6172
6369
6590
7068
7361
7614
7789
7558
7525
7742
7734
7661
7649
8959
9048
8822
7749
6823
6005
5522
5287
5167
5158
5422
6239
6431
6678
7126
7530
7677
7875
7577
7565
7765
7741
7659
7665
9058
9106
8811
7804
6889
6086
5528
5287
5178
5168
5459
6180
6435
6663
7105
7411
7711
7890
7635
7613
7774
7794
7699
7649
8971
9040
8768
7807
6897
6072
5544
5312
5189
5176
5439
6204
6438
6687
7156
7414
7751
7885
7651
7550
7693
7691
7621
7651
8693
8861
8565
7724
6938
6241
5699
5431
5280
5233
5345
5590
5763
6219
6763
7092
7358
7508
7387
7164
6994
6857
6777
6935
8364
8637
8281
7347
6829
6053
5502
5210
5063
4980
4980
5018
4933
5189
5693
6033
6225
6458
6477
6412
6240
6094
6025
6254
7609
7887
7653
7061
6316
5689
5266
5079
4984
4978
5240
5990
6242
6540
7030
7305
7625
7864
7635
7603
7760
7764
7634
7584
8929
8979
8659
7742
6814
6022
5469
5279
5181
5165
5422
6169
6371
6622
7094
7386
7752
7948
7675
7664
7876
7866
7695
7651
8962
9009
8702
7786
6855
6255
5723
5293
5179
5185
5434
6242
6427
6650
7106
7364
7655
7854
7591
7546
7703
7743
7700
7677
8955
9101
8713
7830
6907
6113
5547
5315
5216
5202
5472
6225
6439
6692
7134
7400
7718
7910
7663
7626
7790
7812
7755
7687
8981
9050
8775
7846
6953
6123
5576
5340
5213
5198
5443
6187
6421
6674
7149
7410
7754
7998
7708
7637
7780
7740
7624
7549
8890
8954
8678
7729
6940
6251
5707
5436
5281
5234
5342
5579
5746
6193
6732
7065
7335
7504
7403
7154
6982
6865
6766
6897
8407
8558
8222
7348
6639
6001
5477
5198
5060
4973
4972
4989
4917
5153
5573
5867
6085
6246
6313
6240
6112
5979
5937
6090
7662
7953
7713
7046
6316
5673
5213
5034
4924
4920
5181
5884
6152
6506
6957
7247
7512
7721
7502
7454
7594
7640
7705
7591
8667
8874
8639
7602
6697
5908
5385
5225
5112
5102
5376
6126
6333
6620
7044
7317
7616
7815
7573
7564
7756
7752
7661
7647
8702
8939
8659
7756
6852
6036
5489
5289
5162
5137
5414
6168
6367
6615
7069
7306
7601
7829
7581
7542
7706
7717
7667
7650
8729
8977
8680
7771
6861
6057
5520
5284
5179
5180
5412
6155
6384
6638
7080
7347
7657
7843
7580
7577
7720
7756
7690
7665
8818
9046
8753
7784
6913
6079
5537
5304
5171
5173
5446
6176
6373
6636
7124
7375
7674
7894
7641
7555
7709
7727
7662
7604
8803
8956
8602
7702
6928
6184
5683
5427
5288
5245
5348
5569
5727
6180
6748
7091
7390
7548
7465
7239
7051
6898
6757
6787
8332
8472
8228
7310
6609
5964
5479
5190
5028
4951
4933
4974
4871
5133
5522
5821
6037
6222
6298
6192
6060
5959
5896
6025
7556
7947
7732
7060
6344
5700
5302
5129
5008
4993
5231
5933
6168
6491
6969
7262
7543
7737
7504
7444
7559
7580
7527
7457
8773
8891
8446
7580
6724
5953
5401
5185
5058
4997
5010
5062
5015
5336
5717
6030
6328
6583
6633
6425
6261
6145
6044
6185
7807
8028
7787
6979
6259
5617
5497
5288
5171
5172
5466
6196
6415
6664
7081
7331
7629
7838
7595
7560
7720
7736
7681
7663
8841
8983
8711
7752
6842
6036
5493
5275
5157
5161
5401
6148
6380
6646
7071
7361
7651
7914
7575
7548
7664
7686
7666
7674
8864
8985
8733
7766
6903
6092
5542
5309
5208
5182
5446
6174
6398
6658
7124
7379
7645
7880
7625
7552
7687
7715
7648
7626
8766
8871
8597
7841
6902
6174
5655
5408
5253
5233
5331
5528
5702
6189
6691
6995
7259
7419
7355
7143
6957
6876
6765
6827
8241
8413
8060
7321
6630
5999
5482
5205
5046
4963
4930
4938
4858
5131
5500
5825
6021
6228
6321
6243
6118
6017
5945
6082
7489
7776
7619
7010
6289
5664
5261
5082
4979
4952
5231
5953
6174
6504
6999
7298
7611
7823
7611
7555
7671
7665
7601
7577
8786
8909
8574
7702
6805
6010
5480
5269
5166
5154
5405
6161
6354
6642
7101
7367
7643
7840
7585
7554
7682
7700
7632
7631
8873
8942
8643
7707
6799
6016
5526
5315
5187
5191
5457
6205
6392
6667
7103
7380
7664
7869
7653
7609
7745
7771
7725
7711
8867
8989
8677
7808
6902
6100
5531
5316
5213
5201
5477
6221
6408
6667
7113
7392
7662
7838
7605
7567
7701
7752
7740
7709
8814
8953
8573
7745
6904
6117
5564
5325
5217
5173
5468
6165
6384
6640
7118
7391
7711
7919
7702
7621
7756
7759
7673
7633
8757
8842
8519
7661
6906
6170
5693
5439
5264
5217
5318
5526
5717
6212
6743
7076
7325
7498
7430
7203
7028
6898
6767
6863
8172
8392
8059
7318
6624
5990
5484
5211
5054
4950
4929
4938
4858
5153
5567
5858
6065
6250
6335
6246
6071
5980
5895
6054
7556
7830
7667
7025
6323
5709
5203
5025
4921
4914
5164
5877
6145
6475
6986
7281
7593
7806
7598
7541
7676
7681
7660
7617
8880
9007
8613
7669
6787
5997
5466
5252
5144
5143
5394
6129
6325
6625
7082
7354
7625
7818
7566
7513
7681
7688
7626
7653
8907
8984
8629
7733
6814
6011
5517
5305
5190
5197
5458
6200
6402
6679
7108
7367
7659
7864
7628
7589
7737
7744
7708
7695
8945
8982
8665
7789
6891
6084
5552
5323
5216
5203
5470
6193
6380
6662
7119
7382
7643
7824
7584
7540
7680
7684
7665
7703
8962
9016
8625
7771
6909
6117
5556
5331
5209
5181
5452
6149
6336
6626
7127
7410
7710
7907
7701
7626
7743
7750
7697
7698
8927
8842
8563
7715
6926
6190
5687
5427
5264
5235
5344
5559
5704
6173
6669
7109
7372
7433
7354
7096
6921
6828
6742
6837
8234
8393
8052
7227
6544
5972
5465
5200
5050
4957
4942
4948
4860
5175
5547
5827
6005
6185
6224
6138
6015
5918
5845
5997
7457
7689
7545
6897
6258
5684
5353
5114
4957
4915
4924
5004
4936
5223
5671
5990
6252
6456
6494
6377
6233
6144
6087
6254
7746
8101
7800
6976
6288
5711
5346
5159
5054
5055
5341
6019
6283
6581
7041
7339
7631
7842
7598
7560
7732
7733
7657
7668
8885
9047
8642
7753
6858
6055
5618
5390
5262
5259
5507
6230
6424
6747
7181
7447
7747
7972
7712
7662
7818
7816
7785
7736
8985
9119
8726
7845
6956
6169
5608
5382
5280
5262
5530
6259
6444
6736
7187
7407
7722
7915
7651
7647
7762
7754
7708
7727
9066
9124
8684
7842
6964
6211
5653
5409
5296
5287
5563
6253
6443
6745
7195
7471
7754
7942
7667
7661
7749
7772
7726
7748
8812
8936
8557
7727
7142
6339
5787
5492
5335
5307
5415
5630
5788
6353
6955
7301
7610
7696
7558
7288
7079
6913
6804
7024
8493
8685
8323
7472
6801
6061
5546
5240
5079
4983
4979
4933
4882
5177
5558
5860
6056
6243
6271
6194
6047
5944
5956
6105
7524
7817
7701
7012
6322
5722
5277
5106
5001
4994
5249
5924
6187
6553
7066
7369
7664
7879
7659
7606
7744
7814
7679
7657
8937
9048
8562
7731
6858
6050
5525
5330
5210
5180
5459
6151
6344
6681
7151
7429
7718
7903
7655
7652
7813
7797
7757
7722
9037
9205
8728
7825
6948
6119
5619
5392
5269
5269
5514
6217
6418
6799
7261
7505
7778
7936
7710
7703
7857
7872
7798
7789
9104
9278
8767
7903
7018
6235
5685
5433
5315
5298
5560
6271
6467
6801
7281
7519
7794
7995
7726
7736
7880
7896
7804
7825
9148
9277
8858
7995
7048
6275
5712
5466
5342
5328
5598
6258
6470
6784
7259
7508
7800
7970
7727
7665
7776
7819
7766
7800
9024
9058
8616
7759
6993
6292
5793
5536
5382
5340
5429
5610
5787
6290
6833
7141
7397
7532
7445
7205
7023
6917
6825
6859
8405
8649
8196
7376
6707
6055
5528
5231
5077
4978
4951
4944
4879
5206
5606
5952
6207
6296
6331
6231
6075
5959
5911
6043
7635
7904
7718
7108
6352
5744
5360
5166
5074
5058
5297
5977
6238
6602
7100
7404
7704
7913
7699
7634
7769
7758
7728
7687
8807
8977
8610
7823
6923
6156
5577
5382
5262
5242
5521
6186
6411
6735
7205
7486
7788
7963
7735
7739
7904
7872
7829
7751
9033
9153
8824
7893
6996
6198
5671
5440
5313
5305
5557
6267
6510
6816
7298
7564
7861
8036
7801
7788
7942
7936
7854
7815
8993
9127
8815
7981
7062
6252
5675
5440
5315
5305
5576
6260
6478
6773
7275
7541
7850
8046
7790
7774
7922
7915
7821
7786
8980
9103
8765
7954
7098
6327
5791
5537
5401
5395
5639
6267
6512
6815
7317
7593
7888
8073
7837
7772
7895
7857
7795
7708
8845
8948
8605
7796
7047
6350
5787
5514
5357
5310
5410
5618
5750
6259
6772
7082
7356
7513
7421
7197
7023
6929
6827
6958
8218
8412
8129
7377
6678
6044
5538
5282
5124
5021
5001
4971
4904
5235
5617
5872
6062
6226
6263
6166
6018
5937
5856
6019
7502
7721
7539
6942
6310
5730
5253
5014
4851
4784
4804
4850
4809
5135
5558
5907
6215
6437
6497
6387
6236
6147
6128
6283
7804
8150
7884
7135
6399
5754
5444
5268
5141
5131
5441
6107
6335
6685
7185
7465
7780
7949
7742
7746
7909
7906
7844
7799
8999
9203
8825
7928
7036
6219
5713
5501
5365
5346
5580
6214
6462
6811
7308
7576
7848
8045
7800
7764
7921
7911
7831
7777
9013
9198
8792
7965
7097
6295
5705
5476
5349
5340
5611
6258
6477
6832
7301
7580
7866
8062
7818
7800
7924
7931
7851
7792
9005
9144
8748
7956
7121
6339
5789
5534
5408
5402
5639
6257
6505
6820
7323
7623
7912
8096
7861
7794
7928
7890
7838
7759
9054
9067
8667
7831
7078
6356
5819
5562
5392
5345
5438
5604
5780
6310
6829
7152
7422
7575
7490
7250
7079
6960
6862
6988
8322
8506
8169
7410
6669
6026
5540
5273
5126
5031
5018
4981
4934
5270
5653
5911
6094
6257
6305
6211
6072
5974
5919
6112
7453
7764
7617
6995
6358
5770
5363
5132
4976
4922
4931
4937
4909
5278
5717
6075
6381
6608
6649
6519
6500
6416
6367
6595
7963
8317
8105
7298
6520
5719
5474
5288
5165
5174
5450
6078
6314
6676
7209
7515
7810
8000
7806
7796
7922
7916
7872
7990
8995
9196
8929
7973
7049
6243
5714
5491
5378
5355
5586
6115
6332
6714
7205
7547
7840
8011
7801
7757
7982
7949
7835
7777
8951
9153
8776
7837
6973
6199
5656
5442
5329
5292
5524
6139
6385
6754
7234
7511
7803
7983
7783
7822
7965
7970
7910
7836
9067
9162
8793
7956
7110
6338
5804
5564
5437
5406
5639
6248
6479
6859
7339
7703
7978
8163
7944
7881
8034
8001
7925
7856
8870
9063
8702
7895
7028
6318
6015
5648
5556
5427
5523
5700
5791
6419
7044
7350
7609
7776
7670
7427
7221
7083
6973
7036
8330
8579
8302
7498
6708
6217
5799
5615
5388
5250
5200
5162
5042
5426
5816
5897
6156
6553
6481
6334
6409
6327
6119
6435
7582
7872
7755
7075
6439
6003
5329
5093
4994
4984
5192
5736
6040
6605
7263
7591
7962
8177
7885
7861
8029
8007
7872
7801
8983
9185
8807
7889
6997
6125
5632
5395
5278
5285
5495
6065
6446
6879
7422
7612
7749
7933
7720
7675
7827
7845
7756
7622
8881
9124
8866
7811
6965
6235
5601
5378
5257
5250
5479
5946
6235
6641
7165
7456
7756
7943
7726
7662
7800
7799
7745
7647
8890
9105
8699
7819
6958
6180
5611
5373
5259
5240
5446
5945
6247
6673
7165
7450
7745
7945
7739
7710
7826
7832
7738
7672
8820
8991
8581
7824
6989
6184
5645
5396
5295
5267
5473
5988
6273
6679
7189
7461
7768
7957
7729
7647
7788
7747
7654
7571
8701
8904
8480
7687
6930
6231
5775
5496
5304
5251
5293
5450
5627
6206
6803
7146
7433
7613
7482
7255
7067
6935
6840
6924
8240
8465
8083
7350
6635
5890
5396
5111
4959
4859
4846
4803
4753
5083
5458
5727
5931
6095
6145
6043
5902
5799
5760
5863
7169
7516
7392
6777
6214
5631
5376
5138
4997
4928
4944
4928
4898
5209
5648
6009
6294
6557
6561
6482
6356
6279
6180
6331
7818
8167
7860
7085
6406
5795
5477
5261
5162
5154
5359
5821
6150
6582
7130
7434
7755
7958
7787
7746
7882
7869
7795
7721
8965
9178
8840
7843
7021
6232
5702
5482
5355
5342
5528
6000
6272
6707
7242
7509
7830
8029
7822
7785
7906
7909
7833
7770
9047
9268
8849
7897
7035
6273
5692
5456
5340
5326
5524
5984
6301
6734
7248
7528
7826
8029
7829
7791
7908
7896
7803
7716
9025
9113
8743
7899
7040
6251
5746
5512
5400
5374
5551
5956
6290
6751
7293
7574
7856
8061
7857
7789
7901
7865
7787
7755
9002
9129
8637
7792
7158
6345
5815
5568
5412
5374
5464
5596
5750
6283
6862
7163
7436
7633
7514
7300
7111
6950
6859
6890
8369
8601
8230
7539
6707
6076
5578
5312
5137
5033
5022
4967
4924
5263
5637
5906
6127
6303
6378
6270
6153
6063
6023
6175
7732
8072
7900
7215
6450
5860
5430
5225
5096
5076
5297
5881
6154
6587
7172
7563
7912
8143
7869
7828
7995
7968
7859
7792
8978
9170
8788
7786
6961
6174
5640
5389
5268
5272
5487
6044
6283
6689
7181
7478
7831
8019
7753
7795
7910
7927
7815
7756
8999
9267
8865
7931
7022
6256
5710
5476
5358
5326
5560
6132
6386
6759
7267
7534
7836
8082
7841
7826
8063
8013
7851
7787
8983
9294
8916
7928
7063
6261
5733
5505
5383
5345
5573
6150
6390
6763
7254
7551
7846
8037
7817
7807
7928
7942
7871
7725
8933
9038
8716
7916
7056
6256
5771
5524
5404
5379
5594
6162
6389
6783
7286
7567
7836
8035
7822
7781
7904
7880
7788
7642
8847
8978
8594
7774
7017
6311
5822
5561
5426
5368
5464
5615
5802
6306
6854
7205
7471
7652
7564
7345
7145
7013
6899
6903
8144
8482
8088
7402
6714
6101
5574
5328
5166
5053
5029
4991
4947
5263
5669
5940
6161
6345
6429
6330
6177
6084
6038
6101
7439
7790
7653
7103
6499
5901
5366
5147
5028
5031
5248
5846
6115
6532
7062
7384
7695
7929
7690
7661
7852
7839
7709
7733
8989
9164
8670
7812
6979
6190
5649
5407
5293
5280
5488
6046
6312
6696
7179
7482
7809
7950
7744
7695
7841
7866
7796
7626
8670
8892
8619
7839
6978
6209
5651
5418
5300
5277
5530
6054
6259
6634
7134
7394
7671
7865
7653
7610
7764
7750
7689
7566
8734
9022
8627
7852
7001
6209
5717
5479
5353
5323
5536
6114
6349
6706
7198
7482
7775
7965
7755
7724
7857
7869
7807
7717
8839
8996
8635
7831
6993
6220
5549
5327
5160
5107
5133
5137
5073
5469
5880
6232
6450
6672
6693
6520
6382
6249
6189
6255
7516
7988
7862
7116
6506
5863
5766
5505
5344
5302
5404
5544
5708
6206
6769
7188
7501
7686
7510
7309
7029
6892
6793
6780
8082
8364
8017
7336
6698
6073
5594
5324
5164
5073
5050
4994
4922
5231
5596
5894
6125
6304
6380
6262
6131
6044
5991
6073
7391
7765
7661
7074
6481
5891
5434
5217
5099
5104
5321
5872
6125
6593
7140
7474
7775
7976
7796
7742
7898
7891
7802
7699
8793
9052
8663
7840
7004
6218
5669
5432
5338
5317
5529
6062
6319
6729
7249
7543
7823
8041
7827
7783
7926
7938
7846
7713
8921
9180
8764
7913
7061
6251
5728
5482
5352
5337
5588
6125
6367
6759
7247
7512
7805
7984
7793
7754
7911
7914
7833
7746
8869
9142
8720
7903
7063
6261
5733
5501
5374
5356
5540
6138
6379
6764
7243
7542
7820
7997
7803
7776
7919
7925
7866
7765
8804
9092
8730
7921
7070
6246
5745
5518
5414
5393
5597
6114
6359
6768
7287
7561
7825
8025
7795
7750
7874
7871
7799
7686
8668
8864
8579
7788
7022
6339
5835
5563
5403
5340
5432
5585
5724
6222
6809
7150
7447
7608
7481
7235
7063
6928
6843
6856
8045
8353
8075
7342
6714
6073
5615
5337
5195
5111
5079
5059
4938
5186
5578
5881
6103
6274
6346
6251
6113
6009
5986
6062
7417
7791
7674
7100
6495
5860
5459
5238
5114
5100
5329
5907
6136
6587
7107
7437
7753
7981
7777
7730
7871
7865
7788
7679
8744
8926
8646
7824
7004
6214
5667
5448
5336
5313
5531
6120
6350
6716
7236
7538
7803
8009
7806
7774
7919
7913
7822
7692
8831
9031
8718
7879
7050
6239
5717
5482
5356
5341
5589
6185
6392
6775
7266
7537
7829
8015
7790
7779
7916
7910
7851
7731
8828
9093
8721
7925
7107
6310
5788
5558
5430
5394
5597
6217
6438
6808
7302
7572
7869
8048
7807
7813
7963
7982
7913
7836
8880
9117
8732
7920
7107
6306
5740
5538
5419
5425
5627
6150
6397
6786
7279
7537
7839
8007
7769
7742
7857
7831
7745
7607
8635
8818
8551
7788
7028
6342
5759
5521
5377
5320
5405
5543
5698
6207
6767
7109
7399
7556
7459
7232
7031
6907
6810
6802
7958
8296
8039
7333
6668
6047
5554
5284
5127
5026
5002
4959
4879
5176
5548
5827
6078
6261
6326
6236
6105
5999
5929
6037
7335
7731
7646
7090
6514
5884
5345
5144
5018
5002
5228
5815
6038
6457
6975
7297
7599
7792
7603
7593
7762
7791
7608
7510
8523
8725
8448
7607
6793
6033
5452
5226
5080
5007
5045
5098
5050
5362
5738
6066
6402
6625
6638
6507
6387
6289
6163
6219
7645
7994
7703
6932
6277
5673
5578
5352
5237
5224
5515
6089
6309
6641
7126
7397
7689
7865
7654
7593
7728
7745
7674
7593
8697
8922
8615
7758
6942
6145
5677
5457
5341
5309
5496
6075
6279
6625
7108
7404
7666
7826
7603
7565
7678
7665
7582
7547
8512
8791
8515
7705
6963
6195
5682
5482
5365
5358
5590
6150
6348
6727
7200
7500
7809
7946
7698
7636
7749
7745
7672
7520
8497
8762
8466
7671
6934
6232
5711
5459
5315
5268
5351
5509
5633
6123
6656
6992
7266
7424
7318
7069
6913
6769
6658
6705
7819
8171
7902
7199
6527
5955
5489
5234
5075
4990
4975
4937
4856
5171
5497
5790
6010
6169
6246
6138
6041
5930
5860
5955
7222
7639
7539
6963
6401
5826
5402
5192
5068
5053
5288
5890
6123
6570
7084
7449
7748
7920
7749
7710
7868
7869
7754
7672
8558
8817
8562
7785
6949
6172
5603
5402
5305
5290
5532
6151
6332
6670
7160
7458
7737
7904
7693
7672
7809
7793
7713
7608
8602
8874
8644
7818
6985
6197
5672
5464
5358
5341
5596
6225
6429
6742
7257
7513
7790
7965
7741
7721
7872
7863
7778
7691
8665
8968
8719
7920
7109
6284
5713
5497
5402
5354
5592
6240
6424
6749
7257
7558
7841
8015
7781
7766
7921
7911
7827
7747
8698
8924
8670
7868
7069
6277
5753
5526
5407
5382
5636
6231
6443
6792
7295
7575
7855
8013
7802
7753
7894
7858
7779
7629
8574
8826
8531
7778
7014
6321
5790
5556
5417
5364
5435
5594
5719
6202
6731
7088
7331
7491
7396
7154
6981
6844
6736
6785
7962
8258
7971
7296
6615
6006
5577
5302
5152
5057
5039
5007
4889
5222
5566
5846
6050
6200
6257
6163
6040
5940
5891
6016
7253
7615
7483
6947
6405
5797
5350
5103
4960
4896
4894
4908
4858
5192
5625
5969
6259
6473
6496
6364
6219
6114
6066
6146
7287
7803
7629
7022
6410
5788
5480
5276
5177
5153
5408
6006
6250
6631
7146
7432
7732
7912
7686
7698
7836
7827
7752
7673
8614
8939
8672
7813
6936
6142
5662
5447
5342
5320
5566
6175
6388
6755
7250
7513
7802
7978
7740
7738
7888
7898
7835
7752
8666
8985
8720
7874
7044
6248
5621
5394
5290
5256
5496
6118
6300
6640
7125
7414
7706
7893
7631
7650
7816
7796
7722
7673
8615
8893
8608
7799
6968
6182
5655
5433
5289
5271
5511
6136
6345
6713
7191
7456
7748
7937
7684
7662
7809
7780
7736
7629
8513
8738
8470
7667
6930
6224
5715
5468
5328
5269
5365
5530
5676
6162
6734
7085
7370
7482
7380
7160
6989
6861
6764
6833
7956
8267
8043
7287
6608
6002
5538
5282
5101
5000
4980
4946
4836
5129
5512
5819
6055
6240
6286
6205
6043
5939
5882
6016
7254
7646
7552
7040
6421
5818
5484
5275
5148
5130
5356
5976
6216
6603
7105
7408
7706
7916
7732
7664
7841
7837
7759
7671
8575
8929
8647
7837
7013
6213
5653
5433
5335
5302
5542
6184
6395
6722
7223
7494
7807
7964
7738
7718
7876
7895
7824
7712
8647
8942
8720
7865
7038
6218
5683
5457
5366
5336
5607
6236
6444
6777
7294
7565
7856
8027
7793
7776
7954
7943
7854
7778
8698
9015
8736
7956
7120
6321
5761
5528
5419
5383
5623
6250
6454
6801
7279
7568
7865
8046
7813
7795
7949
7933
7859
7808
8709
8951
8714
7928
7116
6307
5772
5545
5412
5386
5641
6269
6474
6840
7317
7585
7875
8050
7807
7767
7915
7897
7862
7768
8654
8828
8568
7776
7059
6344
5834
5575
5443
5375
5464
5627
5789
6291
6867
7233
7502
7603
7505
7281
7123
6990
6877
6913
8066
8395
8134
7408
6716
6107
5630
5378
5216
5120
5107
5054
4938
5289
5693
5975
6204
6377
6413
6322
6166
6056
5995
6097
7432
7816
7741
7122
6526
5938
5454
5244
5131
5115
5367
5986
6230
6620
7154
7478
7774
7985
7791
7741
7903
7889
7810
7699
8598
8940
8690
7809
6979
6187
5614
5409
5299
5276
5536
6162
6381
6745
7243
7521
7804
7955
7737
7732
7889
7908
7844
7750
8740
8985
8750
7877
7031
6238
5692
5466
5362
5356
5627
6251
6483
6802
7311
7584
7883
8061
7825
7800
7965
7966
7926
7848
8904
9125
8818
7962
7133
6340
5759
5537
5436
5402
5634
6256
6472
6809
7288
7578
7869
8048
7820
7816
7964
7952
7911
7858
8879
9091
8759
7940
7128
6322
5776
5559
5424
5406
5668
6261
6473
6857
7349
7604
7908
8078
7852
7813
7955
7931
7878
7820
8739
8911
8600
7803
7061
6356
5841
5583
5446
5383
5467
5657
5796
6312
6891
7381
7637
7764
7662
7436
7260
7062
6979
7069
8209
8535
8269
7546
6819
6156
5669
5486
5301
5185
5134
5124
4974
5303
5685
6047
6314
6530
6578
6474
6352
6246
6201
6385
7696
8117
8036
7318
6549
6014
5550
5260
5145
5132
5430
6280
6469
6999
7466
7763
8057
8264
8020
7777
8129
8191
8111
7878
8836
9189
8961
8179
7423
6600
5676
5468
5365
5336
5529
6121
6329
6695
7207
7494
7792
7947
7719
7718
7870
7900
7829
7807
8901
9201
8887
7984
7078
6270
5734
5503
5397
5384
5657
6286
6506
6818
7338
7611
7903
8276
7835
7816
8198
8174
7931
7867
8939
9202
8911
7981
7360
6562
6047
5813
5714
5685
5924
6472
6678
6976
7472
7781
8048
8217
8004
8007
8148
8137
8075
8049
9009
9230
8947
8132
7407
6602
5968
5730
5615
5589
5854
6438
6695
7052
7531
7777
8087
8238
7968
7962
8111
8093
8028
7933
8727
8900
8579
7954
7081
6371
5916
5629
5461
5399
5501
5686
5851
6447
7090
7516
7791
7938
7824
7646
7457
7241
7138
7173
8329
8584
8333
7702
6984
6277
5723
5564
5401
5284
5256
5232
5025
5418
5817
6142
6360
6530
6612
6525
6333
6260
6190
6297
7528
7878
7847
7418
6728
6082
5595
5392
5273
5217
5511
6279
6474
6881
7316
7790
7954
8256
8043
8020
8174
8184
8128
8039
8911
9156
8932
8167
7126
6407
6025
5803
5686
5689
5925
6531
6742
7099
7657
7911
8217
8375
8132
8147
8310
8310
8218
8063
9008
9204
8973
8211
7446
6683
6043
5815
5716
5700
5967
6542
6724
7076
7562
7816
8113
8270
8019
8008
8169
8148
8086
8009
9073
9334
9103
8105
7375
6641
6140
5921
5819
5801
6022
6554
6752
7026
7510
7790
8068
8257
8029
8014
8154
8134
8076
7999
8905
9276
8869
8114
7393
6659
6101
5873
5746
5728
5972
6514
6723
7105
7578
7868
8136
8296
8070
8052
8177
8152
8094
7986
8917
8990
8773
8053
7371
6709
6151
5899
5756
5669
5769
5915
6060
6532
7118
7483
7714
7878
7770
7564
7361
7250
7165
7188
8267
8452
8279
7627
6974
6379
5924
5661
5509
5409
5384
5332
5114
5478
5874
6141
6347
6536
6558
6468
6324
6223
6127
6265
7585
7957
7893
7361
6804
6019
5742
5535
5389
5381
5678
6289
6549
6943
7447
7776
8033
8247
8056
8026
8158
8131
8065
7983
8875
9050
8758
8024
7223
6488
5975
5787
5689
5648
5893
6495
6733
7091
7582
7869
8110
8269
8054
8071
8205
8201
8135
8032
8889
9068
8796
8090
7270
6593
6027
5814
5706
5722
5961
6504
6716
7040
7522
7809
8108
8254
8033
8028
8171
8155
8084
8030
8928
9089
8777
8045
7284
6534
6061
5850
5732
5729
5976
6513
6721
7057
7525
7763
8036
8227
8031
8021
8146
8142
8065
7981
8928
9099
8792
8032
7291
6574
6183
5899
5781
5752
6065
6616
6876
7246
7749
8016
8235
8170
8176
8172
8079
8071
8205
8158
8933
9017
8710
8128
7495
6833
6131
5876
5734
5669
5757
5881
6028
6577
7266
7570
7836
7973
7887
7668
7459
7362
7267
7339
8437
8557
8329
7626
7010
6365
5694
5432
5264
5157
5142
5110
5036
5372
5774
6055
6281
6464
6525
6436
6265
6151
6094
6265
7669
7910
7789
7182
6568
5952
5765
5566
5453
5382
5685
6268
6500
6871
7369
7677
7967
8170
7959
7929
8087
8045
7962
7912
8932
9077
8754
7952
7173
6503
5708
5517
5415
5370
5613
6378
6609
6966
7473
7776
8052
8217
8009
8020
8165
8174
8110
8037
8998
9178
8876
8075
7193
6440
5785
5567
5454
5455
5638
6313
6545
6910
7407
7694
7996
8170
7924
7936
8094
8062
7987
7916
8900
9143
8700
7967
7153
6479
5823
5598
5684
5718
5955
6445
6705
7039
7523
7783
8074
8277
8074
8066
8195
8180
8098
8012
8992
9271
8796
8083
7284
6582
5823
5613
5504
5678
5723
6386
6637
7018
7547
7802
8090
8249
8039
8031
8140
8081
8010
7974
8956
8995
8673
7970
7269
6577
5955
5883
5777
5742
5814
5930
6033
6421
7059
7439
7658
7827
7705
7457
7244
7148
7046
7130
8294
8419
8164
7427
6770
6368
5714
5444
5282
5175
5154
5119
5051
5381
5766
6060
6290
6464
6526
6429
6270
6153
6090
6304
7734
7939
7816
7195
6605
5950
5500
5299
5168
5151
5350
5839
6214
6719
7298
7618
7896
8098
7947
7897
8048
8034
7967
7953
9068
9027
8729
7923
7086
6305
5745
5540
5423
5415
5624
6112
6415
6868
7379
7701
7976
8156
7983
7945
8084
8093
8027
8041
9161
9245
8965
7965
7108
6351
5791
5563
5459
5450
5666
6131
6490
6934
7430
7752
8023
8172
7986
7978
8130
8133
8061
8045
9145
9254
8932
8009
7189
6411
6052
5617
5496
5588
5814
6337
6473
7059
7666
7900
8014
8184
8003
7990
8250
8130
7983
8150
9160
9117
8981
8153
7244
6605
5839
5618
5491
5460
5650
6088
6429
6886
7424
7736
8033
8200
8141
8119
8246
8217
8156
8197
9051
9060
8767
7900
7171
6479
5912
5655
5524
5484
5560
5724
5850
6353
6885
7245
7486
7631
7517
7290
7102
7017
6964
7138
8330
8470
8135
7416
6702
6102
5637
5387
5227
5148
5108
5071
5010
5328
5687
5956
6175
6335
6409
6314
6192
6126
6073
6305
7731
7867
7641
7050
6496
5904
5405
5174
5027
4959
4924
4968
4868
5201
5621
5989
6280
6503
6548
6435
6308
6195
6161
6367
7761
8131
7912
7158
6491
5822
5527
5319
5209
5209
5465
6080
6380
6753
7240
7569
7863
8030
7844
7852
7999
8036
7975
8063
9217
9222
8834
7932
7054
6275
5770
5541
5435
5404
5666
6293
6560
6892
7346
7643
7937
8129
7923
7970
8120
8110
8075
8107
9128
9196
8941
8039
7219
6377
5844
5609
5501
5469
5718
6313
6594
6919
7393
7680
7936
8137
7907
7919
8028
8025
8004
8036
9159
9205
8867
7957
7162
6348
5821
5599
5475
5458
5702
6298
6569
6912
7397
7670
7960
8318
8125
8132
8249
8240
8167
8218
9319
9393
9039
8164
7381
6482
5937
5670
5539
5479
5546
5796
5973
6497
7055
7386
7687
7852
7759
7542
7328
7209
7157
7518
8749
8816
8495
7642
6933
6134
5718
5466
5282
5189
5162
5101
5018
5342
5743
6027
6265
6485
6617
6549
6383
6306
6291
6634
8085
8268
8139
7416
6763
5925
5446
5246
5138
5086
5309
5882
6172
6599
7101
7415
7711
8082
7905
7886
8023
8019
7957
8074
9151
9198
8949
7997
7117
6108
5544
5329
5231
5197
5433
6056
6334
6694
7166
7442
7851
8194
7991
8001
8163
8174
8094
8161
9183
9245
8950
8024
7145
6149
5571
5332
5235
5220
5463
6089
6363
6729
7182
7464
7752
8050
7847
7859
7997
7982
7930
8159
9272
9328
8982
8041
7168
6172
5646
5412
5304
5277
5502
6215
6523
6872
7314
7590
7861
8144
7963
7964
8096
8092
8014
8068
9163
9207
8739
8006
7055
6177
5640
5406
5279
5271
5505
6106
6399
6786
7279
7560
7926
8189
8022
7997
8122
8102
8039
8090
9172
9177
8752
7867
7118
6298
5794
5528
5392
5343
5442
5609
5785
6297
6834
7268
7504
7667
7685
7471
7267
7135
7066
7295
8546
8580
8269
7409
6702
5992
5563
5313
5136
5045
5027
4989
4937
5257
5651
6022
6259
6423
6480
6393
6240
6146
6103
6510
7967
8101
7980
7255
6600
5800
5359
5155
5058
5043
5282
5900
6191
6595
7107
7417
7758
8167
7984
7962
8084
8092
8042
8162
9251
9264
8963
8062
7142
6129
5557
5337
5231
5218
5459
6098
6361
6723
7213
7608
7890
8237
8037
8051
8193
8212
8147
8236
9202
9219
8962
8120
7157
6138
5632
5400
5290
5296
5525
6142
6417
6785
7277
7662
7942
8292
8117
8137
8263
8259
8187
8257
9364
9406
9045
8197
7238
6236
5692
5463
5356
5336
5567
6179
6459
6811
7308
7579
7892
8176
8007
7992
8113
8111
8055
8139
9147
9165
8855
7924
7114
6237
5705
5473
5339
5339
5573
6142
6436
6792
7395
7682
7964
8282
8127
8117
8195
8190
8166
8250
9263
9265
8929
8046
7298
6392
5734
5495
5357
5304
5401
5570
5713
6208
6815
7178
7428
7589
7600
7369
7200
7098
7044
7316
8417
8456
8116
7458
6753
6047
5538
5282
5120
5041
5023
5002
4901
5211
5623
5887
6078
6260
6344
6245
6096
6027
6003
6449
7783
7894
7748
7129
6487
5717
5298
5070
4921
4867
4889
4996
4958
5296
5852
6211
6506
6828
6916
6797
6635
6570
6499
6791
8081
8249
8081
7330
6564
5720
5399
5202
5096
5108
5369
6026
6267
6668
7308
7616
7936
8267
8078
8078
8199
8230
8167
8244
9175
9199
8908
8082
7192
6091
5616
5402
5294
5301
5533
6174
6450
6791
7259
7534
7808
8164
7994
7992
8120
8125
8092
8190
9219
9268
8912
8060
7211
6208
5658
5445
5331
5325
5558
6292
6573
6912
7387
7658
7920
8175
8011
8015
8146
8145
8090
8184
9221
9246
8852
8019
7170
6178
5668
5445
5322
5305
5550
6281
6553
6898
7388
7672
7954
8192
8007
8002
8114
8116
8028
8130
9224
9225
8908
8068
7207
6310
5756
5508
5360
5325
5424
5589
5724
6228
6753
7127
7389
7543
7572
7313
7147
7019
6952
7208
8452
8470
8159
7399
6683
5974
5565
5312
5154
5074
5059
5014
4962
5234
5607
5874
6084
6251
6332
6236
6103
6027
5988
6454
7759
7888
7705
7059
6473
5700
5374
5136
4990
4935
4960
5062
5029
5367
5814
6208
6517
6845
6890
6781
6646
6571
6514
6754
8216
8408
8170
7388
6590
5728
5457
5237
5147
5162
5429
6068
6337
6682
7195
7487
7793
8138
7953
7966
8082
8118
8072
8185
9399
9420
9065
7955
7086
6106
5675
5451
5346
5337
5573
6328
6652
7001
7445
7711
8011
8279
8071
8104
8223
8224
8170
8286
9437
9469
9107
8099
7267
6260
5734
5509
5401
5381
5618
6102
6367
6695
7169
7420
7828
8205
8034
8023
8151
8176
8095
8216
9333
9353
9023
8116
7259
6251
5712
5479
5350
5349
5582
6188
6457
6814
7278
7558
7851
8199
8002
8012
8120
8130
8059
8165
9212
9218
8871
8043
7252
6308
5841
5576
5433
5382
5474
5660
5842
6390
6933
7266
7524
7674
7677
7322
7091
6969
6920
7398
8759
8794
8534
7623
6906
6082
5655
5397
5224
5130
5111
5067
5004
5344
5734
6027
6231
6418
6454
6378
6213
6140
6109
6597
8035
8148
8002
7283
6660
5868
5459
5240
5116
5120
5347
6028
6437
6830
7362
7670
7976
8279
8100
8095
8227
8247
8209
8314
9411
9445
9113
8181
7214
6177
5690
5466
5332
5242
5479
6024
6331
6705
7218
7507
7855
8241
8046
8038
8172
8194
8153
8286
9381
9353
9029
8090
7150
6136
5619
5402
5290
5265
5487
6011
6376
6767
7226
7510
7859
8260
8072
8068
8179
8173
8128
8255
9393
9362
9039
8028
7195
6186
5668
5430
5316
5300
5533
6090
6387
6860
7361
7616
7898
8301
8141
8136
8236
8197
8152
8312
9538
9488
9177
8107
7251
6290
5816
5583
5453
5443
5669
6183
6511
6909
7400
7681
7963
8333
8150
8162
8245
8244
8174
8302
9462
9402
9114
8081
7320
6397
5938
5670
5524
5471
5571
5729
5906
6448
6981
7334
7597
7726
7751
7560
7336
7217
7173
7549
8940
8910
8656
7720
7020
6196
5710
5439
5267
5179
5155
5197
5140
5467
5851
6134
6362
6542
6609
6526
6360
6280
6307
6730
8139
8171
8030
7349
6681
5911
5490
5280
5157
5149
5381
5992
6292
6687
7201
7508
7804
8205
8041
8000
8132
8148
8108
8212
9422
9391
9088
8087
7192
6184
5679
5451
5336
5416
5516
6139
6479
6897
7408
7713
8018
8282
8091
8096
8201
8223
8215
8368
9397
9382
9063
8140
7273
6265
5757
5526
5422
5400
5596
6083
6447
6863
7325
7613
7915
8333
8151
8142
8267
8244
8220
8324
9429
9435
9137
8200
7357
6329
5772
5537
5425
5422
5628
6192
6542
6968
7448
7735
7998
8289
8149
8125
8244
8255
8228
8353
9358
9332
9017
8100
7237
6339
5796
5560
5439
5429
5629
6101
6468
6875
7401
7668
7946
8310
8128
8135
8209
8236
8194
8248
9247
9212
8877
7990
7231
6410
5875
5612
5475
5411
5505
5675
5819
6413
6955
7304
7563
7710
7638
7441
7229
7112
7177
7495
8783
8782
8488
7653
6966
6158
5701
5434
5258
5149
5138
5091
5031
5364
5735
6028
6254
6433
6494
6423
6239
6174
6184
6621
8159
8221
8074
7303
6668
5905
5521
5296
5170
5149
5364
5806
6169
6659
7213
7529
7811
8196
8046
8035
8151
8167
8122
8264
9394
9418
9128
8185
7289
6321
5744
5515
5384
5355
5645
6084
6446
6893
7406
7696
8011
8215
8048
8028
8139
8183
8152
8325
9379
9431
9073
8110
7276
6293
5805
5569
5451
5433
5629
6095
6433
6907
7390
7685
7969
8263
8058
8051
8188
8224
8170
8359
9527
9484
9078
8113
7279
6361
5816
5584
5442
5446
5750
6183
6521
6972
7484
7756
8012
8241
8098
8074
8184
8164
8125
8315
9429
9457
8999
8104
7253
6340
5802
5554
5431
5412
5610
6084
6433
6864
7370
7642
7911
8214
8042
8052
8127
8165
8107
8221
9383
9240
8909
7907
7218
6361
5832
5523
5351
5252
5247
5364
5290
5639
6025
6423
6698
6913
6980
6878
6720
6631
6611
6782
8406
8469
8242
7427
6764
6024
5663
5396
5226
5112
5111
5087
4993
5322
5701
6148
6389
6565
6630
6531
6384
6277
6173
6557
8063
8133
7961
7278
6634
5911
5468
5227
5107
5087
5266
5692
6071
6579
7177
7507
7790
8134
8009
7947
8054
8064
8048
8212
9355
9334
8983
8089
7170
6247
5680
5424
5327
5285
5480
5922
6246
6739
7290
7601
7889
8181
8043
8001
8105
8124
8124
8302
9320
9307
9032
8141
7297
6303
5787
5538
5421
5413
5599
6028
6370
6858
7361
7666
7929
8246
8086
8012
8136
8139
8122
8323
9408
9310
9038
8110
7289
6339
5814
5560
5440
5422
5607
6036
6357
6866
7390
7638
7897
8210
8075
8054
8148
8144
8072
8279
9370
9346
9030
8182
7313
6396
5772
5528
5392
5370
5538
5964
6307
6796
7339
7627
7893
8219
8042
8004
8033
8067
8017
8187
9291
9169
8892
8041
7294
6401
5906
5619
5466
5417
5498
5643
5773
6281
6823
7177
7397
7571
7607
7414
7241
7129
7082
7377
8705
8658
8447
7640
6952
6207
5698
5401
5205
5115
5105
5083
5051
5484
5863
6165
6376
6527
6581
6486
6344
6248
6263
6523
7916
8017
7800
7179
6574
5968
5542
5281
5169
5140
5298
5712
6099
6606
7202
7536
7800
8150
8028
7938
8040
8038
8000
8077
9290
9221
8981
8113
7249
6308
5726
5481
5340
5275
5406
5843
6157
6662
7207
7527
7806
8095
7942
7892
7991
7967
7937
8136
9218
9268
8983
8151
7334
6363
5780
5523
5409
5384
5545
5964
6280
6770
7365
7651
7890
8195
8035
8019
8134
8119
8044
8188
9256
9290
8922
8105
7305
6341
5803
5535
5420
5389
5555
5936
6215
6731
7285
7552
7803
8103
7962
7940
8047
8021
7929
8051
9182
9246
8860
8100
7297
6366
5843
5602
5413
5371
5542
6029
6383
6918
7434
7703
7950
8122
8016
7939
7990
7950
7875
7980
9107
9096
8748
7968
7346
6479
5870
5564
5404
5330
5419
5680
5758
6202
6752
7068
7271
7452
7393
7209
7067
6983
6915
7190
8581
8640
8389
7586
6913
6179
5542
5258
5079
4969
4969
4982
4877
5164
5568
5870
6101
6279
6346
6250
6129
6046
6050
6621
8132
8247
8121
7304
6673
5798
5511
5178
4966
4909
4998
5197
5326
5797
6321
6587
6783
6884
6723
6532
6384
6268
6238
6658
8337
8471
8187
7502
6961
6284
5954
5576
5239
5015
4880
4765
4471
4563
4800
5028
5260
5472
5532
5509
5396
5333
5340
5663
7344
7571
7411
6699
6094
5522
5277
5059
4912
4882
5026
5326
5568
6077
6661
7083
7392
7756
7606
7520
7573
7532
7473
7637
9157
9249
8977
7975
7095
6127
5649
5363
5220
5181
5326
5714
5904
6388
6915
7202
7521
7857
7701
7620
7661
7604
7602
7741
9158
9272
8973
8108
7192
6202
5645
5387
5231
5191
5326
5767
5929
6404
6966
7285
7549
7871
7716
7601
7592
7525
7432
7600
9108
9175
8832
7969
7179
6276
5633
5338
5178
5116
5184
5313
5317
5714
6262
6579
6812
6966
7013
6838
6668
6568
6537
6951
8728
8824
8564
7731
6992
6104
5455
5163
4997
4876
4888
4923
4787
5022
5357
5628
5847
6009
6055
5998
5866
5761
5753
6191
7977
8086
7905
7167
6546
5733
5370
5090
4902
4829
4861
4980
5017
5426
5898
6191
6341
6453
6363
6196
6038
5939
5893
6288
7934
8058
7789
7134
6647
6166