6069.88
5827.25
5574.38
5395.87
5258.90
5119.88
4669.97
4683.66
4900.21
5102.76
5315.70
5509.26
5661.27
5626.86
5552.18
5481.66
5427.39
5515.89
6593.39
6956.26
6829.38
6560.07
6145.47
5738.18
5373.84
5195.33
5062.36
5015.11
5078.42
5185.08
5237.76
5729.83
6328.22
6718.53
7043.65
7258.55
7255.69
7212.09
7218.58
7169.99
7022.93
6989.57
7974.02
8217.84
7972.70
7536.92
6940.87
6378.80
5931.43
5598.25
5457.97
5425.35
5457.17
5530.97
5442.55
5805.35
6284.18
6724.04
7074.40
7241.11
7213.45
7060.61
6889.34
6855.29
6745.09
6777.26
7930.19
8296.67
8004.10
7497.19
6879.14
6339.05
5905.65
5614.80
5413.79
5307.44
5275.44
5282.39
5082.40
5317.36
5677.12
5982.25
6224.80
6423.08
6504.45
6464.53
6342.28
6272.40
6194.65
6252.76
7320.87
7714.66
7575.27
7226.66
6706.93
6172.30
5741.66
5461.23
5314.67
5303.21
5429.56
5794.78
6099.35
6635.32
7382.13
7649.92
7983.32
8212.06
8119.29
8099.80
8145.59
8157.78
8004.34
7886.03
8515.22
8745.41
8395.77
8065.00
7485.27
6837.23
6252.54
5898.11
5749.59
5654.07
5769.47
6127.82
6279.27
6773.40
7440.09
7824.60
8165.55
8374.29
8308.47
8293.39
8394.45
8327.80
8195.56
8026.55
8656.56
8889.26
8608.79
8138.59
7468.73
6807.94
6430.40
6196.99
5991.94
5881.53
5988.59
6341.63
6527.01
6986.37
7511.73
7876.02
8163.21
8378.12
8267.81
8252.73
8389.11
8394.08
8230.67
8055.90
8651.88
8825.63
8548.09
8134.21
7552.09
6941.23
6474.19
6214.41
6102.58
6046.91
6161.73
6432.57
6619.26
7101.56
7646.82
7928.37
8195.75
8417.78
8303.35
8247.35
8351.95
8313.40
8186.78
8081.89
8689.85
8816.72
8598.08
8142.23
7560.98
6944.84
6475.40
6212.91
6091.21
6029.35
6177.43
6489.01
6647.85
7120.85
7674.34
8028.77
8346.79
8515.92
8299.92
8264.81
8371.54
8386.93
8233.62
8090.12
8677.38
8803.94
8463.94
7923.76
7280.74
6688.01
6196.63
5963.21
5781.49
5710.76
5795.68
5931.72
5970.42
6390.63
6987.82
7383.36
7669.44
7842.39
7752.95
7556.95
7370.94
7344.83
7230.92
7251.86
8164.00
8404.49
8155.60
7665.79
7045.17
6535.32
6071.84
5794.96
5662.45
5548.39
5500.84
5513.95
5320.23
5549.61
5926.21
6276.48
6501.38
6701.48
6758.83
6666.44
6474.86
6423.96
6368.97
6408.97
7354.19
7723.30
7525.94
7215.92
6723.57
6205.64
5804.27
5597.12
5428.63
5359.43
5362.16
5425.45
5282.65
5569.61
6002.00
6389.52
6714.21
7046.39
7089.50
7058.38
6912.77
6789.21
6684.11
6701.15
7791.99
8351.60
8060.44
7601.84
7024.30
6477.84
5976.89
5713.62
5595.77
5536.54
5690.86
6047.04
6272.89
6832.59
7432.93
7868.21
8282.07
8542.47
8401.94
8355.75
8467.81
8397.40
8269.77
8071.12
8869.45
9069.92
8788.31
8228.87
7521.78
6836.46
6362.28
6135.56
5990.77
5927.58
6078.71
6442.43
6681.58
7201.59
7742.98
8133.15
8537.00
8823.35
8678.07
8694.20
8833.77
8817.87
8590.63
8327.93
9030.25
9190.57
8898.93
8438.57
7696.85
6770.68
6262.82
6004.42
5788.65
5728.51
5868.08
6240.20
6474.73
7023.57
7777.22
8253.39
8600.62
8845.77
8656.39
8661.57
8786.49
8786.71
8663.03
8466.05
9049.28
9228.21
8929.47
8504.34
7701.39
6903.03
6566.56
6329.41
6160.25
6118.35
6255.80
6648.17
6914.29
7466.17
8039.05
8283.97
8617.60
8862.16
8746.30
8687.51
8819.85
8825.82
8551.52
8335.25
9104.92
9219.82
8927.20
8529.03
7800.85
7213.16
6747.30
6446.05
6266.82
6189.44
6264.22
6403.44
6518.31
6936.90
7508.27
7916.41
8255.52
8431.97
8319.80
8085.08
7840.67
7744.31
7605.29
7678.81
8520.80
8690.84
8431.57
7975.62
7327.03
6832.51
6387.35
6092.42
5934.77
5834.82
5804.10
5819.09
5601.85
5811.56
6228.86
6560.28
6825.68
7027.89
6979.51
6828.49
6622.51
6517.18
6427.39
6567.77
7604.88
8012.83
7876.69
7470.08
6915.45
6408.29
6026.37
5725.52
5574.77
5540.40
5743.09
6382.30
6758.82
7200.40
7798.77
8120.07
8436.70
8684.62
8473.92
8405.33
8601.87
8619.27
8491.63
8317.86
9071.14
9265.47
8942.01
8411.65
7591.83
6932.58
6365.03
6067.11
5875.86
5845.79
6046.59
6689.01
7106.68
7504.78
7993.41
8206.47
8576.18
8824.52
8627.46
8580.43
8699.47
8666.42
8525.82
8353.75
9046.91
9250.84
8976.98
8454.92
7589.83
6768.30
6410.18
6188.42
6029.89
5980.43
6164.27
6678.29
6905.30
7278.53
7942.83
8239.25
8544.35
8739.38
8516.30
8514.20
8719.37
8731.33
8542.32
8388.75
9093.05
9274.04
8880.45
8327.75
7483.80
6702.38
6338.84
6081.91
5883.58
5827.46
5993.32
6520.87
6776.84
7109.69
7721.97
8040.85
8354.30
8575.74
8268.78
8254.57
8518.75
8453.86
8371.35
8211.94
9060.49
9183.89
8853.19
8161.57
7292.02
6591.00
6114.08
5878.13
5755.87
5738.59
5909.00
6469.43
6780.36
7151.87
7650.25
7933.42
8278.18
8511.17
8326.67
8223.40
8391.02
8421.61
8231.83
8095.12
9031.61
9209.21
8786.90
8095.15
7371.45
6718.05
6245.87
6020.33
5862.44
5771.83
5873.63
6094.05
6204.15
6687.36
7249.40
7583.49
7838.63
8026.09
7947.87
7759.27
7632.75
7546.92
7387.37
7380.41
8306.16
8649.31
8365.31
7755.54
7094.99
6554.24
6084.64
5861.07
5654.10
5536.44
5504.58
5522.82
5405.97
5643.35
6059.95
6393.83
6603.13
6760.72
6888.85
6860.07
6690.68
6586.29
6482.39
6465.28
7512.81
8127.95
7990.06
7571.21
7056.74
6447.16
5999.94
5777.89
5651.79
5595.00
5843.48
6453.30
6655.90
7083.64
7659.74
7975.43
8380.80
8609.50
8399.59
8436.19
8653.29
8599.42
8457.04
8284.24
9041.27
9400.28
9010.18
8319.96
7379.59
6667.80
6277.85
6073.78
5933.50
5928.30
6145.05
6765.57
6984.29
7345.70
7850.12
8156.35
8510.07
8663.72
8417.03
8492.37
8663.06
8651.62
8476.23
8287.52
9061.35
9412.80
8997.19
8365.32
7481.68
6793.98
6335.44
6101.29
5952.97
5874.51
6118.94
6724.56
6950.19
7270.28
7763.27
8079.38
8450.93
8644.63
8370.51
8469.12
8681.54
8661.96
8449.07
8178.75
8982.96
9421.27
9078.04
8424.57
7539.04
6798.53
6299.80
6073.16
5921.36
5894.62
6124.02
6714.48
6920.16
7211.95
7707.06
8079.61
8403.75
8598.83
8382.14
8415.32
8673.14
8716.63
8530.08
8297.00
9057.59
9448.79
9087.35
8412.19
7549.51
6839.33
6346.03
6090.81
5952.95
5899.36
6113.87
6689.95
6911.42
7263.47
7800.02
8138.21
8548.40
8704.01
8480.67
8484.19
8654.89
8605.94
8547.43
8310.68
9021.35
9232.83
8843.05
8306.28
7546.56
6913.31
6433.53
6147.39
5969.66
5906.60
5954.98
6161.99
6313.99
6774.72
7327.07
7683.63
7954.55
8124.75
8044.88
7811.68
7646.93
7500.99
7348.62
7307.05
8233.75
8693.96
8427.58
7815.49
7186.96
6617.58
6206.68
5889.31
5723.61
5600.36
5522.28
5524.72
5385.80
5590.09
5977.91
6224.90
6545.43
6732.54
6780.47
6755.84
6635.75
6579.35
6499.72
6506.70
7524.96
8168.96
8005.31
7524.26
6908.34
6323.98
5900.08
5693.72
5565.72
5527.82
5791.47
6496.04
6678.83
7017.40
7572.93
7900.15
8362.58
8580.61
8361.27
8414.80
8628.35
8626.59
8475.17
8272.22
8923.85
9407.59
9095.94
8403.62
7396.08
6635.36
6212.03
5986.64
5816.19
5819.71
6060.82
6797.25
6948.29
7192.19
7689.26
8003.68
8395.38
8685.65
8404.09
8466.14
8705.29
8611.34
8482.57
8245.49
8981.38
9441.55
9145.55
8407.89
7431.46
6690.32
6254.47
6067.20
5913.14
5909.53
6161.88
6889.85
7033.44
7285.23
7786.93
8209.19
8573.19
8718.19
8550.24
8593.64
8801.05
8806.58
8685.73
8379.49
9120.35
9597.87
9342.51
8689.83
7680.99
6909.07
6374.12
6191.45
6054.86
6010.99
6274.54
6967.29
7083.40
7377.26
7849.39
8198.27
8479.20
8807.98
8550.80
8638.09
8904.85
8870.81
8680.14
8444.77
9183.40
9592.53
9312.68
8625.46
7658.05
6848.82
6413.77
6241.97
6088.50
6036.28
6328.60
7033.38
7212.34
7488.46
7986.82
8298.06
8589.01
8774.88
8474.00
8491.26
8730.71
8716.27
8468.48
8283.79
8997.90
9343.39
8961.86
8311.49
7471.41
6822.55
6375.05
6148.67
6009.40
5913.10
5998.23
6215.55
6375.20
6821.23
7362.56
7708.45
8101.16
8270.93
8201.46
8000.56
7779.89
7694.91
7573.85
7656.44
8584.85
8845.64
8431.21
7841.79
7115.74
6514.76
6120.56
5821.57
5656.72
5502.11
5452.79
5476.38
5394.62
5614.49
6010.72
6277.32
6631.87
6843.74
6905.51
6854.60
6735.93
6635.28
6604.09
6704.66
7760.63
8244.86
7974.69
7452.50
6777.92
6198.40
5847.70
5637.76
5532.88
5509.91
5828.70
6653.50
6864.32
7127.92
7580.54
7887.75
8263.78
8552.06
8287.95
8303.83
8456.00
8446.54
8388.09
8133.66
8844.55
9305.92
9038.55
8279.17
7329.85
6560.99
6168.53
5955.87
5827.78
5777.40
6034.52
6808.07
7047.62
7262.38
7702.99
7977.91
8297.05
8526.55
8320.20
8381.91
8621.10
8665.29
8565.40
8307.26
9039.54
9452.93
9077.99
8363.33
7459.06
6681.58
6266.01
6026.73
5914.55
5896.66
6188.90
6982.31
7155.90
7344.58
7773.74
8028.07
8451.65
8634.31
8314.72
8357.95
8588.18
8595.37
8474.48
8147.51
8942.32
9415.41
9128.77
8410.10
7390.73
6596.08
6138.35
5892.18
5805.96
5810.57
6083.61
6870.35
7070.79
7272.57
7740.04
8044.02
8424.88
8656.60
8434.84
8418.89
8669.39
8716.14
8541.53
8289.44
9033.78
9495.99
9224.06
8466.41
7572.26
6810.21
6383.97
6153.75
6028.49
5988.38
6269.79
6980.23
7195.36
7499.64
7933.62
8203.13
8540.12
8739.29
8516.39
8548.83
8719.86
8705.39
8556.71
8332.88
9063.83
9488.17
9137.63
8477.91
7669.16
6887.26
6495.24
6248.27
6104.85
6023.93
6097.96
6361.78
6506.13
6915.78
7512.97
7836.46
8145.33
8301.64
8156.01
7960.07
7756.36
7589.67
7463.12
7495.93
8306.71
8647.77
8338.07
7842.03
7204.75
6651.56
6217.52
5949.05
5769.87
5634.15
5599.28
5649.45
5490.42
5710.59
6130.72
6452.42
6706.10
6904.10
6979.56
6927.99
6768.51
6676.81
6570.37
6584.78
7680.65
8238.02
8105.15
7633.26
6962.75
6417.35
6032.31
5824.18
5689.86
5683.88
5928.23
6670.57
6863.66
7148.14
7623.43
7931.72
8290.84
8559.10
8378.21
8410.90
8603.10
8624.86
8492.76
8255.07
8924.72
9439.94
9171.18
8551.72
7676.10
6875.31
6407.18
6177.78
6037.59
6004.30
6248.93
6974.24
7095.94
7347.98
7831.63
8098.79
8429.94
8596.48
8414.69
8449.96
8604.97
8585.61
8459.56
8218.66
8945.03
9501.40
9262.84
8657.97
7665.43
6977.97
6478.91
6220.89
6094.07
6044.45
6325.50
7044.42
7216.20
7452.93
7934.09
8284.11
8610.48
8828.70
8519.42
8598.30
8825.75
8861.55
8747.82
8493.48
9096.53
9597.66
9412.06
8850.58
7888.04
6999.27
6523.02
6281.20
6153.42
6106.59
6372.40
7053.75
7227.87
7505.29
7989.58
8281.93
8573.87
8719.41
8462.99
8530.08
8757.54
8711.92
8587.15
8331.78
9001.61
9595.23
9349.03
8707.50
7784.80
6944.09
6592.64
6355.18
6196.16
6157.85
6423.23
7066.64
7231.80
7586.05
8034.97
8281.39
8539.51
8758.30
8531.48
8561.29
8785.17
8782.57
8617.75
8311.60
9067.80
9476.77
9187.09
8596.74
7821.55
7032.60
6658.13
6469.65
6295.78
6302.18
6287.73
6345.60
6468.27
6947.38
7560.35
7940.66
8269.26
8429.51
8292.90
8132.58
7987.25
7889.34
7717.52
7645.18
8575.48
9170.73
8903.04
8422.22
7784.68
7255.62
6802.88
6463.30
6188.51
5989.42
5922.34
5903.48
5668.25
5908.36
6321.63
6608.82
6890.45
7082.15
7178.76
7059.48
6974.82
6909.29
6812.30
6807.12
7904.96
8617.98
8465.95
8109.25
7469.48
6737.91
6189.68
5859.30
5767.58
5723.53
5967.78
6758.11
6903.32
7200.24
7819.89
8120.25
8537.42
8789.66
8549.42
8658.45
8807.88
8826.32
8674.84
8617.61
9263.98
9640.91
9358.47
8694.09
7687.33
6896.51
6594.27
6449.80
6344.29
6300.85
6575.08
7346.87
7412.16
7500.34
8000.82
8294.63
8577.91
8764.57
8571.97
8610.58
8845.38
8900.10
8794.90
8515.14
9192.44
9651.94
9327.41
8830.06
7971.10
7265.89
6822.45
6603.20
6391.98
6379.52
6649.88
7413.64
7512.99
7573.65
7990.82
8259.80
8572.22
8754.76
8509.92
8589.00
8801.77
8760.52
8648.90
8388.47
9082.92
9577.05
9275.04
8792.95
7935.76
7267.02
6803.39
6541.48
6365.26
6336.27
6553.44
7252.62
7345.49
7428.84
7870.19
8164.50
8516.07
8766.13
8574.19
8547.10
8736.85
8751.04
8598.34
8345.18
9048.14
9558.47
9335.47
8867.78
8047.60
7370.68
6838.04
6636.09
6431.20
6373.97
6635.36
7310.68
7408.39
7492.47
7993.44
8297.82
8623.14
8842.77
8633.92
8670.64
8859.87
8836.47
8673.72
8432.40
9096.05
9484.18
9179.98
8706.86
7999.03
7399.53
7035.38
6762.57
6476.97
6387.18
6475.64
6701.97
6784.65
7085.58
7580.35
7935.16
8306.47
8467.22
8345.73
8108.81
7919.66
7807.50
7730.50
7692.10
8420.28
8923.12
8609.42
8214.16
7641.59
7181.16
6645.26
6245.56
6054.44
5856.76
5814.30
5834.49
5574.62
5800.85
6278.06
6742.64
7042.17
7296.59
7394.79
7318.67
7164.30
7026.27
6936.51
7016.90
7872.30
8303.52
8118.63
7779.89
7225.17
6654.84
6245.40
5946.41
5770.64
5722.92
6026.21
6832.18
7094.70
7374.23
7907.55
8263.66
8602.84
8842.39
8614.19
8684.21
8755.93
8839.49
8813.04
8559.24
9118.59
9544.03
9279.58
8784.07
7898.31
7248.65
6809.24
6577.34
6378.24
6277.67
6533.60
7281.07
7430.44
7720.26
8204.13
8435.38
8772.83
8957.94
8675.45
8719.99
8814.03
8906.28
8882.92
8661.01
9205.69
9512.89
9254.80
8790.52
7878.13
7182.45
6759.74
6544.66
6346.41
6281.64
6526.09
7282.20
7427.27
7746.32
8196.32
8473.94
8796.35
8980.52
8715.25
8773.46
9027.94
8995.46
8893.60
8716.80
9266.55
9619.39
9378.80
8829.90
7947.67
7301.91
6878.06
6635.14
6453.09
6402.05
6602.25
7336.40
7428.47
7715.51
8194.73
8477.09
8793.08
8976.19
8769.67
8788.36
9014.38
9053.41
8931.98
8672.27
9241.98
9528.48
9355.87
8890.68
8057.80
7322.06
6873.03
6668.22
6475.83
6355.96
6694.63
7310.47
7403.95
7715.31
8227.26
8493.94
8764.55
8903.33
8680.59
8690.10
8846.79
8832.52
8732.34
8554.60
9065.48
9372.80
9078.40
8603.09
7891.24
7306.17
6802.81
6554.21
6411.01
6293.68
6345.11
6583.91
6674.56
7164.80
7788.61
8146.14
8392.39
8537.08
8445.49
8259.72
8098.34
7974.06
7829.95
7843.48
8517.48
8877.15
8635.83
8180.59
7481.89
6983.24
6514.07
6127.10
5874.04
5765.52
5690.76
5655.43
5454.62
5796.23
6314.13
6731.72
7042.93
7238.46
7260.81
7170.56
7036.83
6944.60
6873.94
6931.33
7766.90
8327.59
8213.67
7929.24
7284.24
6669.47
6139.57
5897.95
5711.42
5694.30
5968.51
6850.63
7043.77
7396.19
8124.38
8487.67
8831.09
9057.66
8829.30
8820.53
9009.95
9028.28
8915.18
8681.88
9223.36
9612.20
9299.89
8717.06
7852.71
7010.27
6593.04
6335.60
6150.07
6062.88
6363.19
7267.15
7406.37
7660.32
8085.76
8389.24
8743.80
8891.33
8682.08
8785.46
8984.68
9018.34
8684.56
8604.82
9221.51
9666.27
9416.86
8790.57
7902.38
7202.31
6781.34
6502.00
6342.00
6209.39
6510.29
7315.52
7422.57
7710.00
8118.13
8417.93
8787.27
9010.86
8794.91
8909.51
9072.70
9076.88
8937.48
8756.12
9397.10
9791.96
9548.30
8986.20
8114.88
7257.62
6796.94
6534.84
6395.06
6351.13
6601.76
7317.14
7459.34
7726.11
8203.83
8569.08
8866.10
9083.70
8872.24
8940.21
9161.79
9121.96
8953.26
8703.35
9238.26
9655.40
9339.57
8846.63
8067.83
7296.56
6840.75
6583.43
6376.50
6348.34
6614.11
7257.58
7431.83
7757.19
8225.87
8516.64
8700.85
8934.63
8785.71
8832.70
9064.41
9052.61
8819.00
8619.47
9223.78
9453.17
9122.62
8741.96
7987.37
7317.88
6714.52
6431.27
6251.33
6179.77
6270.55
6492.61
6553.48
7100.30
7754.07
8129.47
8396.69
8556.85
8390.29
8161.33
8145.74
8028.21
7873.37
7868.47
8652.95
9012.20
8731.91
8284.02
7623.83
6996.39
6422.82
6098.19
5911.60
5790.45
5725.89
5743.50
5622.07
5879.35
6296.36
6586.16
6903.88
7110.22
7116.50
7071.66
6958.35
6867.49
6801.19
6876.32
7837.91
8388.93
8293.51
7868.12
7204.32
6657.97
6232.94
5966.43
5798.97
5785.39
6048.90
6764.18
6941.76
7269.14
7964.47
8266.13
8525.26
8763.14
8563.43
8552.48
8692.05
8670.88
8601.23
8350.66
9116.70
9495.11
9212.58
8638.48
7714.13
6902.02
6236.39
6051.86
5920.86
5939.16
6167.45
6900.09
7140.85
7447.45
7999.80
8306.87
8567.81
8782.93
8523.14
8657.72
8842.82
8867.24
8769.72
8521.03
9132.84
9453.07
9114.21
8553.52
7591.08
6774.41
6295.08
6021.13
5883.83
5823.65
6064.59
6820.68
7074.45
7353.73
7888.36
8125.38
8345.74
8611.43
8436.21
8416.34
8620.40
8649.65
8581.44
8400.25
9025.07
9267.91
8992.40
8430.98
7493.26
6563.70
6098.46
5878.01
5732.17
5727.83
5971.52
6660.52
6904.25
7236.52
7784.90
8028.97
8325.57
8594.71
8369.60
8327.40
8544.70
8613.99
8502.35
8341.73
9032.57
9241.25
8916.58
8342.71
7403.68
6562.13
6091.09
5839.59
5710.47
5712.01
5965.77
6672.91
6798.21
7108.70
7533.40
7965.43
8307.75
8587.96
8340.00
8317.44
8512.08
8560.64
8449.54
8233.52
8952.22
9241.48
8855.03
8281.17
7443.02
6683.86
6190.56
5937.10
5798.92
5759.21
5858.98
6110.35
6234.62
6712.97
7254.60
7638.81
7921.03
8099.22
8041.79
7812.12
7622.04
7506.34
7390.11
7325.20
8293.05
8696.71
8381.53
7735.46
7126.04
6418.38
5982.95
5713.12
5575.11
5472.82
5474.96
5509.12
5304.54
5613.86
6056.28
6395.94
6702.29
6890.30
6925.61
6787.58
6665.50
6574.84
6485.36
6501.84
7485.97
8008.97
7808.49
7276.59
6722.25
6238.60
5866.46
5630.12
5464.48
5378.99
5407.34
5475.42
5335.87
5670.12
6175.86
6712.06
7211.87
7504.88
7597.33
7486.81
7354.17
7223.58
7141.44
7062.70
8037.83
8528.94
8264.45
7711.11
6873.27
6329.98
5917.06
5730.87
5628.40
5637.46
5956.38
6647.39
6749.53
7091.22
7605.40
8128.42
8567.88
8913.87
8638.62
8703.40
8817.51
8777.70
8628.16
8412.17
9200.10
9487.79
9169.14
8585.78
7656.19
6832.74
6342.34
6138.38
5977.80
5932.15
6127.18
6555.57
6772.01
7281.03
7799.58
8227.53
8685.06
8881.09
8661.96
8663.04
8776.74
8746.49
8583.96
8355.70
9112.72
9444.29
9162.49
8563.97
7629.90
6756.50
6351.72
6149.80
6009.36
5965.40
6219.32
6877.31
6994.63
7304.76
7796.04
8022.02
8507.66
8770.49
8583.00
8721.97
8930.74
8902.44
8705.56
8555.55
9198.60
9618.87
9308.92
8629.84
7661.93
6892.22
6468.90
6235.36
6084.35
6048.49
6342.98
6921.09
7060.17
7454.41
7972.98
8324.22
8620.17
8903.49
8737.41
8802.29
9019.62
9023.68
8839.36
8438.13
9179.27
9596.74
9242.37
8632.18
7854.67
7114.86
6681.23
6397.56
6171.32
6133.67
6284.47
6415.17
6557.35
7122.80
7687.02
8034.82
8345.04
8549.48
8412.01
8264.46
8078.29
7953.38
7718.28
7747.17
8696.27
9004.44
8735.62
8162.15
7373.45
6793.71
6376.07
6085.78
5864.09
5780.86
5743.39
5711.54
5646.72
5945.64
6357.91
6620.85
6786.65
6939.05
6954.11
6926.62
6737.27
6563.76
6503.74
6674.52
7784.20
8161.76
7933.00
7525.28
6901.19
6327.27
5949.85
5757.21
5579.87
5542.25
5727.92
6044.50
6306.93
6904.13
7595.02
8132.88
8473.88
8635.94
8567.05
8505.36
8483.93
8425.83
8384.02
8307.50
8948.70
9229.95
8971.88
8418.36
7466.11
6637.19
6189.28
5983.55
5837.13
5754.51
5906.41
6232.03
6451.54
7009.27
7623.61
8023.15
8413.14
8565.93
8410.60
8492.93
8484.10
8364.20
8306.49
8170.86
8952.48
9235.56
8969.07
8460.65
7523.06
6689.26
6218.45
5961.21
5827.19
5787.10
5983.04
6259.15
6452.71
6978.72
7562.40
7967.54
8313.39
8534.25
8315.67
8196.73
8216.93
8180.48
7988.66
7785.90
8682.28
8957.35
8624.67
8058.17
7241.41
6600.01
6075.65
5827.48
5608.05
5544.33
5516.83
5483.02
5265.32
5531.65
5937.78
6327.31
6627.30
6964.65
6987.55
6892.68
6805.75
6680.38
6488.80
6461.05
7380.48
7797.84
7555.77
7087.80
6506.46
6064.83
5672.35
5430.14
5254.64
5178.84
5136.10
5098.18
4933.27
5192.85
5512.64
5719.27
5876.36
6047.60
6134.45
6081.50
5921.04
5812.78
5778.49
5923.16
6872.25
7208.52
6953.28
6722.06
6331.75
5836.17
5513.44
5273.94
5127.93
5102.71
5146.16
5232.43
5223.75
5661.40
6163.88
6581.29
6899.16
7099.39
7133.99
7041.79
6923.42
6832.92
6752.09
6808.25
7695.52
7924.66
7690.75
7237.06
6709.73
6278.23
5817.50
5580.67
5421.62
5316.83
5300.88
5290.27
5131.95
5430.79
5858.17
6138.95
6429.89
6599.11
6671.74
6636.81
6518.89
6435.48
6353.23
6471.23
7536.93
8000.28
7757.76
7356.34
6740.14
6199.13
5832.43
5618.01
5484.40
5467.29
5681.33
6311.87
6541.58
7051.16
7660.48
7972.14
8333.99
8524.81
8325.59
8391.54
8543.68
8463.47
8396.77
8232.66
9011.22
9357.89
8989.99
8348.03
7450.17
6732.58
6267.73
6023.61
5885.14
5832.84
6060.91
6780.27
6905.10
7258.02
7784.63
8038.71
8351.35
8581.86
8334.73
8301.85
8545.23
8563.44
8422.48
8268.88
8964.91
9157.54
8910.73
8338.00
7540.73
6741.19
6304.84
6055.31
5882.69
5828.29
6081.53
6763.96
6950.48
7312.98
7796.39
8084.78
8378.37
8550.59
8336.89
8311.13
8476.46
8449.19
8310.62
8186.21
9096.19
9419.56
9055.35
8315.25
7458.28
6710.31
6242.26
6008.17
5881.18
5831.21
6105.52
6739.04
6887.25
7284.04
7793.28
8151.11
8593.06
8810.51
8631.73
8640.44
8826.60
8782.34
8613.65
8386.37
9202.33
9541.91
9191.62
8521.35
7593.35
6875.73
6392.68
6148.69
6012.69
5940.99
6242.03
6817.37
6981.73
7403.93
7911.23
8284.95
8727.04
8932.00
8700.02
8750.64
8923.46
8946.06
8712.47
8472.60
9287.95
9535.09
9121.68
8553.06
7915.91
7124.96
6576.96
6291.99
6065.33
5998.29
6114.98
6242.42
6419.46
6933.17
7463.07
7864.83
8203.09
8389.42
8272.08
8063.39
7823.58
7682.99
7501.50
7480.59
8551.37
8882.57
8559.38
7942.48
7228.81
6649.44
6210.67
5920.04
5746.57
5645.21
5602.17
5584.36
5412.11
5734.00
6108.28
6444.45
6721.60
6911.61
7008.87
6927.29
6775.72
6710.09
6649.08
6723.18
7842.73
8373.70
8197.77
7765.56
7019.33
6425.15
6022.62
5811.08
5642.91
5623.02
5887.76
6570.04
6742.84
7168.91
7730.36
8148.84
8615.72
8936.16
8697.50
8564.83
8711.26
8684.30
8508.35
8349.56
9177.49
9568.27
9167.33
8498.30
7607.55
6809.98
6338.62
6069.57
5944.24
5898.14
6146.06
6827.46
6965.55
7387.64
7827.64
8087.63
8481.82
8735.44
8488.93
8539.71
8747.26
8787.90
8647.51
8424.38
9264.23
9579.32
9299.24
8568.61
7617.19
6844.54
6352.13
6123.65
6008.42
5979.93
6265.78
6879.41
7006.24
7382.94
7892.62
8118.11
8492.54
8687.44
8425.82
8589.99
8811.50
8779.42
8622.64
8399.93
9189.09
9450.93
9150.05
8497.11
7498.80
6733.47
6231.72
6068.82
5925.78
5892.85
6141.47
6738.25
6900.87
7286.28
7804.51
8098.54
8554.89
8794.29
8509.98
8507.07
8680.99
8638.03
8477.63
8270.59
9091.07
9308.21
9014.76
8380.09
7368.53
6636.81
6198.23
5938.24
5820.79
5769.17
6037.74
6623.95
6796.43
7160.69
7673.05
7959.77
8368.80
8567.20
8322.35
8342.48
8509.21
8486.06
8365.42
8090.51
8900.39
9159.01
8737.30
8174.49
7380.55
6689.60
6158.76
5932.78
5770.35
5721.44
5844.90
6020.62
6215.98
6749.42
7336.33
7734.94
8061.48
8193.81
8083.71
7858.29
7708.91
7630.59
7458.75
7387.73
8398.81
8765.41
8458.77
7871.14
7140.95
6487.51
6003.01
5716.92
5537.66
5427.64
5411.76
5364.55
5289.39
5571.19
6000.34
6305.08
6531.36
6727.70
6822.38
6755.40
6562.12
6391.20
6349.19
6428.67
7595.01
8143.87
7890.61
7334.39
6678.93
6120.88
5762.26
5518.80
5400.22
5377.27
5653.56
6490.25
6632.09
7063.54
7622.17
8012.92
8452.07
8708.25
8540.56
8548.84
8743.50
8750.41
8644.68
8428.84
9136.24
9343.97
9006.38
8358.39
7391.31
6631.01
6035.09
5830.58
5696.93
5693.07
5933.85
6670.74
6790.98
7231.41
7777.83
8082.19
8351.06
8586.62
8405.24
8504.04
8763.39
8783.38
8623.85
8428.28
9188.94
9371.65
9124.78
8433.02
7561.87
6649.44
6228.25
6009.04
5848.11
5829.76
6078.19
6552.08
6758.90
7287.60
7829.04
8148.72
8541.05
8818.70
8649.42
8720.18
8985.94
8983.32
8684.26
8483.26
9289.83
9536.47
9188.47
8491.18
7501.12
6787.54
6297.42
6083.34
5962.31
5901.52
6116.11
6585.51
6843.14
7283.76
7847.44
8202.62
8522.04
8749.96
8554.92
8600.54
8813.94
8807.05
8611.20
8359.18
9166.53
9497.91
9150.39
8576.37
7641.22
6859.09
6402.57
6155.98
5975.45
5925.47
6189.85
6696.31
6928.11
7449.73
8066.64
8418.54
8814.96
8837.66
8677.42
8656.08
8836.95
8901.54
8606.52
8395.72
9298.61
9525.32
9177.20
8542.48
7860.81
7138.32
6527.38
6280.09
6127.12
6062.69
6166.23
6327.69
6460.91
7025.24
7575.50
7963.58
8221.25
8367.41
8236.33
8022.69
7775.95
7613.05
7473.13
7460.18
8498.77
8852.01
8527.12
8007.64
7379.69
6753.21
6270.36
5965.96
5795.47
5709.18
5657.24
5568.38
5499.56
5866.48
6277.54
6543.67
6813.57
7010.67
7102.68
7007.64
6844.93
6745.78
6640.94
6707.45
7929.90
8483.58
8309.53
7783.79
7204.45
6536.71
6073.31
5830.09
5686.41
5686.89
5964.58
6599.28
6836.18
7436.74
8146.81
8533.40
8890.70
9184.68
9031.64
9062.10
9219.84
9130.76
8890.04
8549.02
9303.86
9656.66
9296.68
8637.73
7712.05
6937.61
6469.30
6218.67
6108.99
6064.07
6324.10
6820.47
6997.53
7538.35
8107.83
8460.24
8768.19
8928.86
8737.13
8765.31
8907.62
8873.96
8750.23
8539.88
9372.08
9639.06
9327.57
8751.33
7725.42
6936.62
6468.45
6212.08
6066.07
6010.43
6242.63
6735.59
6991.46
7482.06
7965.57
8452.89
8869.46
9108.69
8930.25
8984.07
9108.89
9048.21
8889.07
8432.40
9306.10
9583.27
9298.35
8757.90
7815.60
6987.21
6495.51
6210.55
6082.30
5989.55
6245.54
6727.16
6967.37
7462.63
8012.15
8354.18
8770.68
8989.12
8761.42
8691.13
8827.40
8813.57
8634.19
8424.21
9225.34
9309.48
8905.18
8338.83
7535.24
6857.58
6409.35
6101.80
5935.64
5811.10
5839.45
5804.28
5594.64
5809.67
6302.92
6699.30
6986.83
7235.47
7308.77
7231.12
7102.82
7019.93
6873.30
6855.65
7964.95
8293.41
8026.41
7560.02
7061.91
6547.72
6098.19
5857.03
5686.05
5599.29
5661.18
5742.47
5852.39
6426.53
7017.28
7421.24
7746.24
7940.73
7874.68
7739.47
7567.62
7396.99
7226.96
7268.82
8325.53
8588.54
8323.35
7810.93
7212.73
6730.39
6255.87
5912.30
5730.20
5629.99
5586.21
5507.08
5378.14
5727.77
6100.68
6460.51
6720.08
6946.22
7012.71
6968.82
6804.30
6718.58
6666.87
6740.73
7807.94
8212.08
8050.65
7639.64
7050.64
6474.02
6107.62
5861.03
5741.01
5721.49
5962.47
6405.28
6687.72
7222.84
7826.50
8089.21
8531.83
8834.04
8740.86
8783.40
8909.03
8923.09
8824.61
8569.08
9218.76
9478.75
9222.19
8727.94
7696.74
6975.48
6487.03
6264.38
6114.82
6094.49
6321.56
6815.70
7034.01
7557.49
8073.22
8369.18
8697.69
8968.44
8786.81
8858.86
9060.96
9007.98
8729.33
8566.47
9336.35
9584.72
9314.93
8716.70
7893.59
7134.56
6618.62
6367.69
6249.98
6209.31
6444.95
6903.45
7154.46
7578.23
8119.18
8427.36
8800.29
8957.05
8769.09
8865.76
9067.93
8998.49
8744.91
8606.12
9235.52
9474.22
9116.34
8604.38
7804.45
7096.06
6559.02
6171.50
5996.74
5999.92
6172.02
6803.77
7114.68
7638.49
8197.43
8481.19
8806.78
9040.49
8877.25
8986.09
9072.30
9014.84
8762.73
8580.31
9301.79
9611.83
9243.67
8711.66
7946.65
7191.93
6702.08
6413.96
6253.77
6201.76
6432.92
6962.04
7175.79
7668.79
8155.39
8445.27
8866.10
9072.26
8813.46
8822.16
9017.40
9052.38
8835.22
8608.53
9301.56
9618.52
9251.46
8723.62
8019.89
7305.08
6790.34
6535.85
6367.80
6244.82
6324.47
6417.64
6631.49
7197.15
7704.32
8102.05
8441.46
8622.42
8461.17
8267.67
8091.40
7985.58
7817.81
7814.12
8774.61
8997.25
8767.83
8194.32
7620.11
7035.13
6573.27
6260.12
5990.17
5865.29
5782.76
5661.60
5536.82
5969.69
6489.27
6802.98
7029.35
7165.50
7115.15
7001.70
6827.28
6710.74
6636.09
6765.98
7779.88
8234.86
8104.87
7741.63
7262.76
6702.96
6300.01
5922.73
5828.56
5823.74
6119.65
6774.39
6988.76
7503.59
8112.02
8474.07
8796.41
9073.10
8865.87
8921.13
9251.06
9266.48
9035.86
8806.15
9520.07
9786.46
9682.07
8943.56
8052.52
7276.12
6779.14
6529.75
6369.80
6362.57
6641.41
7168.53
7316.01
7800.28
8447.86
8891.86
9319.74
9509.58
9210.08
9258.22
9527.12
9556.94
9382.36
9054.25
9582.59
9837.96
9575.78
9121.36
8121.38
7281.16
6782.89
6523.42
6339.39
6282.95
6534.21
7171.83
7408.97
7812.77
8307.97
8555.58
8845.80
9090.88
8874.51
8953.96
9181.45
9237.76
8959.37
8810.56
9594.26
9882.12
9533.62
8936.25
7995.20
7253.35
6736.49
6439.41
6190.27
6097.87
6368.63
7060.83
7316.32
7706.96
8214.25
8476.42
8736.66
8961.86
8743.28
8850.80
9060.37
9072.09
8897.29
8760.34
9392.07
9535.89
9395.06
8699.44
7881.53
7209.93
6620.38
6321.85
6101.64
6062.48
6290.63
6821.06
7022.96
7562.11
8128.24
8368.19
8673.21
8865.91
8645.76
8655.34
8775.82
8734.72
8589.47
8448.47
9068.57
9273.34
9013.42
8493.85
7819.81
7170.68
6633.55
6367.93
6210.41
6139.56
6235.08
6345.64
6513.97
7052.62
7633.06
8015.69
8310.64
8469.58
8329.72
8142.53
7960.26
7802.11
7640.79
7670.90
8543.10
8776.29
8521.22
8002.51
7403.90
6809.25
6331.01
6054.04
5806.43
5622.76
5593.56
5513.98
5386.58
5769.71
6130.58
6423.86
6757.17
6910.23
6954.19
6853.49
6745.98
6572.20
6556.04
6654.05
7602.68
7917.40
7655.58
7376.64
6891.76
6410.65
6014.81
5711.49
5556.21
5463.97
5459.15
5590.80
5506.64
5885.79
6333.69
6731.20
7083.00
7332.66
7396.27
7339.75
7175.69
7044.01
6938.98
7058.99
7958.82
8504.02
8262.37
7609.23
7028.47
6525.19
6100.20
5854.59
5700.57
5755.79
5984.54
6683.86
6930.43
7368.68
7864.02
8206.94
8511.66
8733.52
8534.47
8476.14
8761.75
8773.93
8627.31
8557.59
9215.96
9557.71
9258.59
8525.94
7685.30
6931.19
6443.02
6162.74
5976.18
5928.65
6239.13
6910.99
7104.31
7581.55
8060.59
8360.08
8738.65
8947.17
8687.58
8840.06
9036.55
8999.87
8790.20
8652.45
9382.73
9636.36
9235.22
8589.92
7773.18
7061.97
6545.63
6206.66
6015.96
6027.13
6290.93
6989.05
7147.15
7570.01
8019.50
8352.14
8603.61
8858.78
8658.30
8655.13
8866.83
8907.91
8790.10
8566.92
9351.35
9730.38
9282.78
8599.57
7720.48
6961.35
6486.46
6240.54
5989.84
5932.79
6224.74
6868.66
7073.43
7409.00
7903.43
8285.44
8590.59
8839.47
8605.18
8659.13
8855.22
8831.69
8698.71
8476.40
9183.28
9523.16
9169.12
8504.35
7763.41
7099.93
6582.96
6365.35
6153.25
5989.67
6105.48
6253.73
6416.33
6989.80
7625.43
8066.04
8389.95
8577.26
8479.56
8276.17
8097.94
7942.44
7769.83
7760.07
8707.76
9059.04
8690.07
8129.55
7493.23
6875.31
6468.16
6146.29
5878.78
5705.85
5657.36
5541.69
5492.12
5910.08
6404.32
6759.12
7013.26
7224.51
7264.82
7168.08
7012.08
6951.76
6838.68
6877.67
8050.30
8610.77
8329.50
7832.68
7234.15
6617.87
6138.93
5887.94
5757.89
5681.06
5944.14
6694.83
6896.54
7350.67
7886.08
8203.63
8525.07
8687.18
8455.97
8581.34
8786.93
8797.35
8688.74
8561.73
9245.16
9467.46
9245.06
8635.64
7605.88
6839.60
6381.17
6137.13
5981.55
5963.90
6291.77
6875.66
7067.63
7470.66
7978.33
8346.04
8732.41
8943.21
8727.94
8773.70
9022.92
9012.71
8863.31
8696.79
9447.28
9773.30
9425.32
8770.77
7839.58
7030.73
6578.34
6276.62
6134.94
6104.56
6347.90
6975.28
7145.66
7571.11
8047.82
8239.51
8612.94
8820.81
8627.22
8716.78
8901.33
8858.46
8664.87
8502.83
9302.52
9598.93
9235.86
8510.61
7652.16
6907.95
6472.49
6172.77
6026.43
5990.48
6230.74
6892.47
7128.12
7502.20
7935.88
8186.30
8465.37
8654.65
8390.84
8367.28
8514.38
8509.93
8411.80
8393.23
9245.59
9508.84
9118.31
8338.69
7541.97
6855.65
6417.12
6128.54
6019.70
5957.17
6249.87
6873.36
7061.73
7452.67
7916.58
8309.69
8598.73
8912.65
8658.79
8528.31
8593.40
8484.72
8475.15
8283.99
8931.36
9245.19
8936.53
8335.91
7427.88
6739.36
6290.35
6041.90
5890.29
5787.55
5969.69
6061.06
6288.46
6900.93
7469.66
7792.60
8079.27
8300.96
8224.61
7964.93
7715.86
7595.07
7458.91
7512.26
8448.41
8760.48
8423.10
7905.91
7161.23
6525.68
6106.15
5824.63
5596.95
5513.50
5497.51
5455.15
5374.75
5767.59
6194.63
6573.78
6735.12
6946.19
7016.31
6957.37
6806.17
6704.62
6629.60
6727.08
7838.35
8342.72
8114.36
7656.63
7078.88
6457.35
6125.39
5876.86
5762.00
5734.04
5953.80
6554.96
6754.08
7188.32
7749.68
8122.34
8553.42
8808.22
8599.34
8629.07
8789.79
8811.96
8658.54
8353.52
9101.90
9505.04
9155.33
8496.25
7550.12
6788.34
6277.76
6078.40
5936.61
5853.29
6099.35
6696.98
6852.15
7283.94
7820.19
8170.12
8596.38
8829.71
8619.40
8633.26
8651.74
8609.83
8537.73
8449.37
9177.39
9507.10
9116.82
8370.82
7433.99
6735.75
6309.28
6079.93
5962.37
5979.45
6218.97
6776.65
6944.30
7330.72
7814.81
8105.56
8501.30
8710.59
8492.29
8519.72
8655.40
8640.25
8559.14
8517.15
9359.63
9725.95
9380.77
8644.34
7798.21
7058.71
6531.65
6335.21
6190.24
6165.59
6386.20
6951.55
7079.04
7481.46
8004.76
8327.56
8616.25
8821.17
8626.05
8670.27
8790.31
8713.40
8580.27
8438.31
9130.34
9437.70
9135.18
8598.74
7678.87
7013.23
6558.77
6274.77
6110.82
6131.45
6329.90
6941.70
7075.86
7487.49
7947.24
8260.68
8514.39
8713.27
8517.55
8488.73
8645.43
8627.03
8486.45
8305.90
8965.62
9257.99
8970.99
8391.83
7672.39
6999.16
6531.82
6293.43
6134.35
6078.72
6151.54
6311.04
6431.76
7029.54
7607.37
7971.41
8215.88
8350.80
8318.85
8179.03
8036.98
7867.60
7705.25
7673.44
8416.49
8714.82
8489.54
7981.69
7368.64
6771.22
6350.15
6074.37
5876.76
5783.81
5738.51
5609.74
5506.38
5828.82
6217.74
6544.06
6760.44
6951.28
6978.84
6891.14
6726.82
6636.17
6548.24
6575.01
7447.49
7838.39
7725.37
7359.15
6814.84
6290.43
5923.05
5688.21
5564.32
5465.68
5488.43
5467.39
5433.15
5803.91
6166.08
6521.50
6828.24
7099.76
7192.50
7127.28
6856.88
6769.16
6714.78
6824.00
7736.78
8249.73
8037.56
7500.29
6887.39
6349.59
6011.96
5809.40
5711.25
5685.83
5926.22
6494.82
6714.34
7143.16
7672.75
7972.80
8267.89
8507.03
8295.09
8260.46
8436.57
8460.00
8320.49
8221.99
8923.61
9239.64
8908.23
8328.36
7489.77
6768.06
6288.60
6087.78
5958.48
5946.96
6177.79
6699.55
6893.31
7334.77
7772.13
8068.66
8445.38
8656.15
8432.44
8453.63
8639.97
8616.51
8435.92
8322.15
8900.25
9269.08
8975.19
8409.01
7598.04
6892.75
6379.21
6111.01
5948.91
5904.96
6136.32
6760.86
6960.90
7431.19
7903.39
8163.93
8493.39
8696.80
8495.11
8515.41
8647.09
8644.85
8550.43
8407.11
9024.05
9301.48
9042.46
8467.05
7659.14
6948.35
6481.83
6147.68
5999.48
5899.11
6144.26
6677.90
6956.82
7466.89
8067.24
8358.75
8617.58
8893.00
8700.70
8717.42
8880.63
8873.04
8697.56
8471.30
9027.37
9353.22
9055.72
8540.43
7794.09
7143.53
6662.88
6385.60
6154.83
6029.51
6070.29
6239.49
6373.65
7029.76
7583.78
7965.57
8284.89
8418.91
8306.30
8160.92
8004.96
7873.51
7738.62
7683.57
8450.47
8839.42
8594.79
8084.56
7451.53
6855.05
6355.00
6070.28
5840.92
5750.52
5684.55
5585.48
5483.91
5840.60
6246.89
6662.21
6901.99
7102.78
7180.92
7132.21
6953.44
6848.49
6725.70
6739.75
7497.41
7891.28
7762.21
7427.85
6877.16
6439.49
5937.89
5696.94
5519.94
5441.40
5455.21
5476.41
5387.41
5854.81
6366.35
6766.39
7081.11
7317.51
7384.46
7280.32
7131.77
7042.15
6946.14
7067.46
7988.48
8510.94
8364.88
7803.10
7118.21
6565.23
6073.52
5806.40
5707.19
5693.55
5915.36
6481.62
6802.08
7391.10
7970.08
8352.22
8731.10
8917.65
8731.75
8807.27
8926.59
8937.53
8772.83
8559.15
9119.50
9471.79
9211.52
8700.12
7921.50
7148.20
6543.78
6276.76
6100.98
6049.07
6268.23
6777.40
7057.36
7572.53
8092.38
8399.10
8771.69
8940.12
8798.03
8800.80
8890.24
8879.64
8753.77
8512.83
9085.08
9320.50
9004.63
8565.67
7920.70
7227.24
6732.66
6495.79
6340.59
6276.70
6452.50
6821.18
7086.45
7589.37
8178.19
8490.37
8790.72
8991.35
8792.62
8802.34
8945.29
8893.06
8750.08
8538.62
9084.36
9452.27
9175.96
8675.07
7893.14
7220.16
6662.50
6403.25
6295.42
6204.71
6334.82
6664.11
6998.38
7602.38
8200.38
8531.18
8868.21
9060.48
8854.32
8866.46
9003.00
8938.98
8806.45
8625.63
9126.14
9414.17
9078.22
8511.78
7893.39
7235.94
6748.21
6501.74
6264.92
6185.53
6263.69
6281.50
6476.27
7064.74
7777.67
8156.29
8417.36
8612.10
8450.17
8201.28
7989.50
7889.12
7709.16
7659.96
8444.17
8770.26
8519.28
8137.61
7540.90
7026.30
6604.72
6194.32
6071.49
5962.98
5917.41
5799.60
5678.45
6057.09
6425.64
6756.43
6983.92
7179.25
7268.81
7161.31
6947.56
6809.94
6679.70
6725.19
7457.96
7871.06
7784.00
7483.85
7041.33
6565.87
6268.37
6006.58
5872.30
5841.06
6015.07
6314.11
6602.64
7280.38
7922.37
8262.64
8556.20
8788.24
8693.11
8671.76
8767.29
8718.05
8564.17
8361.01
8855.14
9294.65
9059.26
8520.80
7788.31
7084.96
6524.58
6269.02
6124.55
6105.53
6277.81
6520.61
6878.58
7464.74
8033.89
8320.57
8615.33
8868.26
8733.72
8738.77
8865.18
8866.55
8650.11
8444.57
8955.09
9362.50
9049.11
8491.80
7816.53
7130.88
6636.00
6411.21
6232.77
6183.87
6338.71
6600.72
6892.75
7481.65
8076.54
8447.42
8767.45
8964.57
8769.19
8786.37
8938.05
8915.86
8747.15
8511.64
8964.97
9428.92
9126.63
8701.00
7963.48
7210.81
6693.55
6500.28
6332.84
6286.23
6418.02
6631.73
6860.41
7491.59
8120.08
8437.64
8775.47
8984.13
8780.34
8753.67
8908.29
8840.30
8692.85
8478.29
8964.92
9395.15
9162.92
8657.91
7966.63
7287.48
6756.10
6516.45
6340.88
6270.21
6402.67
6637.43
6886.91
7535.89
8183.49
8498.47
8833.07
9106.86
8888.50
8876.68
9004.98
8976.50
8774.95
8407.59
8763.33
9068.85
8732.77
8523.60
7940.87
7329.17
6879.66
6578.81
6430.21
6352.93
6375.99
6360.30
6394.86
6927.64
7523.97
7862.90
8164.14
8297.11
8198.77
7981.57
7793.88
7684.28
7571.13
7573.65
8255.31
8656.53
8428.79
7960.75
7497.23
6906.06
6466.29
6220.33
6017.96
5893.01
5847.59
5751.31
5556.71
5853.51
6235.24
6509.82
6689.18
6844.86
6891.04
6877.26
6718.43
6584.52
6469.27
6490.47
7339.54
7930.08
7745.79
7391.53
6981.64
6562.50
6093.10
5912.49
5776.08
5663.73
5697.67
5648.73
5524.12
5858.68
6317.47
6771.41
7079.26
7298.60
7407.20
7296.74
7134.96
7023.84
6939.66
6956.22
7771.85
8344.78
8195.88
7792.97
7172.91
6640.16
6186.52
6002.49
5857.53
5836.54
5962.46
6221.06
6536.18
7167.22
7772.15
8168.58
8590.86
8833.07
8682.98
8669.12
8787.49
8742.80
8596.93
8375.36
8839.26
9298.80
9041.05
8508.12
7787.86
7026.72
6505.04
6218.16
6073.13
6049.57
6190.56
6494.14
6756.38
7372.15
7974.78
8301.98
8659.76
8914.20
8788.86
8750.68
8846.29
8917.27
8758.15
8478.56
8858.27
9362.19
9092.91
8591.03
7857.86
7138.32
6618.94
6367.41
6166.66
6115.56
6245.31
6468.46
6695.21
7344.57
7924.17
8340.94
8696.87
8904.30
8749.05
8752.34
8881.46
8890.15
8727.22
8441.70
8870.74
9338.82
9103.83
8546.36
7843.43
7145.20
6664.95
6373.46
6211.80
6146.15
6254.34
6524.54
6788.72
7411.43
8000.47
8375.07
8742.81
8998.89
8829.54
8801.43
8934.39
8917.78
8739.66
8495.33
8971.87
9373.26
9097.27
8541.66
7956.30
7318.76
6802.42
6452.11
6255.52
6166.76
6244.33
6346.70
6468.14
7027.53
7619.43
7966.69
8276.64
8459.12
8358.73
8201.81
8066.40
7995.02
7872.26
7771.98
8395.59
8827.32
8591.15
8110.37
7578.54
7031.70
6580.45
6282.82
6103.10
6009.31
5923.98
5821.08
5649.60
5971.09
6328.22
6608.33
6931.28
7096.32
7094.22
7038.24
6896.81
6811.48
6681.55
6661.46
7512.45
8137.40
8017.87
7746.17
7198.42
6637.36
6272.03
5991.43
5800.94
5723.97
5930.21
6445.29
6726.57
7308.52
7908.22
8251.52
8624.75
8827.35
8586.94
8649.98
8758.66
8697.45
8536.62
8350.72
8868.05
9245.21
8985.39
8400.51
7673.59
6914.91
6438.74
6229.74
6023.26
6015.94
6239.96
6746.04
6905.17
7411.85
7964.77
8254.44
8576.69
8793.04
8558.24
8552.75
8652.69
8606.49
8411.82
8279.84
8899.28
9275.51
8969.69
8356.60
7541.46
6801.12
6311.36
6016.28
5748.17
5679.28
5960.67
6637.03
6913.60
7407.36
7935.65
8346.51
8716.20
8927.80
8678.53
8676.30
8878.30
8914.21
8745.57
8499.57
8906.55
9412.40
9149.46
8527.06
7769.02
7012.11
6558.36
6258.93
6038.26
5985.70
6183.18
6801.28
6966.17
7490.39
8059.06
8414.75
8750.82
8973.83
8727.26
8792.35
8927.40
8934.42
8741.24
8507.88
8955.38
9403.94
9196.46
8575.93
7861.63
7159.80
6631.64
6250.34
6071.21
6075.26
6257.21
6838.09
7062.08
7544.28
8125.83
8464.40
8656.55
8900.50
8705.94
8755.79
8938.68
8941.11
8771.13
8555.01
9034.52
9411.45
9098.68
8590.84
7896.55
7242.92
6775.86
6523.48
6321.83
6258.26
6319.04
6321.30
6430.43
6994.78
7570.24
7930.47
8291.83
8461.69
8364.70
8086.58
7882.61
7763.68
7643.64
7663.37
8376.85
8834.45
8593.67
8135.76
7498.45
6948.55
6485.10
6233.82
5923.44
5773.12
5729.88
5681.49
5494.36
5952.11
6329.45
6665.51
6913.44
7099.56
7134.17
7078.08
6924.44
6845.97
6764.74
6842.24
7668.33
8212.59
8119.79
7638.22
7196.92
6650.44
6171.62
5897.50
5678.59
5656.82
5941.92
6661.65
6873.00
7370.22
7953.85
8408.44
8820.08
9090.04
8850.95
8896.70
9018.00
9036.68
8908.63
8592.89
9089.16
9547.06
9286.05
8665.44
7857.35
7094.08
6599.81
6355.96
6233.63
6106.01
6328.38
6935.27
7125.66
7558.16
8109.95
8477.57
8882.33
9093.03
8793.58
8842.17
9033.00
9032.37
8828.29
8589.00
9101.26
9533.94
9244.64
8586.19
7805.24
7024.79
6544.03
6310.72
6149.50
6152.35
6306.83
6852.97
7016.44
7440.06
7908.03
8180.30
8507.38
8757.40
8531.62
8565.46
8711.61
8704.15
8594.23
8437.86
9025.82
9449.55
9124.43
8522.37
7734.99
6994.11
6492.46
6193.11
6008.92
5957.49
6188.43
6818.47
6992.94
7478.64
8011.89
8302.56
8663.44
8897.11
8645.26
8649.81
8770.84
8804.14
8661.94
8388.54
8869.39
9259.99
9009.79
8455.99
7710.41
7010.26
6477.33
6200.78
6007.93
5956.86
6175.54
6778.95
6942.57
7398.49
7982.06
8309.46
8717.68
8901.66
8687.12
8705.22
8894.01
8874.71
8704.84
8427.25
8884.11
9319.56
9017.71
8534.70
7886.05
7239.88
6764.72
6481.68
6246.04
6073.41
6167.36
6290.98
6445.71
6936.06
7510.57
7898.50
8179.93
8337.12
8244.54
7913.50
7638.21
7523.71
7423.43
7403.18
8161.60
8647.94
8386.05
7897.78
7267.96
6711.55
6224.29
5888.43
5679.43
5549.16
5513.84
5493.44
5328.54
5711.37
6230.44
6526.06
6729.42
6866.36
6934.84
6889.53
6751.70
6623.30
6542.33
6555.57
7388.44
7882.32
7755.70
7388.88
6850.99
6326.98
5995.46
5735.26
5502.25
5409.37
5452.84
5504.99
5424.60
5735.30
6181.42
6735.55
7027.95
7240.02
7270.39
7170.18
7068.69
7000.81
6871.32
6932.16
7801.00
8308.36
8135.80
7644.77
6942.61
6438.07
6084.05
5866.23
5747.19
5719.11
5968.33
6555.50
6738.09
7161.36
7750.05
8142.06
8530.58
8772.91
8525.80
8524.33
8741.95
8788.83
8669.97
8470.81
9026.58
9451.18
9129.68
8433.48
7653.58
6965.60
6495.82
6192.84
5957.91
5916.72
6182.81
6829.07
6971.32
7322.36
7897.83
8283.02
8639.67
8853.22
8619.05
8690.71
8825.54
8804.92
8680.82
8457.15
8998.87
9518.28
9131.67
8499.93
7708.30
6940.26
6428.33
6219.23
6096.25
6092.79
6302.10
6912.52
7060.14
7481.94
8092.01
8407.02
8808.33
9022.72
8724.12
8642.07
8800.94
8817.47
8681.75
8408.79
8939.03
9481.93
9235.76
8521.49
7672.85
6954.70
6475.06
6225.08
6083.24
6032.14
6255.35
6805.83
6967.87
7418.41
7939.23
8353.34
8787.77
9004.87
8722.09
8684.63
8882.09
8908.70
8768.94
8460.85
8868.76
9475.96
9191.62
8584.05
7901.29
7203.54
6657.69
6325.39
6124.67
6025.19
6091.99
6224.20
6373.37
7000.51
7589.36
7947.34
8221.91
8379.43
8291.34
8144.29
7985.76
7887.54
7730.39
7646.93
8265.21
8858.81
8641.21
8196.39
7611.66
6935.33
6421.92
6125.82
5937.77
5760.54
5706.25
5683.61
5567.08
5875.31
6289.75
6639.15
6908.95
7113.31
7175.88
7092.65
6932.08
6825.83
6715.84
6805.43
7679.44
8286.37
8217.71
7893.53
7223.64
6564.89
6181.43
5960.61
5827.07
5814.09
6025.79
6558.59
6864.70
7324.58
7917.10
8356.42
8764.91
8952.89
8754.44
8767.90
8902.94
8917.88
8791.81
8579.24
9052.24
9485.38
9223.23
8591.26
7754.28
6927.39
6417.07
6187.29
6037.15
5992.89
6210.92
6821.65
6962.73
7485.16
8012.36
8357.26
8796.62
8983.33
8717.72
8724.69
8878.43
8867.27
8736.81
8529.20
9119.30
9691.95
9312.81
8644.17
7867.51
7103.36
6583.88
6378.92
6224.10
6108.02
6357.31
7028.10
7185.85
7549.92
8056.84
8335.47
8633.75
8878.10
8564.70
8604.31
8870.63
8841.48
8737.73
8499.91
9109.83
9636.27
9355.15
8646.58
7918.68
7126.07
6512.16
6274.99
6134.69
6058.88
6252.24
6866.87
7026.19
7395.78
7957.84
8292.70
8603.13
8756.71
8571.73
8602.72
8731.89
8729.33
8624.74
8438.03
9007.29
9346.86
9057.91
8508.49
7788.45
7090.94
6519.18
6207.85
6001.76
5962.36
6219.14
6781.11
6925.97
7324.66
7971.68
8313.25
8702.97
8905.86
8678.98
8696.31
8801.67
8733.43
8539.40
8349.17
8864.56
9308.24
8948.81
8428.47
7781.32
6986.08
6559.70
6229.11
6026.02
5959.69
6039.13
6236.07
6365.37
6891.04
7516.98
7914.03
8210.66
8381.61
8326.31
8124.47
7954.44
7835.91
7658.19
7613.81
8326.04
8810.05
8591.31
8116.07
7552.22
6943.13
6545.80
6254.17
6006.72
5866.32
5730.74
5722.38
5613.18
5947.18
6348.02
6674.74
6925.17
7129.65
7165.48
7102.12
6942.21
6831.96
6718.27
6707.87
7550.98
8235.50
8172.66
7787.15
7283.45
6743.38
6322.61
5987.62
5790.23
5724.80
5981.08
6638.39
6838.37
7338.90
7916.96
8302.96
8677.93
8901.39
8710.30
8754.93
8929.62
8980.77
8810.57
8548.20
9142.46
9748.43
9442.65
8768.80
7957.24
7190.27
6690.07
6420.09
6249.06
6196.27
6412.81
6996.08
7106.89
7508.26
8000.66
8371.18
8720.75
8960.37
8730.01
8802.65
9015.03
9012.03
8799.18
8508.90
9111.60
9712.74
9437.31
8741.63
7918.64
7162.31
6645.33
6399.14
6198.62
6120.96
6413.14
7020.43
7180.93
7612.97
8110.35
8386.81
8732.91
9072.85
8867.15
8940.29
9170.25
9168.40
8948.80
8630.93
9196.69
9818.27
9666.53
9174.54
8295.54
7425.83
6811.31
6481.42
6326.52
6286.66
6507.31
7003.20
7169.72
7647.29
8327.13
8774.44
9111.85
9223.38
9129.10
9189.81
9322.76
9375.02
9145.05
8812.59
9212.16
9617.42
9400.73
8937.69
8114.42
7283.69
6812.78
6520.10
6334.76
6227.29
6220.68
6238.89
6099.10
6447.26
6978.03
7381.75
7834.41
8174.96
8120.87
7967.00
7809.39
7650.20
7383.30
7259.20
8129.58
8739.55
8587.24
8209.53
7493.84
6902.96
6490.38
6184.44
6019.22
5944.43
6011.49
6120.05
6179.35
6675.30
7259.99
7634.09
7907.58
8069.10
8043.83
7894.05
7741.92
7632.59
7493.96
7457.25
8322.22
8821.30
8543.37
7933.57
7292.40
6664.22
6239.08
5958.29
5798.03
5634.98
5599.54
5582.82
5384.66
5672.44
6053.64
6372.76
6615.82
6804.73
6871.87
6799.09
6642.74
6465.76
6378.54
6490.77
7498.09
8163.92
7994.67
7525.07
6855.26
6351.27
5993.81
5810.47
5697.73
5683.49
5943.99
6541.64
6757.13
7251.62
7860.78
8192.38
8529.76
8769.75
8548.29
8578.98
8758.93
8736.04
8596.07
8333.09
9059.37
9550.38
9228.78
8605.15
7683.92
6890.82
6422.26
6180.28
6038.96
6003.63
6248.56
6839.21
6996.43
7341.03
7810.42
8214.73
8667.35
8874.19
8695.72
8766.84
8956.61
8938.37
8664.16
8401.09
9033.29
9653.24
9328.12
8625.23
7850.48
7032.27
6540.96
6308.71
6162.31
6145.73
6396.79
6972.37
7121.32
7584.42
8128.36
8474.90
8950.83
9194.52
8969.54
9053.82
9222.96
9076.35
8920.18
8682.37
9204.34
9618.60
9383.47
8786.24
8041.68
7226.91
6705.67
6486.80
6390.84
6320.46
6496.61
7109.30
7219.98
7643.56
8150.25
8462.76
8834.76
9070.90
8791.98
8756.62
8844.68
8763.25
8642.10
8400.56
9012.76
9366.28
9149.69
8538.50
7846.09
7135.01
6635.62
6391.11
6212.51
6184.26
6444.83
7002.95
7177.88
7637.33
8183.33
8485.64
8794.10
8985.46
8729.64
8755.19
8931.94
8890.98
8745.70
8534.83
9084.43
9362.55
9122.01
8590.86
7914.65
7271.67
6801.63
6473.43
6464.50
6399.59
6451.11
6614.93
6554.30
7116.92
7685.88
8014.95
8328.75
8465.55
8309.55
8109.87
7940.74
7852.27
7730.55
7692.37
8473.24
8798.69
8559.60
8103.76
7525.55
6959.61
6533.52
6139.13
5921.03
5831.46
5788.72
5783.43
5627.88
5850.44
6272.29
6559.24
6807.92
7012.31
7056.77
6971.41
6807.59
6669.10
6583.50
6634.85
7511.61
7922.84
7797.50
7448.50
7001.00
6557.63
6025.92
5789.06
5617.94
5535.14
5546.75
5602.02
5614.70
5955.93
6413.00
6828.23
7265.68
7460.10
7522.56
7456.42
7281.50
7141.67
7066.32
7077.62
8010.07
8564.84
8211.94
7737.89
7152.87
6570.45
6092.57
5846.16
5708.90
5694.61
5961.61
6564.66
6775.87
7156.34
7780.43
8186.98
8627.21
8857.99
8666.34
8749.13
9027.86
9040.83
8903.01
8606.75
9196.47
9649.08
9275.95
8700.67
7911.56
7175.49
6535.05
6262.50
6106.71
6085.50
6339.38
6921.78
7217.90
7575.13
8083.52
8479.16
8830.52
9080.74
8855.53
8921.43
9052.71
9052.47
8955.87
8782.33
9388.27
9727.03
9416.68
8806.75
8043.62
7268.89
6745.64
6491.72
6316.74
6301.15
6543.30
7146.58
7252.59
7633.52
8181.14
8513.52
8854.44
9081.75
8826.16
8896.88
9074.47
9102.80
8995.01
8765.35
9413.17
9762.65
9407.06
8792.11
8028.80
7317.81
6757.39
6476.81
6297.28
6300.78
6537.12
7085.11
7288.53
7683.66
8187.13
8496.66
8804.20
8976.11
8806.01
8949.19
9159.53
9149.32
8908.64
8706.15
9320.42
9654.04
9331.39
8707.87
8026.77
7345.78
6877.23
6652.82
6470.26
6386.43
6461.04
6510.02
6626.14
7174.35
7802.60
8204.84
8530.29
8673.16
8548.73
8280.12
8077.24
7938.08
7809.64
7786.16
8610.63
9011.81
8652.51
8227.56
7571.41
7028.13
6625.72
6328.39
6095.19
5988.97
5937.04
5857.84
5682.96
6051.80
6487.07
6831.32
7094.27
7285.27
7382.26
7270.57
7073.20
6968.54
6864.87
6937.41
7882.39
8339.35
8250.26
7824.31
7295.82
6709.77
6363.78
6109.71
6025.85
5999.24
6234.64
6796.13
6955.80
7402.81
7994.87
8383.65
8766.33
8997.16
8817.76
8830.46
9000.79
8962.14
8812.31
8655.05
9307.49
9631.49
9248.13
8623.41
7845.56
7133.53
6615.68
6383.91
6254.80
6217.26
6395.46
7007.38
7204.88
7557.43
8063.29
8470.96
8816.80
9019.25
8790.45
8882.70
9105.27
9140.83
8918.02
8767.46
9529.31
9854.07
9464.07
8725.88
7879.40
7143.27
6783.92
6573.73
6389.45
6320.92
6558.71
7173.27
7307.06
7672.16
8015.72
8336.84
8645.90
8838.42
8671.27
8801.22
9035.92
8943.22
8829.65
8626.00
9355.63
9713.45
9311.09
8666.76
7890.79
7277.84
6876.24
6576.76
6492.20
6496.88
6702.54
7316.39
7452.13
7848.48
8177.13
8517.13
8781.97
8992.20
8832.01
8909.44
9023.82
9038.04
8937.03
8764.93
9441.00
9804.53
9450.79
8657.38
7787.22
7118.24
6877.42
6683.36
6515.36
6484.10
6738.46
7307.94
7439.28
7862.31
8305.53
8584.35
8905.05
9165.52
8997.53
9031.04
9174.25
9171.44
8965.81
8724.36
9477.27
9792.03
9314.44
8700.87
7997.52
7362.06
7076.48
6837.22
6784.59
6659.02
6672.71
6770.96
6841.03
7475.20
8067.01
8359.99
8671.48
8799.11
8698.23
8493.97
8322.80
8184.07
8017.44
7903.69
8919.50
9137.45
8752.24
8305.82
7683.46
7081.23
6742.59
6391.03
6267.24
6222.57
6040.53
6031.87
5823.52
6145.50
6625.06
6961.32
7224.87
7313.45
7348.90
7288.21
7154.76
7002.23
6913.75
7004.11
7857.24
8410.73
8362.63
7908.52
7453.01
6977.70
6462.78
6174.09
6048.04
6030.56
6253.09
6832.64
7038.52
7519.31
8296.91
8700.64
9025.41
9118.53
8909.09
8930.19
9006.70
9006.95
8895.92
8736.32
9348.34
9625.27
9516.13
9015.10
7979.40
7003.96
6543.00
6360.94
6241.30
6209.66
6403.45
7035.32
7204.38
7557.34
8094.02
8445.46
8811.68
9084.14
8928.75
8890.58
9001.56
8968.08
8881.82
8722.31
9348.43
9695.49
9440.74
8818.26
8013.45
7226.63
6657.83
6370.45
6221.33
6173.42
6426.12
7042.81
7265.50
7710.17
8187.74
8546.04
8881.43
9067.61
8903.45
8911.91
9098.86
9123.04
9045.37
8867.27
9530.50
9732.41
9452.99
8876.30
8068.72
7320.44
6676.99
6465.53
6294.46
6231.66
6484.10
7174.77
7327.30
7767.84
8182.95
8501.94
8806.33
9023.46
8810.28
8819.36
8903.57
8986.56
8882.47
8672.78
9410.88
9640.95
9378.68
8849.92
8014.30
7297.72
6767.71
6417.85
6240.78
6225.84
6458.79
7140.21
7345.86
7797.61
8320.50
8673.51
8980.27
9116.55
8984.55
9043.66
9170.02
9199.14
9044.94
8845.75
9535.41
9691.08
9397.05
8953.91
8322.89
7531.35
7052.69
6766.38
6579.37
6498.85
6592.13
6682.93
6847.02
7415.67
8023.26
8428.75
8731.75
8877.13
8758.02
8566.67
8331.47
8167.53
8002.03
7996.67
8875.93
9075.67
8866.67
8331.72
7712.79
7150.63
6705.61
6315.88
6096.34
5923.81
5840.76
5756.44
5588.46
5843.41
6259.07
6718.80
7023.57
7229.47
7300.09
7226.87
7083.35
6966.14
6892.73
7002.77
8097.83
8491.68
8376.13
7962.51
7327.21
6733.13
6330.57
6095.73
5896.56
5838.07
6075.03
6762.66
7013.73
7493.75
8110.12
8491.45
8950.82
9146.26
9001.65
9052.75
9198.23
9181.36
9060.79
8862.49
9551.78
9756.46
9550.49
9005.38
8029.95
7301.43
6805.16
6567.20
6392.63
6306.28
6566.09
7150.87
7365.85
7777.45
8326.08
8623.85
9009.66
9260.73
9000.72
9061.96
9291.63
9311.41
9165.73
8937.82
9752.68
9946.16
9681.10
9029.25
8166.20
7385.34
6840.26
6591.91
6380.55
6347.80
6611.23
7206.47
7337.11
7764.46
8252.26
8534.28
8854.91
9070.08
8934.87
8976.18
9143.02
9099.39
8980.88
8832.04
9683.19
9864.32
9560.38
8974.12
8109.12
7355.96
6882.45
6634.21
6418.79
6339.29
6608.57
7252.36
7411.73
7765.72
8221.20
8528.67
8820.35
9046.59
8827.42
8851.12
9003.98
9001.82
8904.53
8776.36
9451.50
9610.71
9304.12
8706.78
7807.28
7096.48
6628.57
6373.66
6245.83
6200.47
6418.56
6960.40
7134.81
7568.10
7927.68
8203.17
8507.82
8681.60
8463.90
8475.84
8682.73
8667.39
8505.96
8358.94
9216.01
9328.47
9029.90
8440.83
7708.12
7012.85
6494.55
6226.58
6058.63
6010.86
6115.14
6259.25
6398.95
7002.31
7640.68
8038.93
8357.44
8561.88
8476.55
8280.37
8119.16
8016.97
7819.38
7749.41
8752.33
8985.85
8711.97
8217.71
7599.61
7059.45
6568.70
6264.98
6061.48
5924.65
5869.23
5782.35
5579.97
5982.43
6404.66
6772.05
7062.22
7237.70
7258.16
7212.79
7068.14
6962.78
6867.32
6960.42
8167.51
8533.94
8412.01
8020.53
7415.65
6770.27
6436.12
6221.22
6097.65
6052.89
6317.25
6870.41
7066.08
7535.92
8170.10
8593.58
9012.84
9219.39
8990.30
9045.41
9225.73
9199.76
9052.19
8858.19
9538.62
9771.51
9452.41
8921.72
8034.32
7303.69
6983.41
6917.11
6810.44
6715.21
6914.45
7405.56
7526.23
7935.96
8465.42
8620.53
8941.31
9159.74
8997.86
9036.01
9219.84
9229.34
9100.69
8922.62
9653.29
9863.04
9600.52
9024.78
8175.28
7612.98
7201.65
6986.18
6819.55
6686.11
6928.50
7431.07
7572.02
7857.95
8422.48
8699.86
9056.00
9280.64
9064.40
9046.19
9243.91
9221.19
9017.44
8904.67
9733.15
9773.92
9453.82
8985.60
8202.76
7702.48
7159.05
6832.08
6709.60
6638.82
6873.77
7286.20
7473.17
7825.65
8260.72
8473.13
8788.32
9029.43
8798.07
8785.26
8900.49
8873.44
8836.74
8805.35
9560.97
9629.38
9385.01
8998.43
8205.66
7588.33
7087.80
6863.66
6708.81
6589.79
6813.36
7342.24
7442.92
7908.64
8358.12
8648.00
8914.18
9089.83
8871.02
8835.79
8946.00
8921.27
8813.13
8701.15
9386.53
9336.06
9123.05
8717.91
7980.02
7401.97
7012.74
6737.34
6556.65
6450.15
6524.58
6687.34
6759.14
7261.94
7875.96
8290.23
8547.06
8680.01
8584.23
8399.80
8224.08
8101.71
7957.74
7974.50
8877.43
8971.07
8668.26
8338.58
7720.94
7290.71
6925.84
6640.72
6473.19
6341.66
6288.51
6180.62
5891.04
6166.29
6624.30
6968.10
7208.45
7384.65
7381.41
7200.98
7019.56
6821.73
6760.82
7020.84
7973.07
8166.69
8118.08
7817.25
7208.27
6785.02
6433.84
6277.34
6087.85
6071.28
6325.43
6840.55
7064.04
7495.98
8106.04
8495.18
8896.27
9061.98
8948.67
9041.23
9202.77
9151.02
9070.28
8980.46
9703.60
9762.87
9472.44
8950.84
8192.23
7524.14
6921.81
6804.12
6684.65
6533.17
6546.27
7060.73
7207.68
7703.40
8287.60
8657.90
9004.92
9210.14
9004.11
9048.62
9250.61
9239.72
9073.56
8892.23
9741.97
9866.71
9418.62
8864.09
8112.16
7344.47
6836.55
6590.36
6426.85
6361.31
6618.89
7185.94
7340.06
7814.02
8355.03
8677.27
9011.32
9165.46
8922.25
8968.63
9095.37
8996.20
8954.73
8856.00
9668.49
9733.38
9456.37
8846.75
8046.30
7253.59
6893.93
6726.04
6629.04
6521.22
6721.73
7091.91
7210.59
7626.80
8150.12
8470.73
8741.23
9027.40
8900.91
8963.24
9109.63
9072.56
8964.38
8816.88
9644.02
9729.16
9447.71
8769.74
8020.95
7291.41
6756.39
6513.53
6372.61
6331.01
6571.89
7062.81
7250.49
7685.71
8352.73
8679.77
8946.60
9215.14
9031.73
9102.93
9285.37
9242.75
9094.18
8896.91
9736.35
9759.25
9457.48
8896.47
8174.03
7516.97
7005.21
6757.70
6557.70
6438.47
6446.26
6606.05
6742.67
7323.33
7952.69
8285.09
8530.07
8659.73
8481.75
8281.40
8138.48
8059.42
7900.54
7984.15
9003.64
9084.54
8864.35
8356.49
7705.21
7135.38
6696.18
6401.81
6218.42
6092.60
6040.74
5951.67
5872.09
6221.67
6616.17
6943.31
7197.17
7394.85
7462.95
7398.64
7264.26
7124.56
7052.80
7181.75
8296.88
8529.77
8340.73
8018.75
7520.85
6898.80
6465.54
6259.57
6151.16
6100.61
6343.19
6871.28
7049.25
7550.71
8177.75
8620.09
9040.05
9261.58
9087.51
9120.54
9291.01
9268.51
9125.48
8955.29
9703.38
9776.06
9486.24
9015.71
8187.49
7392.89
6906.98
6645.65
6473.47
6437.71
6679.04
7190.05
7354.18
7810.55
8381.97
8712.96
9033.42
9214.63
9015.77
9091.88
9172.53
9104.19
8914.18
8945.04
9714.54
9700.92
9414.37
8855.84
7998.84
7206.89
6750.62
6551.20
6371.12
6291.19
6457.94
7053.47
7210.14
7562.63
8048.06
8322.41
8682.14
8859.81
8663.47
8569.36
8769.38
8810.47
8661.62
8578.02
9594.80
9550.23
9238.14
8677.61
7800.76
7136.71
6535.23
6324.82
6173.63
6117.05
6362.54
6919.43
7076.29
7456.89
7911.19
8128.66
8451.40
8689.31
8488.65
8548.46
8728.07
8700.25
8603.40
8624.60
9369.99
9324.72
8996.41
8421.46
7566.53
6833.10
6403.95
6144.46
5952.43
5954.41
6178.85
6743.55
6977.13
7444.76
7967.00
8287.33
8617.24
8867.40
8701.83
8704.12
8878.51
8817.62
8774.87
8662.03
9437.44
9425.25
9127.98
8564.29
7841.13
7175.26
6696.41
6426.02
6265.18
6184.63
6290.61
6424.35
6531.35
7069.37
7661.70
8067.21
8381.27
8551.40
8443.00
8266.96
8075.11
7987.32
7742.75
7843.10
8835.45
8888.37
8609.28
8209.26
7593.59
7031.92
6546.93
6251.81
6077.45
5975.78
5886.39
5752.34
5627.60
5995.12
6390.06
6690.46
6846.36
7117.53
7228.07
7128.27
7008.02
6886.53
6742.88
6988.28
8049.03
8255.88
8228.79
7848.33
7321.85
6764.70
6344.81
6097.65
5985.20
5953.74
6144.89
6445.22
6775.74
7486.85
8196.10
8628.81
9014.37
9231.10
9096.02
9133.18
9181.11
9124.75
8943.37
8926.65
9697.59
9653.06
9421.61
8923.13
8159.07
7359.55
6854.58
6586.93
6414.82
6363.24
6543.31
6835.19
7105.05
7714.58
8317.71
8666.61
9020.52
9292.50
9080.52
9105.48
9233.94
9180.44
9009.01
8933.44
9758.56
9702.10
9431.81
8896.77
8165.34
7403.99
6871.06
6626.45
6437.27
6410.18
6578.06
6871.26
7175.44
7747.01
8307.02
8594.84
8888.87
9121.14
8968.70
8931.02
9070.60
9036.14
8891.58
8905.96
9694.94
9628.52
9314.24
8782.25
8021.79
7284.10
6789.79
6533.14
6353.76
6302.38
6444.09
6803.81
7077.95
7717.99
8294.41
8684.13
8958.51
9203.94
9024.93
9046.69
9120.90
9032.29
8881.85
8870.40
9665.70
9655.34
9346.89
8885.58
8133.23
7387.43
6885.79
6619.68
6440.49
6429.41
6577.31
6853.82
7125.22
7786.77
8383.65
8678.16
8935.23
9151.83
9018.16
8976.45
9043.33
8986.75
8824.30
8823.47
9622.50
9523.12
9221.44
8740.40
8023.03
7398.80
6897.53
6597.69
6426.11
6354.24
6414.62
6496.39
6631.85
7234.51
7884.92
8216.98
8498.30
8634.34
8501.86
8310.51
8112.90
7958.13
7794.09
7987.41
8847.03
8823.50
8515.51
8027.93
7423.42
6889.52
6523.24
6240.32
5968.34
5891.79
5846.85
5776.99
5635.73
5945.34
6276.29
6592.00
6738.79
6896.64
7050.04
6952.74
6750.22
6637.71
6573.00
6778.35
7898.40
8013.95
7831.56
7489.15
7003.35
6557.52
6127.02
5874.37
5712.45
5606.12
5572.37
5593.87
5523.59
5900.95
6355.43
6738.15
7083.82
7318.14
7321.23
7219.49
7072.59
7012.26
6944.11
7222.87
8348.07
8525.60
8334.09
7853.12
7196.69
6652.03
6299.37
6105.26
5978.38
5948.20
6202.90
6827.76
7029.15
7503.45
8045.73
8407.27
8788.31
8992.66
8741.67
8727.17
8897.37
8897.12
8789.73
8941.21
9524.65
9431.43
9066.39
8449.12
7653.03
6955.74
6516.58
6248.88
6117.63
6073.72
6327.39
6903.72
7105.69
7479.69
7966.08
8206.75
8508.05
8707.52
8477.21
8483.51
8606.53
8607.87
8504.77
8675.63
9412.15
9306.57
9060.72
8473.25
7572.82
6821.63
6404.90
6211.93
6079.97
6053.48
6331.18
6874.80
7100.17
7473.53
7925.98
8206.60
8461.52
8740.37
8590.74
8563.69
8719.83
8647.91
8652.03
8778.56
9499.22
9442.81
9170.85
8619.72
7814.61
7022.39
6563.31
6363.88
6197.38
6158.97
6402.53
6953.57
7148.28
7580.07
8023.88
8347.58
8631.62
8824.26
8613.26
8626.69
8845.68
8848.76
8711.09
8781.14
9513.15
9382.82
9096.54
8559.99
7890.09
7188.50
6707.91
6460.78
6312.09
6261.09
6336.85
6406.04
6587.43
7182.78
7835.84
8219.11
8537.05
8629.99
8482.31
8312.81
8113.25
7998.78
7848.33
8036.03
8983.70
8950.34
8688.41
8217.09
7629.17
7050.53
6654.16
6370.73
6154.29
6002.85
5966.04
5884.49
5741.61
6055.19
6471.95
6820.68
7055.54
7288.64
7286.38
7235.39
7109.10
7043.65
6910.71
7210.62
8241.44
8353.42
8212.63
7835.22
7231.71
6690.30
6185.44
5954.41
5807.39
5776.60
6017.48
6739.59
6914.15
7411.70
7986.97
8329.46
8721.19
8949.87
8760.25
8781.41
8956.21
8987.85
8911.38
8939.72
9734.75
9694.11
9383.41
8824.89
7983.01
7204.94
6714.40
6409.72
6172.27
6093.79
6372.02
7001.93
7177.37
7654.45
8212.62
8482.54
8800.54
9005.99
8798.80
8927.79
9125.19
9086.52
8924.54
9037.73
9819.94
9718.80
9397.92
8828.91
8022.72
7218.28
6636.25
6405.72
6186.19
6145.43
6448.06
7007.26
7150.77
7600.01
8112.03
8419.66
8759.09
9034.14
8827.81
8918.45
9155.69
8992.51
8867.65
8902.01
9719.59
9703.42
9362.18
8846.03
8016.15
7133.36
6658.05
6424.37
6268.15
6192.64
6379.09
7055.52
7304.27
7722.89
8271.99
8604.14
8943.48
9177.66
8935.61
8981.95
9174.16
9140.41
8982.96
9088.69
9835.36
9719.60
9452.39
8888.18
8053.79
7294.36
6792.12
6552.57
6422.16
6385.56
6582.63
7116.77
7303.25
7793.92
8288.80
8593.58
8899.26
9098.36
8941.68
8984.65
9038.65
9005.46
8878.96
8992.71
9626.36
9454.14
9107.94
8610.27
7882.64
7248.09
6784.83
6509.93
6316.81
6226.04
6298.39
6385.78
6558.28
7122.50
7691.88
8032.23
8270.97
8430.06
8299.49
8042.24
7832.77
7703.37
7630.70
7907.74
8738.46
8653.99
8339.74
7864.69
7241.32
6638.38
6149.06
5888.18
5691.81
5642.51
5603.45
5624.85
5566.92
5826.43
6215.38
6454.29
6644.58
6758.79
6771.25
6696.54
6553.87
6465.44
6527.87
6961.75
7896.05
7975.55
7728.46
7344.13
6780.19
6223.97
6004.82
5750.98
5550.13
5549.94
5859.82
6401.92
6668.24
7173.24
7692.52
8067.43
8391.79
8603.47
8407.31
8407.98
8577.04
8580.97
8502.10
8698.74
9422.72
9339.95
8986.89
8423.95
7564.58
6834.86
6358.29
6143.46
6006.20
5976.43
6264.85
6848.64
6967.24
7383.75
7941.79
8248.79
8582.01
8746.84
8547.62
8588.77
8719.42
8718.94
8636.13
8810.88
9538.44
9489.45
9132.69
8578.56
7701.05
6933.78
6465.32
6269.60
6110.77
6066.70
6331.42
6977.29
7153.55
7552.75
8092.60
8332.64
8679.52
8926.02
8731.52
8762.70
8894.05
8945.59
8839.76
8953.82
9702.96
9639.32
9340.27
8765.34
7862.65
7115.98
6648.73
6364.45
6221.25
6190.56
6408.50
6975.35
7124.82
7530.13
8112.02
8426.01
8795.57
8999.84
8775.82
8843.52
8988.21
8949.72
8858.80
8961.87
9628.93
9509.61
9247.34
8683.09
7811.90
7124.65
6610.74
6358.17
6203.00
6180.54
6412.08
6867.78
7088.48
7588.33
8051.65
8321.57
8700.68
8853.16
8705.98
8764.34
8925.90
8940.75
8814.11
8927.37
9624.65
9480.33
9172.71
8663.77
7906.02
7282.10
6791.11
6512.32
6351.79
6257.75
6544.79
6595.06
6564.19
7070.06
7713.79
8117.61
8406.61
8774.74
8505.13
8196.25
8045.23
7872.45
7675.34
7856.53
8627.49
8591.16
8240.27
7799.05
7202.21
6734.23
6372.50
6108.64
5939.58
5803.43
5746.58
5661.70
5501.06
5803.67
6200.31
6555.46
6885.66
7039.03
7193.87
7104.20
6912.16
6759.31
6714.93
7091.32
7965.03
7994.76
7747.52
7333.75
6829.33
6398.12
5985.03
5753.68
5587.40
5482.61
5492.58
5535.03
5410.73
5755.13
6087.67
6516.55
6837.22
7084.99
7157.63
7075.17
6926.94
6817.25
6745.73
7182.74
8257.27
8288.21
8018.50
7532.35
6903.62
6396.37
6035.01
5829.44
5688.33
5653.59
5945.91
6626.40
6766.05
7161.63
7687.49
8039.14
8364.08
8609.98
8413.00
8479.68
8650.10
8637.53
8564.72
8717.86
9401.74
9326.20
9020.25
8471.83
7536.88
6833.90
6370.63
6155.71
5999.63
5982.69
6211.36
6833.99
7054.57
7378.50
7839.60
8132.33
8426.67
8603.11
8433.82
8467.59
8590.65
8572.41
8490.61
8716.94
9470.92
9375.36
9031.24
8411.01
7523.72
6858.68
6414.33
6167.76
6015.29
5958.55
6182.80
6828.95
7031.53
7463.45
7905.29
8110.19
8419.37
8581.38
8310.51
8291.81
8505.01
8525.71
8484.25
8682.86
9261.34
9230.50
8925.59
8360.78
7472.82
6846.21
6410.24
6168.66
6032.96
6020.03
6257.82
6843.42
7054.58
7459.20
7986.14
8361.33
8624.30
8821.60
8476.51
8611.31
8773.81
8763.91
8642.38
8865.31
9542.15
9348.78
9009.74
8474.58
7740.66
7109.65
6650.28
6375.23
6231.46
6131.16
6205.64
6357.90
6513.35
7057.89
7650.36
7994.95
8301.51
8456.77
8366.23
8133.38
7918.88
7780.24
7655.64
8044.45
8902.10
8782.28
8448.15
7914.15
7282.32
6727.74
6273.22
6008.68
5850.99
5732.22
5707.78
5613.55
5544.30
5900.94
6354.09
6706.58
6964.33
7130.22
7147.62
7046.75
6937.48
6851.05
6772.23
7138.51
8080.44
8232.53
8081.78
7666.14
7080.50
6480.29
6153.73
5893.87
5794.97
5773.82
5975.89
6518.12
6726.20
7249.40
7840.74
8176.98
8523.66
8695.34
8475.41
8500.94
8636.51
8635.93
8580.17
8792.87
9449.08
9364.34
9033.21
8452.74
7591.74
6804.93
6403.58
6168.36
6035.47
5999.16
6242.61
6832.59
7012.27
7429.79
7953.31
8230.19
8569.51
8771.41
8470.91
8505.39
8728.64
8695.14
8600.55
8786.37
9537.05
9501.17
9180.86
8510.23
7641.78
6935.31
6484.65
6244.36
6136.07
6111.26
6322.45
6926.14
7100.74
7497.33
7961.40
8221.71
8545.37
8735.69
8493.50
8510.54
8702.76
8622.11
8535.31
8741.17
9486.16
9425.89
9172.20
8530.85
7659.60
6970.07
6534.81
6292.96
6159.13
6134.13
6376.26
6957.11
7146.40
7565.60
8050.81
8379.28
8698.59
8862.86
8664.49
8701.70
8900.49
8930.17
8790.43
8868.73
9594.97
9492.03
9100.57
8617.67
7829.60
7101.37
6584.25
6312.25
6240.48
6215.74
6416.89
6935.76
7123.65
7556.25
8074.36
8384.32
8705.07
8805.73
8599.74
8641.03
8768.79
8717.88
8605.56
8773.28
9576.78
9454.40
9124.25
8585.56
7817.45
7114.18
6750.39
6416.70
6261.67
6193.99
6245.90
6365.43
6510.16
7078.23
7672.09
8064.42
8326.71
8482.39
8351.99
8122.35
7956.89
7815.70
7661.57
8016.51
8895.93
8853.77
8547.16
8045.89
7434.38
6975.21
6444.39
6161.89
5992.29
5921.81
5909.54
5828.40
5702.12
6039.64
6407.01
6660.75
6871.46
6988.50
7060.61
6959.85
6810.86
6679.90
6621.51
7115.63
8005.53
8092.98
7909.10
7551.65
7018.27
6495.64
6206.20
5940.08
5798.22
5719.01
5717.69
5738.20
5628.75
6016.20
6448.75
6827.15
7137.30
7345.47
7378.13
7256.58
7012.48
6928.62
6875.03
7355.07
8231.10
8296.28
8075.86
7577.59
7061.08
6469.63
6144.86
5843.69
5769.03
5760.77
5987.52
6589.41
6900.14
7322.05
7851.16
8178.40
8457.57
8560.81
8360.20
8357.74
8449.88
8394.05
8373.32
8670.84
9337.75
9180.61
8870.51
8229.72
7435.97
6712.83
6286.12
6039.75
5917.27
5898.64
6094.32
6631.96
6932.81
7391.67
7825.27
8063.75
8322.62
8499.33
8339.33
8313.18
8466.69
8474.82
8425.45
8698.09
9398.76
9261.74
8889.00
8313.82
7461.49
6721.59
6263.54
6041.35
5924.71
5930.26
6184.88
6680.18
6996.69
7447.50
7895.54
8132.81
8436.05
8661.43
8496.32
8523.55
8677.87
8711.51
8519.44
8683.00
9447.37
9372.63
9015.44
8430.39
7643.69
6893.32
6366.67
6134.80
6029.87
5972.90
6203.89
6684.72
6969.47
7477.73
7996.85
8309.01
8627.52
8901.96
8676.90
8687.27
8836.75
8805.96
8665.99
8847.83
9483.93
9319.88
8962.60
8441.91
7672.75
7109.55
6578.10
6293.51
6126.20
6071.54
6173.03
6309.53
6500.57
7035.66
7622.54
8011.23
8280.30
8433.25
8297.00
8095.90
7980.56
7832.42
7713.83
8017.88
8896.18
8859.30
8556.91
8003.35
7376.25
6800.13
6408.23
6125.21
5973.07
5850.30
5829.86
5757.05
5594.74
5942.94
6322.37
6617.38
6846.23
7064.27
7115.79
7053.42
6931.86
6829.76
6782.30
7136.10
8166.74
8298.53
8181.48
7854.37
7248.39
6729.19
6304.25
6063.85
5916.28
5870.46
6093.05
6490.83
6813.46
7332.02
7918.76
8250.32
8595.53
8783.98
8610.17
8650.92
8759.88
8749.51
8683.96
8798.36
9498.28
9448.87
9133.25
8522.89
7693.30
6906.95
6483.21
6253.25
6117.40
6069.10
6257.08
6668.59
6911.05
7478.38
8027.12
8429.74
8733.00
8924.77
8713.24
8700.82
8885.77
8813.86
8717.13
8851.20
9697.50
9625.49
9282.44
8531.87
7706.46
7073.74
6561.69
6350.72
6179.40
6145.18
6351.23
6725.60
7016.94
7578.58
8127.80
8435.99
8795.48
9031.95
8808.51
8839.12
9004.87
8945.17
8806.66
8878.64
9820.86
9712.73
9352.61
8679.37
7855.13
7071.49
6624.11
6366.29
6203.65
6160.25
6369.39
6764.54
7049.32
7628.31
8185.02
8482.32
8841.26
9062.46
8852.22
8885.26
9061.94
9068.82
8948.17
8999.88
9882.38
9711.86
9407.05
8737.19
7903.14
7306.14
6739.68
6431.19
6280.38
6243.82
6440.70
6801.90
7038.55
7630.69
8163.23
8476.54
8794.17
9024.18
8841.54
8725.29
8908.44
8912.41
8769.71
8927.57
9667.78
9582.86
9239.78
8672.76
7972.91
7250.07
6752.39
6516.32
6321.59
6233.54
6315.50
6471.01
6610.90
7188.95
7688.66
7920.07
8086.82
8200.58
8111.20
7949.86
7803.91
7696.05
7615.23
7883.90
8908.22
8908.46
8603.58
8065.54
7386.30
6857.64
6407.84
6114.06
5902.93
5802.25
5772.84
5741.60
5614.20
5940.82
6334.55
6641.71
6880.56
7108.25
7156.19
7074.21
6969.68
6843.02
6743.04
7085.29
8315.63
8434.92
8279.79
7897.81
7331.91
6767.96
6355.46
6054.05
5833.40
5806.39
6062.09
6460.95
6771.51
7369.91
7988.73
8379.39
8703.40
8951.74
8799.92
8769.58
8954.31
8916.78
8754.48
8873.00
9688.90
9613.59
9315.35
8710.35
7893.12
7163.60
6622.40
6404.07
6222.85
6187.04
6401.64
6763.23
7033.30
7655.54
8183.45
8447.71
8733.87
8929.71
8752.01
8754.25
8945.91
8937.61
8757.36
8845.13
9685.37
9639.00
9329.82
8781.68
7931.14
7241.39
6708.75
6478.76
6339.20
6289.97
6478.58
6827.03
7037.74
7690.62
8299.99
8545.40
8845.85
9056.04
8869.97
8857.32
9031.91
8998.10
8871.52
8968.94
9754.50
9712.80
9405.36
8896.51
8091.31
7333.43
6774.83
6440.31
6273.52
6243.05
6432.42
6782.57
7015.64
7647.05
8198.18
8513.69
8795.34
9008.80
8845.21
8800.72
8941.27
8894.76
8800.07
9006.70
9853.56
9712.34
9311.02
8834.94
7911.69
7196.68
6696.64
6444.14
6259.33
6223.52
6367.50
6710.49
7075.56
7626.69
8230.31
8462.47
8695.77
8953.25
8791.11
8775.20
8898.45
8893.07
8767.59
8831.81
9681.11
9651.04
9239.91
8704.36
7957.26
7299.65
6817.37
6534.85
6336.17
6282.76
6373.50
6540.97
6679.39
7234.59
7797.83
8154.90
8481.60
8610.16
8471.74
8301.44
8134.93
7992.01
7841.90
8042.59
9107.98
9131.89
8839.03
8391.57
7711.13
7053.60
6662.78
6345.95
6188.99
6092.39
6069.67
5964.02
5836.00
6152.20
6559.71
6963.55
7237.31
7397.76
7429.00
7338.56
7229.23
7140.31
7019.49
7287.27
8426.20
8571.44
8401.20
8058.75
7422.27
6876.61
6536.68
6239.98
6097.73
6037.47
6187.36
6486.14
6751.67
7337.45
8032.56
8398.54
8725.21
8953.12
8784.14
8781.90
8848.68
8772.14
8537.13
8432.96
9308.50
9168.86
8584.10
8114.46
7574.90
7054.22
6631.79
6349.45
6178.83
6076.75
6083.68
6092.36
5902.30
6218.62
6624.40
6992.92
7297.56
7547.13
7596.18
7505.73
7393.12
7284.50
7161.25
7451.33
8695.83
8771.83
8525.99
8090.58
7531.63
6962.96
6571.57
6311.20
6188.55
6146.44
6293.14
6666.91
6959.96
7600.40
8265.71
8653.76
8980.41
9202.31
8993.37
9035.81
9186.89
9120.19
8959.23
9036.94
9869.56
9752.83
9434.42
8899.66
8141.66
7426.65
6793.41
6495.39
6346.67
6289.89
6430.90
6771.07
6957.52
7603.85
8207.54
8530.00
8879.02
9107.59
8973.29
8965.55
9087.54
9063.65
8933.26
8932.10
9890.41
9878.35
9503.49
9018.36
8206.43
7478.06
6950.63
6602.90
6451.13
6401.93
6567.01
6866.57
7140.07
7750.56
8328.31
8724.71
9007.09
9245.58
9013.83
9043.70
9148.40
9139.45
8997.57
9007.77
9873.72
9866.33
9451.78
8886.39
8108.84
7465.38
7016.35
6681.08
6457.34
6365.16
6439.63
6553.90
6625.96
7160.26
7702.30
8110.32
8415.75
8555.30
8472.18
8296.31
8171.52
7999.93
7893.61
8035.84
9132.54
9166.34
8926.42
8462.44
7852.58
7244.48
6826.93
6526.58
6319.69
6181.59
6136.34
6111.99
5884.91
6239.26
6670.48
6966.98
7168.25
7369.31
7418.25
7275.43
7136.16
7131.33
7067.20
7358.43
8489.76
8605.63
8469.20
8068.78
7512.74
6992.99
6631.79
6321.27
6040.51
6066.01
6290.03
6614.29
6911.82
7550.27
8132.93
8460.46
8770.85
8952.13
8830.93
8808.41
8881.19
8887.81
8725.42
8742.93
9535.90
9534.65
9305.17
8777.15
7943.05
7156.75
6721.59
6399.52
6150.86
6166.59
6353.61
6738.55
6979.48
7581.69
8178.76
8486.58
8750.15
8965.12
8801.14
8829.77
8949.82
8926.36
8779.69
8794.37
9718.22
9718.06
9420.50
8779.90
7940.49
7206.19
6671.15
6368.04
6246.01
6191.49
6418.62
6776.00
7000.19
7580.82
8204.19
8563.45
8887.73
9143.63
8967.11
8941.11
9060.48
9030.67
8894.79
8852.60
9733.21
9712.21
9332.66
8879.95
8106.94
7326.86
6808.39
6503.22
6379.71
6332.44
6491.98
6718.75
6968.49
7529.12
8186.26
8586.96
8816.49
9065.11
8921.55
8879.77
8971.09
8939.33
8722.62
8760.84
9716.90
9680.55
9273.67
8833.57
8131.59
7389.05
6876.97
6575.57
6407.96
6369.88
6525.34
6801.96
6993.07
7577.79
8206.59
8561.60
8880.47
9101.09
8915.27
8861.55
8882.87
8784.01
8657.95
8724.40
9459.67
9420.42
9144.20
8752.83
8065.21
7383.68
6830.44
6512.52
6332.46
6303.67
6400.70
6550.41
6599.47
7073.53
7624.80
8001.56
8277.00
8425.11
8331.51
8130.09
7977.12
7890.34
7752.38
7844.20
8891.12
8993.71
8769.63
8399.13
7756.37
7086.60
6663.29
6448.80
6227.47
6056.05
5997.99
5985.37
5817.72
6195.37
6626.55
6978.73
7237.16
7385.34
7398.85
7327.57
7198.46
7117.78
6991.48
7284.61
8406.28
8576.45
8398.71
8172.42
7658.30
7037.20
6471.71
6276.89
5926.02
5871.92
6056.82
6402.08
6614.06
7259.88
7905.17
8368.96
8704.13
8964.14
8793.26
8759.39
8900.09
8858.42
8681.67
8563.30
9463.25
9531.60
9228.76
8821.84
8081.97
7349.43
6776.26
6442.72
6300.98
6251.46
6398.70
6644.02
6831.97
7422.97
8053.06
8397.30
8684.99
8904.54
8772.74
8734.02
8828.32
8743.43
8616.71
8606.97
9458.49
9466.69
9207.13
8863.77
8099.21
7410.59
6832.35
6502.08
6280.29
6288.00
6439.89
6709.58
6777.62
7298.23
7960.72
8353.37
8658.71
8859.45
8679.52
8653.46
8709.41
8648.80
8505.03
8388.71
9288.85
9349.42
9150.97
8823.57
8177.86
7501.57
6839.77
6459.87
6249.61
6157.72
6233.03
6374.45
6442.04
6967.84
7520.12
7884.38
8080.40
8138.02
7954.78
7679.81
7480.68
7351.56
7197.97
7295.96
8458.46
8564.56
8148.01
7599.61
7144.56
6698.58
6413.04
6220.54
5991.08
5774.89
5619.00
5471.87
5094.58
5205.32
5497.46
5786.42
6066.65
6311.79
6421.31
6397.02
6303.55
6241.50
6167.19
6295.94
7437.98
7660.44
7517.99
7218.01
6791.19
6347.45
6016.54
5803.57
5650.46
5566.41
5600.38
5690.29
5630.48
6081.74
6685.90
7179.88
7481.56
7705.40
7730.20
7635.78
7545.03
7422.38
7295.59
7429.36
8512.65
8676.04
8431.07
8018.17
7436.11
6864.92
6428.31
6128.36
5938.20
5831.22
5799.56
5768.03
5551.94
5859.71
6312.83
6665.06
6903.58
7105.56
7204.78
7157.89
7027.31
6919.60
6791.48
6886.19
8023.38
8340.36
8195.85
7851.07
7277.53
6710.18
6244.54
6026.09
5842.66
5817.09
5925.07
6152.01
6315.33
6940.30
7532.65
7877.21
8174.78
8481.01
8429.64
8436.38
8503.13
8470.04
8295.40
8151.25
9065.80
9227.86
8961.51
8514.95
7767.93
6990.41
6564.33
6326.44
6120.82
6055.50
6139.45
6384.03
6478.77
6879.97
7606.85
7939.16
8319.61
8529.45
8446.91
8489.92
8525.85
8510.41
8312.40
8160.53
9067.94
9185.74
8919.74
8528.90
7806.91
7168.82
6630.57
6464.35
6371.55
6326.11
6494.82
6756.91
6747.59
7259.71
7722.51
8050.15
8359.70
8545.18
8402.16
8362.43
8376.14
8337.21
8151.79
7989.87
8867.38
9039.09
8804.91
8441.75
7827.74
7235.11
6728.47
6412.94
6167.30
6030.39
6055.25
6166.86
6116.74
6568.02
7220.20
7401.31
7576.46
7642.93
7512.42
7306.90
7116.59
7019.69
6988.29
7115.05
8107.10
8294.82
7939.10
7440.47
6969.83
6633.51
0.00
0.00
0.00
0.00
0.00
0.00
0.00
0.00
0.00
0.00
0.00
0.00
0.00
0.00
0.00
0.00
0.00
0.00
0.00
0.00
0.00
0.00
0.00
0.00