6315.56
6139.46
5934.56
5715.72
5550.86
5455.47
5027.48
5078.97
5311.39
5522.92
5722.42
5851.20
5978.27
5939.72
5821.29
5759.65
5681.34
5839.29
6874.05
7207.95
7098.69
6759.25
6475.68
6068.00
5767.97
5579.27
5424.86
5339.75
5334.57
5405.58
5330.41
5630.98
6056.44
6460.97
6685.25
6801.79
6926.47
6860.13
6731.77
6678.70
6630.62
6747.87
7731.27
7930.67
7728.59
7372.35
6890.83
6393.13
6037.24
5753.02
5596.76
5472.32
5391.00
5423.97
5221.25
5472.32
5837.96
6160.66
6410.69
6605.24
6669.42
6643.43
6569.60
6480.21
6421.03
6563.72
7583.69
7922.13
7798.23
7470.85
6958.52
6415.48
6041.99
5820.01
5654.09
5629.37
5693.42
5920.82
6060.12
6576.98
7201.16
7568.81
7902.88
8160.12
8129.80
8088.19
8166.30
8157.17
8054.93
8035.55
8801.14
8882.90
8562.39
8164.27
7497.71
6810.22
6398.24
6105.55
5971.00
5930.42
6028.65
6301.78
6421.40
6918.97
7502.44
7818.20
8191.45
8463.22
8375.27
8351.92
8409.80
8425.16
8302.28
8146.16
8925.40
9050.50
8769.37
8357.70
7623.99
7022.74
6562.09
6277.03
6101.27
6058.79
6130.81
6393.87
6564.23
7075.21
7605.72
7897.60
8267.84
8515.91
8423.03
8399.16
8488.72
8475.86
8338.31
8194.65
8887.46
9044.38
8797.24
8348.14
7616.71
6995.07
6531.33
6245.17
6084.04
6014.38
6118.33
6409.56
6584.34
7051.98
7629.18
7944.87
8292.22
8563.65
8424.37
8464.50
8534.56
8524.64
8368.25
8203.95
8967.49
9133.82
8868.29
8400.26
7753.13
7099.62
6617.05
6357.75
6207.76
6148.46
6235.32
6499.83
6635.00
7189.65
7767.04
8088.63
8421.26
8685.28
8573.53
8558.98
8661.56
8645.90
8448.25
8325.92
9079.08
9137.08
8816.93
8359.78
7808.30
7186.36
6695.78
6396.35
6232.94
6118.85
6190.61
6366.97
6334.15
6786.71
7332.74
7730.24
8032.68
8221.21
8133.38
7977.40
7827.72
7761.57
7593.69
7598.33
8579.19
8748.43
8473.15
8009.48
7487.69
6968.83
6527.82
6246.37
6070.89
5934.06
5833.47
5815.43
5585.06
5721.65
6065.35
6476.11
6705.31
6846.41
6961.73
6883.78
6745.33
6632.53
6529.91
6624.71
7654.14
7962.96
7796.28
7483.19
6997.74
6556.92
6181.77
5928.49
5755.58
5683.48
5652.17
5784.17
5679.31
5912.04
6301.20
6568.13
6901.62
7156.08
7226.22
7125.05
6980.97
6865.25
6773.79
6849.49
7989.46
8360.44
8103.55
7727.64
7194.52
6631.78
6202.11
5973.87
5838.66
5821.53
5938.82
6273.25
6477.56
7035.60
7625.60
8023.59
8359.25
8660.29
8568.93
8555.41
8712.79
8712.66
8526.02
8385.96
9097.65
9252.64
8957.39
8444.81
7733.54
7101.32
6590.76
6314.04
6210.92
6134.40
6251.52
6533.98
6784.40
7302.15
7892.26
8229.22
8500.12
8783.86
8682.22
8689.74
8759.80
8749.46
8615.70
8425.56
9168.95
9398.09
9022.15
8552.33
7780.34
7017.14
6669.69
6449.01
6218.75
6112.24
6253.59
6607.81
6799.63
7256.49
7807.75
8206.09
8686.53
8975.02
8799.24
8821.42
8987.46
8939.28
8791.32
8503.94
9227.18
9490.32
9069.33
8601.25
7873.76
7200.67
6650.26
6499.35
6340.34
6213.05
6402.48
6633.52
6849.49
7396.70
7988.50
8386.61
8736.05
8978.58
8881.46
8886.21
9005.26
9015.64
8850.48
8540.60
9177.95
9410.86
9106.63
8616.05
7975.67
7297.62
6789.21
6472.36
6374.50
6228.72
6250.08
6409.53
6430.66
6873.25
7457.48
7859.86
8200.36
8412.14
8318.12
8140.03
8003.09
7913.62
7769.01
7699.51
8586.15
8902.52
8667.02
8182.72
7581.50
6971.09
6562.91
6333.53
6095.12
5939.06
5868.54
5867.75
5644.49
5911.63
6266.55
6639.78
6922.73
7145.47
7212.36
7172.48
7075.97
6992.73
6884.64
6844.88
7824.30
8273.28
8137.89
7858.98
7369.16
6780.60
6416.00
6186.59
6047.07
5996.10
6160.79
6627.13
6810.38
7301.49
7887.52
8258.44
8613.37
8859.40
8700.11
8743.15
8891.04
8844.81
8688.69
8437.63
9132.55
9361.21
9094.24
8638.16
7848.54
7129.43
6763.62
6498.18
6261.60
6202.45
6370.76
6940.34
7122.95
7474.84
8040.89
8368.43
8723.02
8944.18
8778.67
8824.09
8975.00
8913.03
8790.19
8489.35
9307.73
9566.89
9231.84
8645.08
7943.89
7284.14
6731.50
6399.19
6199.28
6184.64
6360.97
7000.70
7190.38
7615.40
8130.18
8497.05
8868.04
9127.35
8836.11
8898.01
9056.80
9067.39
8860.02
8606.32
9347.46
9584.92
9155.67
8633.83
7895.02
7306.71
6717.06
6448.94
6264.75
6236.90
6417.52
6902.35
7146.13
7514.76
8044.90
8475.31
8832.18
8987.36
8871.39
8956.31
9018.68
9022.62
8857.29
8651.18
9295.44
9505.32
9236.08
8730.80
7993.31
7323.78
6850.09
6602.82
6441.02
6363.84
6484.69
6995.28
7195.53
7653.42
8240.06
8625.18
8962.25
9211.45
9018.00
9003.42
9174.54
9194.42
8988.84
8677.11
9259.65
9509.76
9199.72
8751.31
8103.12
7455.50
7086.92
6768.80
6620.52
6547.91
6596.93
6717.91
6654.25
7149.78
7689.41
8041.86
8374.23
8587.61
8512.88
8271.33
8145.42
8123.03
7972.68
7925.42
8825.76
9130.97
8895.38
8383.76
7644.95
7089.99
6687.43
6368.40
6194.05
6057.70
5948.99
5973.13
5790.55
6014.43
6420.80
6741.52
7004.23
7209.64
7259.61
7181.28
7046.91
6975.29
6882.93
6839.27
7902.66
8423.03
8270.81
7912.81
7320.09
6684.29
6364.15
6177.70
6008.40
5966.98
6167.61
6711.37
6930.13
7347.83
7930.10
8297.01
8674.48
8923.44
8755.65
8775.81
8917.76
8923.86
8791.77
8512.87
9127.54
9342.15
9055.38
8575.10
7750.06
7065.00
6637.68
6363.34
6205.01
6145.10
6349.63
6944.55
7067.45
7462.87
8005.88
8330.94
8738.05
8924.88
8789.58
8857.24
9043.06
9032.27
8825.51
8574.70
9190.21
9546.34
9269.66
8673.75
7914.02
7207.65
6735.84
6491.59
6276.93
6255.72
6475.34
7092.07
7196.01
7580.67
8100.79
8438.95
8809.60
9081.79
8874.51
8894.64
9109.08
9135.93
8939.50
8627.81
9248.17
9592.35
9356.94
8799.20
8027.27
7260.18
6795.13
6544.09
6383.28
6316.40
6538.58
7131.01
7251.42
7605.44
8143.53
8486.10
8827.47
9090.26
8942.29
9037.42
9229.03
9220.75
9052.90
8783.45
9480.29
9761.52
9394.38
8846.37
8096.79
7386.90
6866.21
6631.40
6467.41
6461.85
6616.22
7265.80
7445.84
7828.11
8376.58
8594.37
8954.12
9195.98
8882.78
8947.12
9222.64
9246.78
8958.37
8664.29
9313.71
9602.58
9200.27
8612.75
8012.33
7355.38
6872.89
6708.30
6487.00
6395.38
6456.26
6771.50
6699.95
7185.63
7876.78
8126.71
8506.98
8666.28
8605.37
8434.90
8211.46
8142.99
7994.94
7908.02
8700.67
9069.86
8826.41
8349.41
7821.65
7244.55
6687.11
6391.46
6133.87
6002.66
5966.68
6017.08
5765.56
6013.27
6358.30
6694.47
6958.99
7133.95
7161.62
7109.35
7012.18
6889.69
6872.97
6904.73
7840.01
8393.90
8370.28
8031.00
7468.91
6964.22
6468.46
6217.35
6021.38
5996.81
6254.14
6968.00
7206.59
7462.42
8000.07
8388.39
8805.04
9030.09
8846.86
8897.70
9100.96
9137.18
8967.31
8714.33
9338.85
9700.50
9500.26
8992.28
8172.11
7380.27
6843.89
6587.33
6382.59
6318.03
6587.38
7318.20
7436.01
7680.91
8210.01
8532.83
8903.40
9191.63
8878.42
8923.73
9225.13
9287.56
9049.20
8768.02
9401.84
9847.06
9626.92
9024.83
8239.91
7446.43
7082.06
6860.79
6667.30
6561.85
6800.33
7499.51
7656.11
7937.64
8447.10
8777.93
9107.06
9179.55
9090.95
9180.79
9372.87
9430.64
9324.20
9023.77
9492.89
9818.30
9523.47
9136.86
8351.61
7559.35
7110.22
6766.43
6535.76
6480.09
6722.40
7447.09
7531.35
7903.42
8437.25
8721.94
9055.18
9328.10
9099.57
9179.76
9369.13
9365.39
9202.59
8979.17
9504.83
9765.92
9492.82
9040.50
8155.72
7334.36
6781.40
6514.57
6382.73
6323.20
6556.98
7199.79
7353.75
7656.31
8092.07
8321.35
8616.99
8858.94
8653.36
8706.72
8845.38
8862.74
8630.02
8425.97
9021.31
9340.43
9067.49
8551.98
7861.86
7201.64
6770.05
6508.40
6340.14
6272.17
6345.77
6533.02
6646.89
7045.59
7616.26
7986.26
8310.96
8472.42
8352.34
8186.56
8027.16
7900.62
7763.74
7709.78
8548.57
8959.22
8750.57
8264.06
7628.17
7066.27
6630.35
6305.75
6135.64
6002.66
5982.91
5987.37
5790.70
6011.70
6364.24
6672.49
6955.26
7157.11
7228.61
7179.45
7063.81
6970.65
6836.74
6901.84
7791.81
8356.71
8277.32
7915.33
7335.46
6765.08
6424.58
6222.40
6082.75
6067.19
6336.27
6990.70
7138.95
7439.54
7944.51
8208.91
8508.87
8759.67
8560.82
8586.97
8770.30
8731.59
8611.17
8354.68
8982.30
9429.21
9197.61
8613.85
7893.00
7187.47
6706.47
6494.48
6367.43
6312.71
6566.07
7251.19
7328.72
7633.13
8114.22
8368.52
8693.55
8872.94
8712.90
8721.59
8918.22
8825.12
8699.82
8428.44
9117.46
9495.74
9249.39
8689.00
7943.48
7220.21
6735.38
6478.06
6332.74
6284.08
6562.07
7282.50
7296.86
7588.23
8064.20
8353.95
8649.76
8855.93
8600.48
8717.47
8907.24
8954.46
8733.78
8537.52
9100.86
9449.25
9210.86
8668.25
7823.38
7140.13
6647.09
6433.51
6296.03
6208.66
6534.32
7226.67
7369.61
7661.02
8143.51
8416.94
8721.21
8972.46
8745.67
8809.24
9021.62
9069.68
8858.45
8591.01
9139.18
9523.43
9282.63
8749.72
7964.85
7229.01
6725.13
6453.57
6328.49
6289.38
6480.25
7171.41
7267.64
7601.52
8166.56
8488.49
8809.37
9035.24
8800.24
8852.25
9054.54
9090.18
8905.99
8625.47
9116.14
9457.83
9170.25
8693.91
8057.94
7315.19
6824.04
6546.22
6371.95
6287.93
6369.97
6558.34
6620.72
7084.52
7639.75
8100.92
8410.24
8572.51
8483.92
8320.50
8122.04
8017.93
7829.62
7801.21
8595.99
8986.80
8724.62
8195.15
7572.16
7004.01
6555.80
6287.55
6111.06
5996.37
5943.99
5967.47
5703.74
5951.30
6324.86
6647.67
6904.89
7134.96
7212.84
7167.72
7069.74
6976.72
6830.18
6784.66
7727.91
8382.16
8293.65
7945.40
7372.70
6745.13
6379.27
6124.35
5957.84
5985.43
6291.18
6968.75
7140.24
7452.51
8013.97
8395.35
8693.74
9007.86
8807.38
8834.23
9001.75
9017.61
8906.79
8657.14
9227.07
9614.05
9365.74
8850.56
8054.82
7248.87
6778.81
6563.11
6400.79
6322.27
6573.20
7270.44
7395.96
7687.10
8203.27
8508.43
8794.42
9020.15
8850.91
8963.28
9086.80
9047.15
9003.09
8778.63
9334.87
9695.33
9448.06
8945.96
8194.38
7422.89
6885.51
6625.72
6483.03
6447.76
6685.04
7339.86
7441.19
7624.74
8100.32
8383.68
8785.52
9045.20
8900.78
8979.13
9172.75
9178.63
9052.23
8733.75
9285.18
9656.31
9414.15
8859.00
8092.56
7348.60
6884.13
6678.34
6546.15
6477.47
6709.73
7408.32
7500.20
7754.44
8255.60
8545.99
8907.83
9136.31
8867.82
8970.29
9189.59
9136.67
8977.80
8707.21
9293.89
9679.10
9361.57
8918.33
8105.54
7346.39
6787.98
6560.60
6402.47
6364.71
6568.02
7232.09
7332.98
7688.07
8200.57
8551.14
8892.53
9118.76
8868.17
8933.17
9115.86
9094.06
8950.24
8636.56
9161.38
9522.61
9275.59
8758.49
8124.28
7497.64
6987.41
6681.31
6524.10
6427.49
6498.54
6714.92
6849.14
7257.59
7807.57
8221.79
8526.04
8708.87
8560.19
8358.50
8221.80
8079.96
7896.39
7888.03
8644.88
9015.99
8742.17
8283.47
7700.61
7084.38
6629.00
6364.60
6161.26
6037.18
5964.55
5940.72
5749.18
5971.76
6290.15
6598.98
6821.94
7043.69
7183.65
7181.02
7058.85
6960.70
6910.29
7012.48
7868.04
8315.06
8185.41
7818.96
7233.11
6677.39
6310.74
6134.46
6007.58
5964.33
6244.03
6987.20
7126.79
7416.88
7935.55
8221.72
8587.27
8836.98
8581.88
8658.91
8903.63
8925.84
8814.80
8552.92
9120.95
9490.92
9195.73
8637.91
7912.68
7135.02
6670.33
6442.86
6292.26
6227.31
6488.02
7184.09
7314.72
7615.46
8134.16
8440.41
8848.22
9036.21
8827.10
8872.83
9121.18
9081.74
8994.39
8810.61
9317.04
9629.39
9378.12
8846.10
7975.15
7189.17
6695.89
6439.57
6297.31
6259.20
6504.92
7220.76
7324.96
7655.00
8144.80
8446.66
8785.31
9107.39
8890.69
8906.55
9148.20
9182.05
9041.91
8813.86
9366.83
9696.47
9404.10
8873.08
7992.02
7285.69
6858.44
6597.84
6425.26
6342.97
6554.72
7329.58
7468.63
7781.78
8184.08
8402.75
8694.57
8911.47
8709.48
8751.84
8952.26
8969.12
8861.73
8689.81
9289.44
9505.21
9147.57
8649.81
7907.17
7185.50
6592.40
6336.53
6185.32
6168.07
6378.24
7092.84
7296.38
7614.45
8081.75
8355.08
8689.03
8906.06
8691.79
8727.13
8892.23
8922.10
8799.70
8541.01
9189.68
9486.93
9125.00
8672.28
7897.45
7186.04
6638.37
6345.52
6188.37
6115.29
6146.64
6370.56
6460.79
6948.69
7533.59
7943.12
8269.93
8443.71
8338.88
8155.26
8000.61
7853.35
7692.79
7639.75
8530.40
8976.96
8712.89
8267.15
7524.16
6918.56
6487.52
6167.64
5952.96
5833.82
5784.92
5786.79
5596.34
5847.99
6274.49
6589.66
6869.72
7066.45
7122.10
7085.26
6966.62
6892.27
6791.16
6815.21
7879.46
8466.74
8373.43
8021.45
7302.22
6699.66
6254.59
6031.18
5868.47
5829.23
6054.31
6707.27
6902.85
7263.67
7847.53
8260.50
8673.19
8902.04
8717.69
8793.70
8980.37
8964.76
8837.01
8607.06
9221.45
9573.02
9307.19
8750.94
7841.54
7055.54
6545.32
6317.09
6171.59
6132.69
6349.12
7012.61
7153.37
7423.53
7929.13
8267.47
8634.85
8845.75
8612.69
8665.37
8881.51
8857.13
8695.40
8447.37
9171.22
9558.97
9296.45
8726.09
7741.46
7037.68
6531.46
6192.83
6056.80
6000.52
6229.65
6952.73
7077.30
7330.69
7772.21
8068.98
8398.28
8669.22
8426.21
8479.18
8646.89
8650.63
8590.13
8400.56
9093.95
9457.12
9168.47
8425.92
7664.76
6913.22
6434.88
6185.49
6025.59
5999.48
6256.20
6947.39
7103.04
7458.02
7922.37
8218.20
8582.58
8826.81
8574.32
8605.61
8797.67
8800.47
8711.71
8405.30
9162.69
9537.18
9256.17
8657.21
7767.44
7002.45
6525.70
6256.46
6115.93
6061.57
6310.16
6955.78
7022.32
7382.17
7854.00
8161.21
8532.43
8790.43
8588.48
8634.21
8815.25
8749.50
8572.80
8364.98
9022.54
9352.77
9124.85
8424.09
7744.12
7099.31
6617.22
6335.00
6152.34
6056.86
6114.30
6339.54
6454.94
6938.70
7498.08
7845.31
8152.47
8340.91
8254.44
8083.23
7939.47
7824.53
7682.03
7616.62
8507.30
8931.00
8650.06
8079.28
7429.98
6841.57
6421.24
6136.32
5918.06
5795.77
5758.54
5780.43
5585.88
5825.16
6145.51
6406.06
6662.51
6869.57
6948.63
6938.49
6815.66
6719.70
6659.41
6685.22
7690.82
8274.37
8179.13
7688.78
7015.07
6466.54
6105.41
5884.38
5753.03
5744.80
5992.28
6663.44
6870.86
7203.13
7790.06
8116.62
8447.86
8683.18
8470.87
8543.00
8745.71
8783.14
8653.35
8433.45
9087.75
9407.96
9092.86
8486.95
7646.79
6861.00
6295.52
6091.93
5957.90
5901.40
6164.73
6886.35
6915.81
7162.08
7674.71
7992.06
8371.81
8641.69
8444.10
8477.45
8715.43
8754.31
8596.43
8313.71
8936.35
9217.65
8938.15
8387.09
7560.61
6824.99
6322.46
6053.42
5894.65
5878.52
6059.72
6760.10
6747.69
6987.96
7463.58
7842.78
8225.63
8515.34
8279.05
8308.02
8541.66
8604.64
8497.95
8267.68
8825.99
9147.85
8834.66
8263.76
7422.95
6722.43
6244.69
6003.77
5877.90
5872.81
6118.86
6759.17
6783.05
7060.97
7610.57
7950.56
8333.07
8626.70
8370.19
8287.81
8532.92
8598.68
8495.83
8278.52
8786.19
9047.66
8713.72
8135.12
7346.17
6688.05
6307.37
6027.91
5901.98
5866.08
6071.70
6665.83
6747.44
7077.94
7570.28
7858.69
8176.78
8474.47
8236.88
8267.50
8505.37
8507.35
8313.36
8031.65
8605.70
8990.75
8681.46
8122.73
7401.46
6849.91
6389.18
6116.86
5897.91
5874.51
5943.01
6139.02
6200.48
6644.23
7204.55
7616.23
7944.26
8138.48
8027.38
7804.51
7642.92
7534.35
7354.65
7304.17
8106.84
8463.52
8180.70
7712.94
7042.49
6520.97
6080.49
5774.72
5593.11
5520.77
5377.06
5375.89
5172.54
5505.81
5872.75
6139.93
6340.58
6581.64
6608.18
6573.23
6443.46
6349.66
6265.24
6328.67
7359.34
7892.93
7820.60
7397.38
6755.36
6178.96
5748.11
5542.73
5462.82
5414.61
5632.84
6324.59
6488.63
6931.67
7532.29
7853.32
8229.97
8485.72
8359.03
8388.63
8517.06
8518.97
8392.45
8091.25
8716.73
9095.57
8790.54
8240.76
7468.95
6782.18
6288.96
6033.75
5872.24
5822.26
6027.87
6774.32
6871.33
7112.15
7584.02
7807.83
8086.45
8372.28
8135.53
8192.74
8403.82
8431.75
8335.68
8042.83
8665.10
9107.97
8886.84
8342.46
7550.47
6793.65
6335.23
6051.71
5888.14
5806.63
6032.11
6790.05
6864.01
7211.87
7708.21
8005.96
8327.89
8540.88
8314.62
8380.01
8647.59
8643.50
8464.02
8216.63
8812.68
9162.81
8896.43
8378.25
7634.06
6893.23
6364.49
6053.58
5922.83
5879.39
6082.86
6721.37
6861.03
7274.23
7779.19
8073.23
8279.48
8489.21
8349.71
8362.07
8540.26
8561.43
8382.59
8177.91
8752.42
9057.31
8728.95
8219.32
7449.87
6781.48
6279.75
6039.66
5896.78
5819.89
6027.10
6717.13
6812.10
7155.77
7660.35
7993.40
8284.57
8560.44
8353.16
8405.02
8598.91
8621.53
8458.41
8160.00
8697.05
8999.54
8727.78
8214.54
7572.25
6937.46
6442.09
6187.64
6033.93
5956.05
6004.41
6194.16
6239.20
6713.41
7284.79
7709.74
8033.01
8209.82
8082.16
7872.08
7718.63
7583.94
7403.34
7346.82
8254.75
8541.97
8175.46
7704.57
7268.68
6741.67
6150.08
5892.86
5732.52
5627.75
5609.00
5592.16
5460.95
5645.15
6002.49
6264.26
6462.89
6618.61
6766.94
6712.76
6604.71
6519.96
6422.67
6340.61
7185.27
7792.60
7669.40
7357.72
6843.67
6311.35
5999.76
5792.79
5645.89
5597.17
5659.03
5727.45
5586.82
6060.69
6511.41
6744.74
7061.28
7303.84
7327.93
7213.38
7044.60
6937.29
6822.89
6765.92
7689.35
8213.44
8061.47
7671.60
7086.70
6571.58
6160.48
5953.81
5824.14
5776.03
5868.51
6128.27
6258.29
6786.51
7402.46
7788.09
8150.88
8320.70
8127.79
8151.20
8323.37
8261.12
8098.43
7808.41
8485.29
8831.43
8574.22
8107.52
7399.78
6777.82
6372.95
6079.80
5933.06
5850.81
5960.49
6220.47
6355.36
6833.97
7391.62
7736.25
8116.89
8357.74
8118.65
8023.06
8052.34
7974.61
7763.58
7536.09
8137.85
8520.39
8348.40
7885.33
7302.05
6697.36
6187.22
5859.18
5682.73
5572.93
5543.90
5535.39
5340.12
5577.20
5981.02
6258.70
6514.91
6748.12
6819.81
6768.21
6653.52
6589.08
6497.80
6381.01
7171.44
7606.05
7411.92
7129.02
6678.76
6132.30
5806.74
5615.93
5459.48
5371.51
5321.37
5274.07
4995.10
5227.55
5582.00
5800.39
5978.19
6129.68
6278.25
6253.75
6178.05
6122.07
6036.51
5996.37
6773.06
7267.61
7161.22
6967.82
6612.03
6190.02
5761.22
5482.13
5405.62
5209.45
5196.50
5263.87
5254.10
5703.15
6266.60
6700.27
6993.23
7169.06
7191.98
7066.60
6828.67
6814.18
6676.67
6711.33
7627.21
8096.10
7704.84
7307.60
6850.59
6421.52
6026.85
5784.91
5818.24
5535.36
5440.20
5403.94
5187.22
5436.89
5801.25
6103.78
6376.80
6597.08
6688.31
6636.25
6506.59
6397.59
6290.57
6420.77
7431.10
7907.52
7733.71
7349.23
6812.42
6248.61
5946.77
5720.03
5549.63
5519.67
5745.56
6339.61
6442.19
6894.87
7560.98
7898.04
8285.08
8481.20
8349.90
8377.44
8554.95
8525.61
8445.33
8242.49
8843.00
9092.54
8747.62
8236.92
7548.13
6856.00
6308.24
6078.18
5907.96
5854.20
6084.16
6701.53
6779.48
7191.40
7654.19
7966.66
8336.55
8613.45
8439.22
8552.12
8729.05
8742.02
8655.05
8338.60
8915.13
9281.33
8913.48
8437.80
7739.85
6940.50
6443.24
6194.38
6028.49
5968.76
6191.67
6775.95
6871.95
7185.36
7712.72
8044.47
8418.17
8581.59
8319.65
8277.70
8460.50
8370.87
8369.95
8257.83
8831.72
9078.08
8692.47
8196.49
7417.71
6761.52
6305.10
6039.67
5830.88
5795.14
6035.79
6612.68
6763.12
7102.24
7587.90
7879.14
8207.25
8486.24
8246.41
8305.66
8496.20
8501.24
8374.06
8200.93
8764.35
9016.23
8754.95
8291.19
7555.64
6843.83
6341.77
6008.73
5835.49
5756.55
5951.28
6571.69
6641.83
6901.95
7326.76
7764.87
8170.02
8437.70
8227.75
8279.11
8422.64
8450.03
8297.82
8029.63
8592.18
8828.53
8526.79
7985.39
7372.69
6767.15
6335.69
6068.71
5865.15
5760.09
5798.27
5979.20
6008.96
6434.67
6997.06
7329.93
7574.33
7757.82
7700.89
7545.10
7350.27
7255.67
6999.96
7012.13
7939.54
8221.08
7910.43
7392.54
6831.26
6323.75
5925.02
5601.84
5384.12
5278.02
5229.45
5193.83
4965.39
5244.63
5685.44
5929.42
6218.96
6427.89
6485.39
6418.70
6277.34
6169.39
6101.01
6134.25
7166.57
7677.95
7771.63
7400.16
6950.91
6217.01
5735.82
5527.49
5395.17
5379.64
5616.14
6204.45
6287.71
6632.67
7269.70
7634.55
8127.14
8376.04
8182.28
8237.77
8402.88
8402.89
8263.92
8047.15
8694.94
9014.10
8758.83
8197.56
7386.64
6664.91
6247.90
6055.52
5949.67
5907.53
6116.84
6723.96
6765.45
7046.52
7558.62
7865.17
8144.00
8495.44
8294.28
8350.76
8495.90
8438.89
8269.06
8110.86
8836.03
9090.53
8835.41
8236.16
7377.98
6693.52
6295.02
6200.91
6071.31
6035.79
6206.03
6807.14
6921.99
7143.76
7738.23
7957.81
8263.30
8479.58
8277.50
8270.44
8532.76
8534.94
8361.17
8203.63
8866.89
9150.75
8884.11
8203.34
7421.73
6717.04
6271.08
6039.20
5883.24
5863.67
6094.92
6688.68
6727.21
7138.68
7785.25
8059.31
8394.37
8565.44
8353.84
8453.75
8627.81
8607.83
8405.36
8122.84
8887.24
9200.39
8932.04
8446.18
7679.93
6832.96
6397.80
6144.59
5984.20
5967.52
6191.49
6761.29
6776.10
7179.55
7810.84
8074.14
8504.56
8739.84
8464.37
8488.78
8675.21
8638.98
8427.57
8151.12
8739.48
8961.91
8666.32
8196.24
7506.53
6916.95
6412.23
6170.79
6011.73
5909.52
5961.75
6132.03
6187.91
6647.33
7218.28
7653.42
7848.18
8033.67
7931.74
7713.20
7555.05
7375.06
7234.76
7279.34
8089.71
8414.45
8134.94
7695.74
7122.62
6514.98
6092.23
5953.24
5806.76
5670.61
5631.41
5585.45
5368.89
5594.14
5887.79
6117.99
6337.25
6507.59
6609.50
6524.43
6344.22
6232.75
6161.10
6409.36
7530.46
7895.64
7812.41
7450.90
6823.98
6340.52
5937.31
5675.47
5542.02
5541.97
5772.14
6470.06
6625.81
7071.88
7761.80
8053.28
8428.60
8653.00
8431.47
8487.02
8635.21
8616.66
8502.97
8290.33
8916.07
9118.27
8886.87
8324.60
7550.12
6915.78
6201.40
5917.50
5731.06
5705.06
5955.14
6664.54
6714.42
7121.08
7728.40
7952.85
8252.65
8405.79
8201.17
8256.58
8411.52
8376.01
8247.55
8062.58
8690.02
8890.63
8608.23
8080.37
7372.16
6615.71
6057.74
5806.88
5676.30
5609.51
5811.45
6252.32
6442.67
7030.35
7606.96
7781.65
8024.42
8254.66
8239.06
8266.34
8431.19
8435.20
8282.12
8064.97
8720.29
8996.59
8696.99
8186.11
7450.81
6625.42
6224.21
6027.84
5956.93
5925.38
6178.09
6789.06
6846.45
7217.55
7709.15
8021.18
8379.79
8574.18
8324.76
8388.80
8630.47
8650.85
8478.57
8211.33
8838.64
9148.06
8872.72
8406.85
7651.66
6939.22
6490.51
6301.06
6126.60
6065.37
6317.19
6863.10
6862.15
7306.84
7829.28
8159.76
8545.53
8775.96
8553.98
8596.39
8812.69
8821.80
8666.97
8378.42
8895.28
9157.73
8884.40
8447.37
7801.61
7212.62
6767.27
6482.04
6316.95
6247.75
6298.89
6445.84
6541.73
6994.16
7548.90
7800.45
8078.62
8246.74
8244.68
8107.44
7928.77
7799.40
7629.04
7618.75
8433.25
8665.92
8443.30
7998.66
7453.23
6944.10
6482.04
6120.43
5711.44
5536.13
5460.96
5392.02
5278.92
5544.90
5859.77
6147.26
6369.28
6567.59
6709.84
6632.50
6505.24
6385.25
6303.54
6516.19
7388.04
7885.60
7852.63
7536.35
7003.62
6378.93
5902.05
5691.93
5557.98
5543.07
5791.82
6536.66
6717.34
7167.31
7741.91
8130.14
8501.43
8710.69
8474.31
8537.14
8759.65
8709.14
8498.39
8201.41
8860.53
9203.08
8970.07
8454.46
7702.52
6994.71
6350.49
6005.35
5911.67
5835.67
6036.39
6597.82
6719.39
7217.68
7799.29
8116.57
8452.90
8652.96
8480.26
8570.74
8719.63
8685.66
8540.57
8243.94
8945.72
9323.04
9045.74
8547.46
7824.82
7121.62
6450.80
6184.29
6056.28
6007.43
6193.79
6796.37
6878.00
7376.83
7890.38
8192.80
8510.81
8691.66
8468.20
8509.31
8658.57
8633.63
8547.44
8314.65
8976.52
9239.58
8933.26
8444.25
7630.41
6826.45
6385.49
6182.00
6020.32
6003.16
6213.96
6816.26
6895.14
7404.10
7966.81
8223.63
8516.70
8777.13
8565.25
8639.57
8893.33
8899.68
8782.62
8469.10
9092.05
9384.93
9135.65
8615.97
7869.17
7095.04
6627.54
6337.46
6209.38
6156.24
6381.82
6915.49
7016.43
7515.05
8055.84
8329.68
8650.65
8791.32
8575.72
8647.18
8822.70
8787.03
8661.97
8482.26
9032.91
9145.85
8887.41
8409.53
7790.62
7069.37
6635.75
6324.31
6126.53
6067.42
6162.09
6319.87
6432.73
6954.89
7472.83
7910.28
8225.13
8395.70
8274.81
8085.79
7898.56
7752.12
7571.83
7480.33
8445.67
8712.81
8489.09
8056.70
7438.10
6890.02
6422.39
6053.23
5862.82
5748.45
5712.53
5642.21
5358.06
5698.69
6054.44
6413.75
6667.09
6828.62
6839.79
6734.71
6613.81
6513.77
6480.02
6643.23
7567.99
7854.34
7722.26
7362.35
6787.24
6071.43
5704.68
5504.97
5346.34
5355.59
5671.06
6287.70
6444.38
6943.39
7524.92
7837.89
8137.15
8392.08
8245.85
8256.40
8506.31
8564.80
8444.67
8181.99
8856.90
9131.94
8881.82
8357.00
7581.20
6753.37
6288.17
5976.75
5764.69
5742.69
6005.40
6608.18
6678.22
7109.29
7758.14
8122.53
8441.98
8665.65
8464.81
8525.97
8724.46
8721.54
8565.58
8336.10
8998.75
9182.90
8912.69
8409.97
7604.83
6755.82
6203.77
5932.39
5810.53
5758.68
5933.05
6574.48
6785.52
7288.43
7765.67
8047.86
8372.09
8619.49
8418.79
8429.66
8587.30
8551.31
8376.33
8202.08
8918.50
9112.40
8848.77
8367.48
7569.59
6892.96
6308.82
6029.53
5874.00
5817.00
6108.90
6751.24
6837.00
7300.64
7794.49
8042.90
8339.55
8501.49
8265.80
8240.24
8335.11
8331.89
8231.15
8111.21
8832.62
9009.48
8741.64
8177.37
7365.80
6681.54
6199.87
5951.42
5824.76
5927.70
6059.35
6648.82
6742.53
7168.79
7667.05
7968.76
8308.63
8543.23
8337.69
8366.54
8562.05
8573.07
8463.16
8247.25
8844.31
9028.86
8744.72
8262.82
7613.56
6900.48
6443.10
6171.21
6022.41
5960.69
6025.83
6160.82
6316.90
6826.81
7398.06
7726.82
8020.52
8157.15
7997.05
7721.61
7511.91
7402.65
7325.08
7438.47
8241.96
8373.38
8115.88
7690.36
7113.12
6482.47
6083.24
5825.20
5594.40
5487.10
5517.70
5485.63
5370.68
5626.44
5887.86
6129.97
6423.67
6526.59
6550.35
6550.42
6422.39
6349.76
6326.64
6468.92
7401.74
7754.01
7657.02
7325.20
6805.15
6139.13
5853.69
5713.99
5590.72
5594.65
5847.88
6338.53
6404.65
6899.64
7413.70
7737.01
8108.63
8331.73
8131.64
8097.73
8261.13
8276.29
8141.91
8011.22
8637.88
8835.68
8534.49
8002.66
7195.85
6473.87
6046.28
5848.82
5747.01
5716.73
5968.71
6494.11
6606.51
7003.18
7512.17
7812.16
8157.76
8365.99
8162.69
8210.34
8450.97
8426.89
8297.92
8116.71
8800.77
9044.69
8759.38
8256.74
7474.17
6748.46
6329.75
6094.61
5957.66
5900.64
6167.96
6762.03
6844.59
7233.74
7701.80
7973.41
8298.08
8495.54
8299.81
8365.21
8595.08
8588.20
8434.07
8190.83
8909.71
9221.02
8938.30
8378.37
7584.09
6914.36
6393.95
6058.36
5746.74
5698.99
5993.00
6660.56
6897.34
7327.66
7840.47
8144.64
8498.69
8672.06
8426.91
8423.18
8649.47
8693.16
8592.22
8451.10
9047.41
9232.56
9026.84
8512.18
7647.86
6846.08
6566.00
6410.23
6259.92
6206.83
6436.74
6815.21
6862.72
7293.23
7940.66
8230.39
8518.35
8670.16
8439.79
8442.90
8555.45
8559.27
8438.07
8255.12
8832.26
8956.97
8662.73
8198.39
7464.52
6865.26
6267.40
6052.97
6000.35
5958.87
6028.28
6117.65
6278.35
6807.12
7345.69
7706.43
7967.44
8114.50
8043.25
7833.57
7666.39
7573.37
7438.26
7413.09
8297.86
8572.47
8296.33
7780.01
7004.32
6441.04
6013.93
5701.98
5426.55
5308.42
5303.24
5226.12
5226.68
5634.18
5953.21
6240.18
6455.73
6619.81
6613.31
6473.61
6299.16
6235.08
6172.94
6215.56
7102.60
7476.62
7302.86
6904.81
6342.99
5820.81
5407.97
5167.93
5079.22
5027.07
5030.77
4997.21
4985.76
5384.66
5916.21
6359.10
6733.15
6953.02
7037.46
6968.14
6782.72
6703.25
6599.40
6620.99
7740.07
8044.69
7735.30
7202.89
6527.50
5797.99
5378.98
5195.51
5160.59
5202.82
5466.52
6084.44
6238.42
6606.36
7202.30
7498.18
7752.61
8082.65
7917.47
7875.29
8043.91
8102.10
7979.97
7830.36
8611.72
8863.08
8570.38
8040.60
7033.03
6303.28
6042.64
5929.36
5804.67
5792.57
6042.60
6531.25
6635.45
7048.91
7514.90
7791.77
8240.90
8414.00
8115.79
8270.12
8476.97
8518.01
8319.96
8011.95
8883.96
9233.35
8935.33
8345.22
7406.53
6821.49
6393.53
6167.94
6052.29
6014.73
6277.89
6775.90
6910.91
7295.69
7828.24
8142.81
8517.25
8725.14
8534.30
8566.67
8776.46
8799.63
8496.59
8292.34
9067.47
9387.75
9063.36
8395.43
7657.88
6823.44
6565.45
6345.70
6222.06
6176.47
6410.08
6760.52
6955.20
7341.72
7913.30
8303.59
8643.49
8864.41
8695.30
8704.84
8858.57
8809.01
8642.96
8444.59
9072.57
9268.77
8877.76
8345.12
7742.13
7192.34
6536.23
6190.23
6029.33
5979.05
6073.74
6150.70
6491.20
7080.48
7551.19
7914.61
8261.51
8458.20
8326.56
8109.66
7943.17
7793.15
7637.86
7521.61
8525.30
8749.97
8408.35
7879.51
7203.17
6621.70
6385.39
6151.89
6013.59
5901.57
5848.23
5737.50
5618.26
5939.28
6280.88
6639.64
6881.59
7091.25
7162.95
7142.57
7031.02
6952.76
6864.86
6904.59
7660.61
8172.00
8060.24
7722.86
7257.40
6712.48
6234.68
5865.82
5701.54
5646.95
5877.74
6359.08
6469.21
7044.40
7680.89
7991.37
8391.02
8671.00
8422.04
8426.99
8646.92
8686.43
8567.11
8346.50
9076.63
9235.55
8998.41
8387.71
7610.42
6738.46
6277.78
6079.54
5914.16
5905.63
6145.14
6637.22
6819.98
7271.79
7732.39
8038.14
8493.82
8681.21
8304.58
8487.91
8708.65
8758.46
8612.23
8406.90
9107.02
9359.11
9094.78
8513.49
7573.60
6916.82
6482.03
6223.39
6090.88
6119.21
6319.31
6810.89
7038.47
7500.08
7962.91
8102.03
8376.94
8608.71
8408.07
8519.49
8701.13
8640.44
8644.81
8327.04
9107.86
9357.85
9060.90
8541.73
7744.38
6909.41
6322.30
6019.06
5953.93
5891.17
6133.31
6620.50
6745.75
7192.02
7808.39
8090.84
8536.24
8820.99
8616.59
8616.05
8797.05
8759.72
8568.22
8340.72
9083.09
9503.54
9173.31
8610.57
8078.07
7179.95
6441.46
6196.66
6025.70
6005.02
6234.21
6662.27
6852.36
7479.40
8204.92
8529.87
8883.75
9108.29
8868.69
8952.16
9090.09
9002.03
8708.58
8450.79
9160.12
9433.14
9026.47
8523.65
8004.13
7386.02
6928.78
6512.61
6302.21
6230.09
6332.51
6384.87
6486.83
6951.69
7718.29
8104.05
8417.99
8620.03
8478.70
8254.34
8148.43
8060.01
7790.06
7721.96
8582.73
8931.36
8708.34
8290.56
7652.47
7022.08
6593.04
6282.74
6095.34
5981.01
5912.25
5770.35
5628.17
5885.11
6259.34
6606.16
6899.09
7145.49
7253.64
7198.65
7033.99
6977.87
6775.79
6782.28
7869.71
8352.68
8239.27
7876.46
7367.17
6730.97
6240.18
6058.26
5940.74
5965.97
6198.50
6724.52
6876.13
7446.29
8076.42
8407.13
8712.19
8921.08
8714.08
8809.60
8931.33
8901.98
8635.99
8487.09
9103.08
9462.09
9128.05
8571.87
7740.54
7050.05
6622.22
6369.05
6208.78
6209.36
6446.97
6947.46
7106.29
7493.66
7979.36
8241.49
8573.35
8834.49
8591.27
8651.81
8832.05
8873.88
8673.39
8495.51
9238.29
9509.06
9146.24
8609.31
7774.95
7063.48
6675.22
6420.33
6279.12
6216.80
6475.67
6977.55
7040.73
7492.34
8040.78
8357.59
8633.64
8753.65
8409.73
8604.65
8789.05
8744.79
8524.47
8333.46
9101.53
9225.03
8769.89
8147.74
7331.18
6696.73
6267.08
6044.35
5951.71
5876.22
6115.90
6647.51
6802.19
7205.96
7719.83
7960.26
8213.21
8467.33
8232.58
8267.53
8442.35
8442.61
8348.10
8185.14
8984.36
9216.71
8857.25
8366.45
7537.41
6872.64
6438.33
6195.16
6035.58
6034.35
6211.42
6666.65
6786.73
7240.00
7768.78
8060.66
8333.25
8532.44
8281.41
8305.73
8413.02
8489.12
8325.69
8143.92
8876.75
9008.02
8699.01
8282.65
7714.91
6997.39
6549.03
6244.89
6101.66
6037.38
6123.06
6216.94
6337.74
6883.09
7449.28
7809.42
8086.58
8212.87
8079.07
7914.30
7783.88
7652.41
7442.04
7375.37
8303.82
8603.59
8356.24
7876.61
7263.00
6667.15
6227.41
5931.90
5756.17
5628.95
5599.76
5517.84
5355.41
5642.26
5950.03
6243.51
6452.48
6626.35
6695.71
6615.16
6463.53
6384.99
6358.66
6441.39
7339.99
7717.48
7520.71
7242.84
6787.34
6264.60
5946.84
5719.18
5589.16
5543.81
5530.03
5475.45
5422.38
5828.37
6307.92
6674.48
6987.52
7132.47
7197.27
7113.01
6977.07
6864.45
6780.40
6882.58
7862.54
8242.70
8016.17
7486.31
6922.46
6374.09
6025.30
5804.53
5660.00
5597.37
5834.92
6365.70
6485.25
6851.10
7401.45
7678.18
7987.28
8269.61
8083.03
8146.93
8279.26
8261.17
8152.63
8031.40
8736.47
8996.03
8726.35
8108.91
7338.04
6653.55
6223.91
5960.21
5831.35
5787.22
5995.96
6416.58
6609.52
7068.07
7569.02
7894.21
8229.60
8401.36
8184.18
8222.79
8387.98
8369.79
8237.41
8053.90
8817.75
9134.41
8882.47
8236.61
7388.47
6696.13
6211.58
5950.43
5810.80
5772.73
6010.65
6543.87
6674.17
7091.15
7558.42
7848.63
8082.88
8308.18
8176.69
8226.08
8377.04
8417.12
8298.31
8123.98
8791.33
9069.36
8841.35
8287.16
7488.21
6795.52
6343.36
6093.47
5914.25
5897.60
6130.69
6621.82
6875.12
7325.72
7723.21
7944.18
8209.09
8370.51
8157.82
8142.66
8298.21
8294.07
8218.46
8077.36
8697.06
8923.94
8557.29
8058.91
7507.41
6862.72
6411.26
6124.28
5943.18
5983.46
6065.77
6093.90
6227.38
6654.61
7280.14
7623.01
7964.08
8139.97
8083.15
7903.13
7772.29
7686.85
7505.69
7482.26
8254.93
8654.16
8428.17
7983.77
7390.02
6794.64
6292.15
6033.01
5855.03
5689.67
5643.79
5483.01
5388.26
5703.30
6056.07
6366.46
6610.03
6798.69
6901.14
6868.77
6757.42
6656.98
6594.84
6644.66
7348.00
7902.71
7765.04
7457.99
7041.76
6567.27
6140.40
5880.84
5678.57
5565.80
5560.61
5473.77
5337.18
5644.22
6073.32
6442.81
6787.27
7045.78
7136.99
7067.62
6904.26
6821.61
6740.66
6775.32
7661.18
8221.25
8095.68
7674.08
7140.60
6487.85
6084.29
5826.86
5651.91
5625.72
5853.38
6422.05
6574.02
6974.73
7525.19
7827.51
8134.80
8319.84
8062.73
8095.36
8224.94
8278.98
8232.94
8108.15
8718.11
9017.61
8695.92
8233.54
7622.75
7109.54
6399.19
6049.11
5915.51
5856.08
6072.33
6491.37
6649.06
7064.60
7579.31
7873.28
8256.02
8470.67
8271.88
8279.90
8450.10
8460.88
8288.57
8062.20
8687.98
9074.86
8723.07
8196.70
7452.28
6760.89
6310.25
6101.32
5883.64
5862.24
6095.68
6583.30
6731.83
7127.75
7622.64
7926.21
8218.01
8492.02
8292.86
8346.15
8538.91
8523.55
8413.60
8199.91
8781.43
9095.34
8865.03
8298.12
7535.45
6873.09
6399.44
6175.95
6003.69
5946.82
6211.30
6589.96
6802.54
7333.77
7818.96
8037.53
8342.70
8506.63
8320.63
8334.73
8531.34
8540.61
8402.57
8167.79
8660.51
9091.30
8687.25
8179.03
7628.76
6932.81
6443.64
6192.62
6011.74
5929.49
5973.07
6035.78
6219.52
6783.61
7459.07
7840.81
8123.42
8284.38
8190.14
8038.83
7921.79
7857.91
7734.62
7663.70
8338.26
8736.38
8446.23
8014.30
7461.27
6840.19
6454.30
6170.70
5898.74
5761.47
5718.56
5535.97
5522.79
5746.76
6182.04
6554.87
6833.16
7013.52
7081.26
7066.25
6918.91
6819.38
6746.45
6807.61
7664.06
8184.97
8117.17
7799.09
7137.78
6623.68
6206.51
5968.20
5816.46
5765.48
5947.39
6380.33
6648.62
7184.47
7858.36
8192.45
8503.42
8749.88
8492.83
8468.71
8555.33
8439.11
8029.49
7892.29
8641.00
8969.47
8743.28
8102.67
7422.94
6667.15
6242.34
6006.79
5821.10
5807.34
5991.15
6499.03
6645.33
7132.27
7740.60
8030.42
8330.22
8542.52
8365.54
8359.35
8386.97
8370.22
8257.18
8102.39
8741.50
9009.19
8710.76
8125.15
7352.92
6509.27
6119.27
5899.13
5802.69
5782.42
5976.06
6362.31
6575.12
7090.70
7623.11
8008.68
8336.92
8577.91
8438.30
8420.43
8546.81
8559.68
8388.43
8263.58
8796.30
9125.95
8848.29
8189.58
7445.85
6775.05
6448.17
6246.07
6092.04
6041.35
6213.14
6453.45
6767.75
7223.26
7796.81
8047.67
8396.17
8659.73
8473.16
8489.74
8693.04
8716.03
8529.53
8309.82
8787.80
9244.79
8966.60
8536.14
7868.41
7136.92
6690.21
6318.46
6112.68
6047.44
6178.41
6584.80
6823.41
7398.07
7968.91
8284.09
8620.72
8839.16
8665.17
8709.49
8851.17
8847.96
8628.65
8341.49
8854.32
9109.89
8720.02
8206.93
7650.62
7064.59
6639.81
6346.89
6179.78
6097.99
6160.92
6187.80
6303.41
6874.42
7503.66
7882.34
8183.64
8361.80
8255.73
8061.35
7902.04
7791.36
7622.52
7582.63
8296.04
8706.25
8522.00
8092.85
7483.79
6847.99
6426.53
6130.87
5912.48
5724.12
5659.62
5596.95
5359.67
5644.24
5995.89
6282.48
6507.59
6716.30
6772.24
6725.28
6599.38
6506.99
6483.79
6545.51
7369.25
7889.74
7738.73
7479.29
7066.90
6589.85
6096.67
5878.73
5784.87
5781.44
5953.12
6269.30
6503.88
7110.68
7682.70
7982.85
8279.43
8551.13
8401.21
8356.14
8488.10
8470.00
8287.10
8005.01
8578.43
8892.45
8614.50
8082.28
7376.47
6711.88
6263.43
6110.87
5994.23
5959.42
6061.49
6310.35
6580.83
7167.72
7668.07
7911.93
8162.01
8428.25
8308.99
8296.80
8495.28
8475.45
8371.68
8208.66
8757.66
9143.59
8876.36
8401.26
7624.86
6943.47
6540.53
6278.17
6144.43
6097.42
6258.25
6525.41
6771.63
7392.20
7977.24
8285.68
8653.75
8872.40
8675.37
8637.46
8744.77
8734.45
8557.07
8264.47
8761.62
8979.31
8785.08
8348.57
7861.35
7244.83
6636.21
6281.14
6171.85
6092.01
6256.14
6502.74
6808.84
7409.60
7947.98
8242.90
8558.59
8789.90
8655.36
8657.13
8811.23
8742.16
8596.42
8324.63
8805.05
9178.21
8923.94
8456.46
7778.01
7141.43
6661.55
6241.65
6078.98
6042.02
6193.27
6423.68
6700.84
7280.49
7803.79
8133.85
8486.68
8715.49
8526.94
8502.76
8637.48
8596.47
8495.56
8253.00
8770.96
9060.52
8755.40
8318.24
7661.97
7090.42
6635.66
6350.38
6199.98
6072.54
6166.49
6296.34
6359.64
6865.69
7406.42
7661.88
7972.58
8158.23
8026.68
7842.89
7676.88
7525.97
7408.21
7418.77
8174.70
8536.88
8288.48
7805.00
7127.81
6619.38
6214.24
5923.29
5759.97
5651.06
5599.68
5448.05
5329.65
5618.29
5934.25
6281.85
6541.90
6703.90
6789.68
6767.06
6666.19
6579.07
6468.93
6499.49
7340.26
7950.43
7903.87
7615.08
7206.71
6670.72
6227.62
5985.39
5816.00
5766.05
5928.24
6192.92
6466.23
7126.45
7799.99
8196.34
8585.48
8843.09
8675.25
8709.71
8867.43
8804.78
8644.67
8314.51
8782.23
9215.92
8996.32
8545.83
7836.92
7152.66
6674.25
6406.43
6272.38
6212.50
6357.44
6577.53
6764.16
7382.81
7972.36
8282.75
8648.53
8900.61
8730.76
8743.73
8892.01
8851.58
8715.13
8453.58
8897.84
9361.62
9128.91
8680.53
7968.43
7269.80
6771.82
6499.43
6338.63
6297.93
6434.44
6679.01
6889.47
7456.84
8041.29
8331.59
8656.13
8913.76
8786.37
8826.64
8936.10
8905.38
8731.25
8443.91
8942.00
9325.04
9130.85
8674.89
7957.75
7287.48
6810.62
6554.15
6414.69
6358.47
6480.88
6718.79
6911.42
7497.01
8105.34
8401.78
8715.50
8920.84
8727.75
8746.34
8886.30
8802.24
8591.66
8379.81
8887.01
9227.66
8901.52
8488.62
7783.24
7038.86
6597.35
6404.07
6224.84
6168.25
6294.94
6489.71
6690.20
7209.20
7777.58
8090.75
8318.92
8592.16
8490.05
8435.18
8567.83
8532.22
8385.74
8218.12
8695.97
9035.64
8759.67
8319.16
7718.34
7160.57
6674.91
6406.65
6218.97
6155.26
6232.13
6323.05
6371.11
6816.12
7343.12
7705.24
7956.70
8084.22
7964.25
7781.73
7605.77
7488.04
7369.03
7324.51
8079.65
8482.83
8272.78
7814.40
7235.66
6718.53
6337.60
6083.81
5895.62
5806.78
5741.70
5698.00
5449.16
5708.22
6030.38
6327.61
6524.81
6654.22
6711.35
6675.68
6575.11
6480.35
6380.30
6363.28
7131.96
7691.09
7573.51
7268.60
6819.73
6386.48
6022.38
5780.38
5575.31
5474.54
5520.71
5449.56
5312.27
5620.43
6004.54
6425.73
6758.76
6998.18
7055.37
6975.46
6802.87
6655.25
6568.76
6585.93
7430.81
8081.13
7951.66
7594.24
7058.73
6578.99
6225.39
5969.28
5815.77
5826.58
6057.36
6471.47
6642.06
7153.84
7747.73
8044.61
8412.88
8589.28
8434.27
8454.28
8539.54
8546.00
8399.30
8181.37
8680.80
9057.14
8794.60
8262.95
7532.67
6848.51
6424.87
6170.09
6074.73
6026.39
6194.91
6645.47
6805.41
7271.92
7731.62
7950.19
8251.14
8480.92
8298.05
8304.78
8493.09
8538.48
8412.99
8166.72
8675.85
9169.88
8930.26
8436.15
7689.35
7004.78
6552.80
6289.92
6121.82
6083.12
6217.31
6678.16
6797.64
7282.91
7812.52
8138.26
8450.05
8662.85
8457.64
8519.64
8703.80
8694.82
8501.75
8225.54
8744.84
9210.76
8969.49
8464.69
7724.77
7067.24
6591.66
6302.77
6139.85
6076.23
6288.96
6683.07
6839.74
7379.36
7984.71
8334.23
8664.20
8828.24
8632.05
8671.55
8818.08
8824.05
8651.94
8333.68
8817.60
9231.38
9007.58
8554.80
7886.14
7278.48
6827.63
6550.38
6337.74
6284.34
6338.42
6364.91
6425.85
6981.77
7566.56
7956.03
8221.84
8403.43
8315.40
8120.31
7978.95
7860.13
7643.35
7591.45
8242.40
8779.03
8567.59
8100.60
7448.56
6969.15
6586.47
6226.41
6070.12
5952.65
5869.34
5764.00
5542.21
5853.37
6237.65
6556.59
6758.75
6916.46
6973.95
6959.70
6874.14
6787.75
6711.31
6612.61
7431.60
8072.81
8014.55
7695.16
7169.98
6597.20
6202.21
5965.10
5853.61
5812.35
6043.35
6499.65
6686.55
7177.81
7715.24
8183.03
8559.54
8757.57
8585.20
8585.46
8702.79
8673.14
8508.22
8279.83
8728.32
9119.20
8834.36
8273.94
7469.77
6801.79
6397.76
6163.49
6001.11
5953.00
6172.27
6657.94
6801.39
7251.73
7748.89
8083.57
8410.61
8627.51
8426.68
8452.78
8573.67
8550.73
8424.69
8206.06
8682.30
9125.38
8862.00
8359.35
7576.89
6891.36
6434.92
6228.77
6021.78
5981.25
6255.80
6708.63
6827.36
7287.26
7817.02
8120.21
8404.96
8551.68
8345.27
8437.07
8571.16
8538.93
8399.75
8124.31
8647.36
9034.04
8830.71
8329.31
7566.88
6913.80
6448.38
6202.66
6051.17
5998.06
6218.02
6668.04
6805.79
7290.63
7754.59
8007.08
8326.00
8581.37
8357.39
8284.94
8444.54
8452.43
8354.33
8152.31
8624.33
9083.42
8841.93
8314.35
7573.30
6916.19
6457.27
6204.70
6018.46
5952.35
6141.37
6605.43
6768.35
7223.11
7730.44
8038.70
8359.47
8574.47
8326.72
8250.76
8340.77
8362.40
8241.35
7982.48
8393.10
8797.30
8544.76
8055.97
7382.60
6759.26
6354.47
6029.34
5856.68
5791.43
5835.06
5944.62
6066.08
6577.30
7131.27
7496.93
7750.47
7880.81
7778.81
7569.60
7398.91
7313.81
7229.44
7230.66
7915.43
8282.58
8015.48
7603.16
6999.88
6483.55
6056.95
5814.11
5608.48
5490.16
5429.04
5365.24
5194.33
5556.96
5974.58
6294.57
6525.99
6671.58
6732.58
6678.59
6527.96
6453.65
6376.35
6407.77
7257.16
7832.25
7698.13
7303.58
6789.49
6300.49
5884.55
5669.04
5545.07
5504.34
5725.86
6267.22
6467.28
6891.15
7428.17
7739.76
8117.31
8366.57
8128.17
8150.56
8281.93
8275.05
8160.48
7943.53
8504.32
8944.66
8701.93
8158.02
7395.51
6730.24
6282.37
6026.59
5874.55
5839.35
6076.68
6584.29
6697.51
7158.26
7661.72
7961.56
8311.05
8555.67
8360.81
8381.16
8561.78
8532.75
8403.37
8123.30
8586.34
8974.60
8636.38
8200.19
7412.56
6690.07
6288.94
6082.18
5918.30
5849.36
5799.38
5809.90
5650.26
5990.61
6466.05
6832.10
7131.19
7368.52
7417.06
7340.80
7170.14
7067.59
6940.84
6895.61
7687.31
8392.53
8239.92
7831.40
7245.33
6578.35
6125.40
5923.73
5753.52
5715.27
5968.19
6431.69
6695.82
7195.38
7758.82
8108.26
8403.04
8540.50
8342.44
8331.28
8479.99
8423.43
8283.30
8041.99
8591.76
8998.99
8705.36
8171.54
7283.46
6606.13
6129.11
5853.00
5762.01
5716.47
5941.80
6464.50
6615.92
7079.11
7552.34
7871.33
8265.91
8501.09
8318.32
8403.65
8579.48
8540.07
8389.40
8139.73
8645.53
9018.09
8769.40
8270.89
7521.22
6861.32
6385.41
6125.51
5943.64
5866.66
5942.47
6036.83
6143.72
6722.29
7343.50
7738.62
8008.75
8134.33
8034.72
7813.82
7563.75
7512.37
7358.49
7365.74
8182.98
8570.14
8338.30
7774.82
7159.47
6593.18
6183.39
5914.69
5740.95
5610.36
5553.82
5504.73
5318.52
5634.93
6032.71
6345.85
6588.43
6799.92
6827.51
6774.50
6633.02
6517.25
6457.44
6480.84
7265.89
7809.60
7694.72
7348.16
6789.40
6245.17
5863.65
5680.80
5581.85
5536.95
5763.00
6293.73
6475.47
6900.96
7445.00
7691.49
8124.63
8406.21
8243.81
8303.22
8495.62
8480.06
8297.82
8040.54
8652.06
9168.98
8919.01
8301.66
7470.17
6772.34
6375.45
6118.50
5935.11
5911.57
6133.59
6649.43
6777.46
7252.32
7858.59
8215.93
8584.97
8817.88
8582.32
8644.25
8859.92
8866.68
8700.83
8474.79
8980.89
9418.69
9149.57
8637.26
7860.12
7123.33
6637.76
6398.89
6241.64
6197.72
6407.04
6932.94
7056.04
7465.16
7982.01
8268.73
8616.43
8824.88
8637.29
8696.20
8854.67
8790.38
8562.41
8302.61
8809.88
9116.60
8795.90
8311.17
7550.77
6814.69
6355.48
6123.95
5983.06
5864.81
6071.56
6595.98
6803.87
7211.00
7734.18
8056.40
8421.48
8660.77
8490.59
8538.48
8711.61
8730.60
8604.65
8348.31
8859.61
9312.08
8984.07
8489.11
7746.15
7012.97
6513.54
6313.82
6184.30
6107.82
6315.19
6799.62
6918.26
7340.29
7870.88
8183.91
8507.53
8745.46
8550.60
8552.04
8741.96
8728.59
8567.10
8284.47
8828.80
9212.47
8957.34
8445.45
7788.34
7181.21
6656.43
6379.39
6219.06
6141.99
6215.02
6318.29
6492.57
7034.60
7611.70
7945.66
8184.36
8365.19
8266.01
8064.91
7855.41
7736.92
7627.31
7563.98
8335.60
8748.57
8480.55
8012.35
7398.45
6865.01
6392.58
6170.16
6008.46
5866.56
5875.95
5863.79
5664.21
5929.37
6274.96
6589.21
6720.68
6913.50
6986.05
6938.63
6941.45
6837.28
6717.13
6728.85
7536.25
8189.67
8137.16
7710.56
7149.81
6650.18
6231.35
6042.65
6010.06
5963.55
6140.23
6692.06
6819.56
7248.47
7810.60
8154.84
8496.88
8664.87
8462.80
8507.06
8712.72
8724.08
8602.21
8321.93
8921.11
9310.13
9059.52
8567.84
7740.40
7054.76
6472.20
6202.61
6059.30
5978.19
6202.39
6850.82
7018.45
7396.11
7919.45
8201.15
8501.88
8694.18
8505.55
8559.63
8722.93
8720.94
8630.54
8273.96
8945.36
9350.39
9153.25
8661.95
7752.04
7065.57
6553.16
6327.33
6194.01
6132.86
6371.23
7039.47
7122.51
7479.91
7928.01
8234.90
8488.36
8721.28
8557.09
8550.57
8579.31
8585.07
8467.75
8283.93
8910.74
9224.91
9018.37
8436.82
7645.84
6953.35
6510.06
6300.91
6169.19
6144.94
6345.85
6870.01
6998.32
7342.33
7783.39
8058.17
8344.73
8544.33
8336.13
8413.58
8618.66
8599.11
8473.06
8260.82
8845.47
9247.37
8987.86
8445.14
7620.83
6914.56
6423.56
6192.49
6073.56
6055.89
6278.86
6840.59
6942.24
7360.27
7852.18
8205.99
8570.48
8821.04
8612.32
8620.90
8792.31
8790.46
8658.79
8397.45
8863.93
9263.98
8973.95
8475.28
7813.19
7238.00
6805.01
6562.72
6376.47
6316.05
6348.91
6495.14
6511.80
7055.61
7651.57
8060.32
8422.76
8615.66
8552.11
8349.48
8193.57
8078.96
7926.17
7804.78
8522.16
8986.07
8717.73
8266.83
7639.93
7136.51
6710.24
6381.16
6216.59
6100.83
6063.23
5955.82
5759.23
6094.19
6482.05
6796.03
7084.58
7315.82
7365.96
7292.94
7120.46
7025.18
6956.17
6956.30
7767.75
8366.87
8335.99
8063.70
7471.47
6830.15
6460.75
6250.31
6100.71
6024.06
6232.16
6782.55
6918.12
7422.90
8005.96
8367.03
8725.89
8937.13
8722.77
8751.55
8940.20
9001.51
8901.16
8602.56
9150.45
9628.40
9402.34
8856.52
8062.60
7347.13
6871.97
6622.22
6467.99
6372.46
6612.02
7146.37
7260.72
7662.96
8190.96
8537.83
8850.95
9013.55
8808.22
8878.38
9084.93
9091.23
8939.81
8629.00
9163.15
9527.35
9263.08
8717.52
7889.44
7215.16
6655.52
6427.29
6300.40
6270.85
6495.09
7028.50
7136.42
7547.45
8040.52
8343.25
8675.40
8872.10
8645.15
8689.55
8911.80
8900.95
8752.03
8573.91
9170.67
9521.66
9225.16
8766.53
7928.95
7249.34
6731.53
6520.16
6378.78
6329.80
6463.77
7107.92
7220.43
7659.57
8148.96
8471.22
8738.73
8939.32
8721.84
8741.05
8981.25
8964.68
8709.81
8292.84
9058.55
9458.18
9214.71
8667.54
7878.73
7076.06
6695.08
6450.25
6308.73
6226.75
6456.22
7026.91
7146.76
7547.43
8058.21
8343.80
8725.57
8929.07
8725.83
8757.61
8964.50
8974.54
8789.79
8511.40
9039.74
9381.10
9119.63
8592.92
7944.16
7365.01
6909.18
6599.11
6404.17
6318.37
6408.78
6535.66
6631.55
7148.07
7699.36
8083.16
8379.26
8556.52
8464.30
8283.28
8123.35
8012.88
7864.43
7796.04
8525.57
8975.16
8780.11
8326.18
7694.96
7103.62
6692.40
6399.28
6207.76
6050.64
6008.23
5908.20
5691.68
5945.42
6331.49
6632.05
6898.56
7016.32
7115.26
7032.57
6898.13
6822.35
6703.55
6694.96
7574.87
8039.60
7968.97
7657.88
7190.74
6698.97
6325.61
6088.31
5927.55
5826.53
5798.36
5756.40
5595.99
5931.28
6446.45
6816.51
7242.88
7527.53
7565.70
7490.64
7314.06
7196.03
7090.98
7103.33
7975.76
8652.40
8506.46
8040.17
7397.26
6792.03
6442.10
6233.87
6064.96
6026.60
6248.53
6799.56
6915.93
7363.70
8009.91
8410.08
8809.71
9021.65
8756.78
8724.20
9017.47
9034.68
8903.15
8570.49
9202.54
9656.26
9430.59
8838.64
8022.55
7304.61
6735.30
6497.91
6345.68
6306.65
6526.93
7057.60
7188.27
7570.52
8122.49
8458.87
8790.52
8976.15
8758.48
8821.49
9002.74
9026.13
8835.58
8599.01
9258.03
9561.55
9391.44
8578.37
7954.23
7273.30
6688.06
6400.99
6155.84
6120.65
6324.35
6994.29
7076.32
7496.65
8012.46
8456.34
8773.96
8958.77
8743.98
8800.62
8920.12
8947.22
8835.42
8547.62
9220.06
9498.38
9247.63
8697.93
7840.36
7107.07
6650.11
6391.33
6186.23
6140.54
6337.63
6888.89
7031.54
7457.40
8045.32
8431.74
8784.95
8978.02
8840.05
8886.79
9080.12
9068.79
8887.48
8590.21
9127.56
9458.58
9213.66
8679.53
8005.36
7286.64
6903.20
6629.22
6442.09
6353.67
6263.66
6353.57
6473.52
7085.30
7659.79
8139.08
8540.27
8699.50
8583.07
8380.40
8249.50
8079.72
7943.55
7875.85
8640.59
9000.70
8755.05
8272.02
7683.29
7128.16
6572.89
6200.74
5962.96
5790.13
5717.90
5639.71
5407.24
5914.67
6347.65
6682.01
6967.87
7161.04
7269.59
7193.43
7083.15
6964.54
6900.41
6897.54
7811.60
8358.99
8255.27
7865.13
7320.55
6726.91
6266.91
5993.67
5837.92
5813.20
6035.68
6630.14
6810.21
7380.33
7966.61
8363.87
8816.97
8970.86
8794.44
8782.89
8898.18
8907.14
8816.90
8538.95
9225.50
9519.13
9216.84
8714.44
7870.53
7063.88
6715.78
6495.44
6339.69
6301.40
6521.01
7009.47
7154.59
7574.12
8134.71
8438.80
8835.14
9033.53
8831.67
8956.80
9123.10
9145.10
8988.44
8672.14
9293.33
9622.63
9364.35
8802.01
8007.39
7301.47
6818.88
6589.36
6446.71
6364.00
6587.57
7119.92
7223.01
7639.99
8122.24
8456.57
8811.13
9038.15
8829.93
8914.50
9105.70
9079.70
8928.17
8684.91
9268.37
9581.52
9353.68
8829.54
8055.39
7340.42
6850.53
6558.70
6423.54
6367.50
6547.68
7124.14
7234.99
7622.70
8123.62
8430.35
8826.89
9025.18
8798.52
8844.32
8976.99
8989.59
8872.96
8678.78
9327.12
9559.05
9288.74
8687.04
7848.80
7136.08
6623.27
6396.09
6262.92
6247.09
6460.13
6981.98
7099.34
7465.11
7946.55
8145.10
8350.28
8611.04
8372.38
8395.90
8565.60
8597.06
8489.46
8264.66
8898.26
9128.17
8851.44
8299.27
7547.50
6940.96
6353.23
6274.98
6142.46
6082.80
6209.15
6295.64
6457.25
7013.45
7586.23
7966.87
8252.30
8418.38
8336.41
8069.10
7946.28
7848.00
7742.48
7684.48
8483.34
8782.75
8537.26
7957.19
7312.35
6793.28
6185.22
5779.75
5560.35
5457.89
5428.72
5375.77
5206.44
5514.06
5817.29
6227.23
6408.92
6571.73
6690.40
6679.84
6586.08
6501.53
6404.74
6529.09
7651.12
8083.82
7876.01
7384.15
6835.61
6305.22
5949.53
5722.57
5587.87
5634.07
5830.23
6438.76
6635.23
7044.04
7748.58
8341.59
8748.13
8955.58
8730.42
8809.82
8985.78
8947.96
8816.07
8566.99
9292.86
9512.98
9239.22
8730.03
7949.37
7260.12
6802.36
6552.41
6390.94
6298.14
6551.94
7111.57
7223.15
7597.57
8119.51
8395.55
8680.92
8889.81
8621.98
8633.58
8818.42
8779.11
8539.83
8391.64
9121.61
9378.85
9066.91
8525.56
7720.83
7006.93
6541.45
6294.11
6153.19
6126.38
6336.54
6886.39
7027.26
7407.05
7912.19
8203.07
8554.29
8778.01
8558.76
8596.14
8766.47
8744.40
8554.83
8299.14
9084.58
9287.37
9031.76
8495.73
7698.89
6925.38
6452.51
6262.73
6053.93
6032.74
6190.95
6753.16
6887.42
7220.84
7647.28
7909.75
8158.08
8367.45
8249.62
8349.31
8526.40
8567.50
8453.08
8293.11
9040.48
9231.08
8971.34
8398.19
7611.07
6934.00
6456.28
6171.55
6034.51
5977.57
6186.64
6747.86
6888.80
7263.05
7737.58
8070.90
8349.57
8512.65
8351.60
8378.85
8534.38
8557.90
8417.65
8220.63
8949.83
9120.56
8823.70
8309.39
7595.82
6978.84
6506.80
6246.96
6115.96
6022.91
6134.24
6275.96
6399.82
6881.47
7505.00
7862.69
8198.81
8361.48
8233.68
8063.98
7897.56
7774.97
7611.47
7612.90
8588.39
8863.60
8605.70
8058.34
7464.02
6909.65
6479.24
6206.27
6011.88
5900.05
5855.77
5785.76
5620.04
5888.20
6287.55
6597.36
6878.51
7051.10
7113.23
7047.98
6925.08
6858.63
6753.73
6793.86
7760.64
8096.40
8028.72
7630.33
7077.44
6561.40
6210.61
6023.70
5879.34
5859.80
6114.09
6650.04
6766.58
7189.59
7832.40
8263.65
8584.05
8773.48
8556.07
8597.92
8735.79
8728.80
8593.99
8412.98
9309.16
9563.62
9221.35
8545.52
7638.76
6941.35
6462.31
6237.56
6089.67
6058.60
6285.35
6864.45
6945.51
7359.33
7929.72
8261.99
8544.42
8805.00
8633.69
8680.37
8831.16
8833.02
8686.78
8515.12
9257.07
9435.43
9114.08
8570.94
7744.76
7070.00
6387.47
6114.95
5939.58
5863.62
6111.34
6806.45
6952.56
7245.94
7759.02
8092.23
8426.88
8601.12
8280.32
8301.09
8461.52
8438.49
8359.83
8227.57
8993.56
9214.45
8922.42
8255.59
7326.85
6602.53
6296.10
5958.24
5818.39
5881.24
6135.36
6719.43
6850.18
7275.97
7773.03
8117.66
8485.75
8740.04
8529.40
8614.57
8830.57
8842.72
8671.36
8457.44
9221.63
9417.34
9172.59
8614.25
7706.83
7017.50
6566.20
6303.99
6155.34
6179.96
6354.39
6810.22
6897.79
7245.77
7984.89
8310.89
8655.76
8838.32
8594.14
8628.68
8790.70
8801.25
8669.69
8486.99
9278.74
9422.24
9131.19
8417.49
7938.27
7271.85
6799.24
6556.42
6367.02
6306.96
6359.34
6463.76
6610.97
7184.98
7777.17
8195.12
8468.37
8608.24
8372.34
8069.35
7845.50
7751.91
7630.06
7679.69
8599.00
8688.01
8399.25
7930.88
7275.88
6698.82
6276.14
5979.75
5826.31
5763.97
5662.61
5643.07
5440.22
5870.47
6287.79
6612.86
6922.59
7133.24
7193.47
7106.48
6976.16
6884.31
6814.45
6911.41
7978.98
8288.80
8109.45
7729.56
7187.16
6648.99
6226.69
6028.64
5900.73
5853.81
6094.58
6624.60
6783.34
7222.44
7747.57
8088.24
8420.52
8583.47
8325.37
8342.74
8475.50
8536.60
8473.53
8392.19
9132.87
9213.95
8997.48
8364.46
7554.33
6843.91
6408.52
6223.71
6080.09
6035.07
6301.57
6876.80
6981.73
7385.96
7882.33
8195.02
8482.35
8688.53
8452.09
8512.05
8754.22
8739.97
8628.14
8546.11
9262.39
9362.80
9080.13
8475.54
7628.20
6962.67
6528.41
6331.34
6194.93
6157.43
6387.20
6938.81
7046.06
7396.74
7899.94
8186.93
8469.81
8737.24
8530.00
8528.89
8663.15
8651.16
8448.41
8471.16
9203.99
9234.11
8889.85
8328.20
7574.28
6888.71
6388.06
6208.54
6070.38
6035.62
6306.98
6849.38
6990.94
7376.47
7846.71
8150.49
8482.38
8734.71
8493.93
8524.16
8671.30
8695.85
8511.18
8383.81
9237.90
9335.15
8995.24
8440.04
7623.52
6897.27
6433.57
6221.60
6070.41
6061.12
6287.62
6759.57
6901.04
7345.15
7928.74
8279.74
8587.00
8800.75
8525.95
8589.70
8824.04
8851.80
8771.47
8564.13
9307.00
9432.73
9115.01
8594.19
7906.64
7314.84
6794.69
6544.48
6333.38
6255.86
6328.63
6394.90
6510.93
7120.65
7686.21
8114.03
8452.15
8570.40
8431.13
8243.40
8061.83
7949.35
7798.75
7841.80
8789.95
8928.06
8653.17
8177.82
7582.26
7023.93
6608.33
6341.64
6171.92
6033.64
5969.91
5848.73
5657.98
5940.49
6314.26
6628.79
6916.03
7116.50
7181.14
7100.54
6942.96
6822.31
6712.19
6897.25
8182.62
8497.79
8302.98
7919.54
7326.76
6746.27
6328.52
6126.50
5921.34
5871.76
6075.83
6695.28
6878.75
7316.31
7872.58
8236.42
8589.63
8816.47
8601.74
8643.39
8808.73
8806.28
8699.72
8638.87
9373.24
9497.74
9195.77
8556.46
7726.83
7085.85
6601.95
6404.93
6292.19
6254.38
6524.64
7020.53
7199.91
7598.03
8084.64
8400.94
8790.94
9002.31
8774.73
8827.20
9000.47
8999.33
8801.90
8654.37
9475.55
9609.69
9316.35
8693.98
7897.07
7162.21
6617.11
6349.02
6193.68
6147.88
6387.70
6918.22
7047.55
7409.51
7892.80
8146.79
8431.21
8614.65
8456.69
8508.56
8714.49
8751.75
8633.29
8578.74
9424.91
9478.14
9197.63
8584.13
7835.62
7105.34
6610.52
6338.54
6189.91
6182.19
6429.19
6993.58
7080.95
7554.82
8037.48
8303.23
8606.71
8700.65
8452.56
8482.86
8617.97
8650.82
8574.37
8473.01
9296.21
9352.05
9060.69
8450.20
7697.53
6972.65
6533.92
6242.86
6098.80
6075.78
6330.71
6837.51
6961.31
7411.99
7963.58
8271.30
8684.38
8939.57
8711.62
8769.07
8933.35
8943.40
8792.61
8629.46
9534.81
9618.70
9281.34
8590.14
7839.09
7176.60
6707.29
6472.55
6340.36
6293.79
6361.56
6507.39
6622.48
7165.77
7709.61
8057.64
8380.54
8544.51
8411.92
8218.43
7980.74
7840.51
7728.25
7862.30
9054.77
9126.23
8745.56
8096.15
7514.31
6935.66
6548.13
6281.09
6112.21
6002.99
5940.93
5838.61
5663.81
6010.16
6305.09
6619.85
6890.28
7108.62
7147.18
7129.72
6994.14
6839.77
6812.35
6979.95
8184.59
8477.29
8268.52
7796.74
7225.38
6706.53
6324.58
6118.23
6008.52
5972.10
6224.12
6727.10
6874.16
7372.25
7963.97
8436.05
8916.47
9157.20
8812.74
8813.89
8955.63
8899.62
8746.61
8719.51
9501.84
9520.90
9240.90
8612.55
7860.98
7105.25
6579.13
6356.91
6250.60
6173.55
6434.13
6995.90
7119.35
7592.85
8155.45
8432.63
8759.43
8984.75
8774.93
8818.28
9030.86
9039.86
8870.45
8705.06
9574.77
9626.40
9373.55
8801.02
7979.61
7255.57
6783.68
6556.06
6401.12
6349.04
6583.85
7083.38
7165.80
7603.38
8118.15
8433.83
8844.21
9071.63
8853.15
8953.01
9096.45
9043.09
8946.77
8814.44
9638.29
9670.12
9416.85
8813.47
7995.01
7275.66
6856.53
6600.96
6433.90
6361.36
6604.03
7133.31
7247.17
7682.88
8203.83
8485.73
8891.35
9102.81
8839.13
8916.97
9082.69
9062.85
8907.72
8845.42
9644.69
9565.57
9272.84
8738.81
7960.41
7237.38
6796.56
6533.63
6337.20
6312.51
6538.05
7025.29
7181.08
7642.72
8125.95
8417.41
8722.89
8976.62
8760.94
8810.45
8924.48
8879.86
8722.20
8579.30
9340.42
9264.08
8952.20
8385.89
7728.78
7097.33
6522.32
6179.98
5975.47
5899.32
5964.72
6235.08
6302.05
6739.09
7285.27
7615.25
7857.94
7986.50
7897.06
7630.19
7421.31
7262.92
7205.71
7364.00
8485.28
8375.45
7966.15
7442.81
6792.54
6237.60
5860.47
5685.46
5500.15
5382.04
5393.10
5388.27
5200.43
5501.77
5838.06
6113.42
6315.70
6480.55
6468.32
6393.68
6250.89
6158.64
6181.03
6467.41
7713.36
7883.01
7640.53
7143.70
6526.79
6005.40
5726.99
5556.54
5447.84
5422.11
5621.73
6162.17
6452.48
6983.02
7515.87
7871.62
8225.18
8442.11
8269.67
8335.58
8523.44
8528.16
8401.52
8329.00
9227.16
9219.07
8947.58
8373.99
7586.08
6879.58
6403.04
6154.99
6046.91
5996.54
6246.14
6817.96
6947.01
7370.42
7880.62
8252.13
8511.33
8726.99
8539.94
8608.96
8837.98
8800.39
8712.34
8677.49
9425.95
9425.79
9112.53
8544.74
7735.49
6994.65
6527.97
6282.51
6112.77
6069.36
6306.59
6882.18
7044.44
7449.85
7869.49
8130.50
8465.24
8657.78
8423.06
8464.08
8697.03
8697.21
8559.97
8532.72
9325.60
9306.60
9038.64
8440.90
7664.59
6998.30
6544.37
6273.06
6127.24
6116.05
6403.34
6927.45
7097.21
7568.63
8069.05
8340.19
8696.29
8847.79
8638.88
8692.87
8808.15
8729.74
8593.79
8699.64
9470.36
9419.39
9049.27
8476.97
7638.22
6903.35
6551.54
6338.46
6178.10
6153.09
6407.65
6944.53
7051.90
7504.33
7852.84
8132.61
8417.32
8590.81
8397.52
8432.04
8650.88
8667.80
8498.90
8529.73
9255.09
9229.97
8910.78
8317.15
7627.79
6893.93
6476.15
6277.11
6107.00
6053.00
6104.78
6223.53
6345.67
6908.49
7459.17
7864.42
8160.07
8332.94
8250.03
8014.36
7861.92
7752.45
7654.07
7851.17
8757.03
8723.28
8390.44
7893.87
7322.26
6767.47
6333.57
6069.76
5882.14
5776.71
5723.84
5625.25
5479.45
5763.70
6126.30
6411.97
6625.64
6831.29
6905.83
6821.23
6693.72
6634.66
6597.00
6911.93
7990.25
8116.30
7921.25
7540.26
7017.77
6531.44
6176.95
5959.90
5802.88
5783.95
5975.12
6289.72
6570.85
7207.96
7841.91
8181.36
8514.52
8759.60
8592.22
8569.34
8721.85
8742.88
8586.96
8599.23
9376.76
9329.05
9016.77
8408.61
7654.23
6988.03
6522.92
6270.78
6101.61
6077.47
6299.60
6602.93
6901.09
7489.41
8062.39
8401.97
8648.17
8851.24
8752.24
8751.50
8861.12
8774.40
8696.81
8649.93
9437.36
9359.97
9007.87
8398.56
7636.87
6933.71
6524.35
6300.65
6156.97
6107.21
6280.95
6626.93
6903.31
7450.85
7950.20
8178.45
8419.60
8614.61
8290.56
8248.63
8485.85
8491.50
8406.58
8513.85
9252.11
9232.59
8851.77
8265.01
7527.08
6832.63
6401.06
6201.51
6065.91
5997.24
6164.32
6487.57
6815.06
7439.13
7987.25
8251.94
8592.96
8836.44
8687.66
8622.95
8729.82
8770.15
8687.90
8693.53
9375.06
9317.26
8978.05
8415.78
7697.98
6935.28
6509.55
6258.65
6145.59
6043.35
6240.98
6504.96
6742.73
7355.27
7903.36
8204.71
8560.93
8782.38
8584.44
8546.28
8707.51
8698.41
8479.83
8535.77
9260.23
9207.07
8862.86
8369.11
7722.35
7102.33
6736.76
6509.46
6329.99
6246.56
6349.42
6393.43
6496.55
7062.12
7641.87
7988.05
8334.43
8472.66
8341.90
8148.56
7966.56
7826.06
7635.14
7911.16
8909.66
8925.87
8507.53
7961.89
7390.19
6865.49
6448.33
6155.51
5921.94
5766.70
5696.86
5616.92
5505.69
5835.12
6182.35
6441.24
6647.95
6802.64
6877.72
6803.38
6670.06
6586.24
6530.72
6780.75
7818.61
7937.95
7707.03
7325.03
6857.72
6423.45
6021.74
5775.60
5640.56
5543.70
5573.03
5537.78
5429.86
5847.07
6305.78
6657.99
6976.39
7232.42
7350.49
7293.27
7092.30
6994.01
6914.85
7265.18
8275.52
8404.03
8174.77
7707.41
7113.59
6577.78
6203.99
6009.08
5897.32
5902.21
6141.09
6700.48
6835.01
7275.21
7804.11
8060.65
8358.48
8530.68
8330.31
8315.35
8435.33
8453.50
8388.50
8463.48
9317.89
9232.57
8913.90
8331.56
7525.71
6868.66
6419.54
6192.59
6067.38
6032.15
6301.05
6859.82
7055.88
7525.21
8003.55
8298.37
8651.81
8852.07
8693.29
8711.87
8906.86
8918.62
8729.42
8720.70
9478.93
9379.92
9104.40
8551.70
7731.22
7035.62
6579.79
6383.66
6234.17
6208.19
6403.58
6946.84
7133.67
7535.94
8017.48
8230.33
8630.92
8825.87
8617.50
8699.83
9051.65
9179.83
8940.83
8823.81
9617.08
9576.29
9203.62
8649.65
7921.48
7202.63
6693.37
6468.58
6313.47
6287.47
6504.21
7031.13
7140.69
7593.11
8109.60
8406.42
8736.48
8940.11
8728.03
8735.98
8913.10
8904.77
8769.78
8752.90
9469.91
9447.37
9133.68
8598.18
7953.87
7270.26
6812.38
6604.20
6427.18
6345.88
6418.81
6480.26
6607.28
7242.66
7785.09
8159.75
8446.63
8609.96
8426.94
8173.93
8012.57
7948.54
7781.77
8106.50
9012.85
8961.55
8692.93
8130.73
7538.81
6984.55
6546.47
6290.55
6123.03
5901.80
5859.18
5703.71
5511.52
5812.62
6174.58
6474.40
6736.45
6945.99
6976.84
6997.74
6872.57
6692.79
6679.71
7061.37
8146.14
8314.70
8167.99
7723.99
7134.27
6555.15
6262.71
5976.33
5874.67
5833.80
6076.57
6628.23
6802.98
7256.22
7795.73
8164.75
8537.48
8775.48
8609.07
8639.78
8792.77
8759.48
8538.02
8621.74
9406.44
9351.38
9018.00
8380.54
7553.44
6781.18
6408.57
6181.06
6065.27
6034.67
6347.14
6859.06
6975.59
7370.10
7851.26
8130.05
8357.09
8550.16
8403.42
8496.99
8614.19
8607.31
8520.69
8639.69
9352.38
9261.99
8979.21
8360.50
7548.37
6808.62
6333.89
6129.66
6010.49
5975.43
6210.22
6804.41
6899.71
7288.61
7720.05
7930.90
8278.20
8518.55
8317.77
8341.65
8501.30
8593.97
8452.04
8573.38
9356.06
9326.96
8986.52
8362.55
7465.32
6771.24
6360.43
6161.46
6014.20
5983.77
6247.62
6770.11
6934.54
7384.36
7824.26
8107.85
8435.16
8717.03
8514.74
8542.33
8678.18
8666.46
8536.32
8609.48
9441.22
9289.65
9030.13
8466.21
7670.85
6884.32
6454.82
6219.79
6062.39
6032.96
6288.82
6833.89
7009.44
7456.10
7962.57
8225.22
8530.93
8731.29
8544.38
8584.43
8728.88
8626.29
8474.77
8662.64
9215.84
9111.88
8826.57
8191.23
7549.36
6951.75
6515.77
6257.70
6078.13
6030.08
6127.74
6257.42
6393.15
6926.41
7442.52
7776.18
8070.72
8175.26
8042.45
7763.39
7601.09
7493.43
7389.13
7800.06
8614.64
8530.99
8181.44
7617.58
7039.13
6486.74
6105.98
5860.71
5701.00
5596.96
5562.14
5462.46
5404.84
5768.40
6118.90
6409.13
6689.84
6913.21
6968.18
6943.36
6824.77
6717.93
6649.28
7010.53
8073.79
8152.20
8100.47
7729.72
7146.47
6547.48
6153.40
5945.30
5777.22
5763.81
6016.78
6527.76
6808.68
7290.20
7908.19
8239.30
8496.64
8771.15
8468.60
8524.18
8581.39
8527.26
8451.36
8535.83
8870.59
8733.76
8484.53
8033.69
7454.32
6768.09
6279.99
6028.86
5942.07
5914.71
6198.10
6736.65
6886.27
7191.37
7644.50
7918.92
8259.10
8524.98
8305.44
8414.60
8615.90
8622.68
8509.56
8736.05
9294.67
9216.90
8840.92
8279.72
7499.16
6703.29
6303.43
6119.39
5962.06
5914.38
6122.24
6698.90
6894.83
7228.00
7620.58
7910.69
8165.24
8347.81
8144.31
8193.59
8415.83
8452.11
8341.86
8514.39
9295.48
9218.38
8873.09
8231.79
7447.69
6666.17
6248.31
6051.77
5886.97
5847.34
6122.24
6677.31
6850.40
7249.79
7751.83
8069.24
8391.23
8609.75
8426.49
8494.58
8766.09
8811.54
8688.42
8802.61
9538.05
9414.76
9058.53
8491.19
7708.98
6974.96
6519.61
6267.80
6115.25
6057.38
6308.60
6843.09
7000.33
7384.14
7887.55
8256.14
8532.25
8708.41
8489.14
8514.28
8672.74
8707.95
8559.47
8735.52
9347.78
9213.45
8910.01
8312.57
7659.62
7030.61
6560.92
6300.20
6140.99
6074.66
6146.48
6297.75
6450.82
6973.17
7560.46
7932.72
8256.93
8383.18
8141.26
7972.74
7770.04
7688.26
7543.98
7920.27
8739.81
8649.93
8389.97
7840.54
7213.61
6602.68
6214.26
5950.46
5802.97
5695.96
5689.33
5598.68
5528.28
5870.90
6169.12
6531.72
6784.86
6965.39
7009.89
6906.99
6720.96
6609.91
6557.90
6958.21
7934.05
7975.73
7785.20
7400.97
6922.80
6368.93
6012.44
5752.52
5643.22
5556.80
5585.18
5535.27
5447.09
5889.37
6340.89
6684.90
6955.62
7172.86
7205.05
7110.59
6888.27
6761.31
6759.53
7221.43
8164.32
8229.11
8017.36
7480.15
6842.93
6333.86
6011.41
5835.98
5676.95
5706.01
5989.84
6559.25
6761.69
7189.00
7704.70
8035.86
8354.70
8626.56
8441.09
8474.89
8619.98
8684.42
8508.23
8241.47
9381.12
9354.32
8987.77
8417.88
7668.96
6945.25
6489.80
6271.55
6140.06
6103.11
6402.37
6931.66
7104.47
7542.36
8057.28
8360.03
8708.07
8867.52
8611.86
8735.51
8925.56
8909.06
8772.68
8909.49
9665.68
9587.57
9251.10
8595.25
7810.48
7097.13
6640.45
6414.14
6302.59
6221.77
6531.50
7075.93
7236.05
7631.74
8235.17
8474.75
8743.53
8985.49
8824.98
8858.57
8998.99
8958.97
8913.82
9087.35
9711.98
9550.27
9198.48
8533.65
7785.96
7074.16
6641.62
6410.23
6249.85
6234.77
6478.39
6992.12
7149.76
7545.85
8046.21
8277.25
8515.70
8712.19
8507.27
8416.88
8502.93
8513.83
8447.15
8721.71
9306.23
9224.19
8854.26
8291.72
7600.39
6976.06
6538.07
6276.05
6152.83
6106.78
6083.86
6213.05
6404.11
6972.65
7506.89
7849.99
8140.19
8288.24
8212.76
7996.40
7858.87
7760.68
7673.48
8019.85
8760.70
8680.88
8486.40
7999.36
7335.37
6817.62
6368.37
6098.43
5896.24
5791.46
5759.94
5655.04
5512.69
5877.87
6308.42
6618.95
6886.93
7036.39
7087.14
7012.29
6895.19
6785.15
6709.79
7036.98
7957.48
8041.59
7902.97
7491.79
6969.38
6419.26
6061.74
5829.43
5691.59
5611.87
5637.52
5663.31
5548.43
5928.96
6361.05
6743.29
7074.53
7335.24
7372.02
7291.65
7135.34
7009.07
6963.70
7416.04
8273.07
8393.26
8142.44
7591.42
6950.61
6487.25
6120.39
5900.84
5784.51
5773.33
6037.56
6608.29
6807.67
7153.95
7629.12
7933.33
8251.66
8469.36
8309.34
8341.86
8490.19
8537.62
8494.10
8654.59
9366.24
9265.69
8884.03
8272.92
7443.37
6729.38
6322.05
6110.03
5983.33
5950.87
6197.08
6711.25
6932.96
7375.02
7878.45
8200.79
8504.72
8696.22
8481.13
8441.72
8651.59
8639.84
8571.07
8728.25
9441.39
9335.39
8964.38
8379.46
7628.26
6918.74
6455.24
6228.65
6069.13
6053.23
6284.82
6786.88
6999.52
7440.82
7951.00
8245.68
8504.94
8689.70
8562.89
8455.90
8638.65
8656.52
8541.76
8764.89
9505.08
9392.32
9083.88
8474.96
7696.76
6934.51
6467.11
6250.90
6092.58
6050.88
6281.41
6788.62
6998.75
7465.81
7942.12
8135.51
8392.53
8571.28
8537.77
8632.27
8790.21
8787.95
8674.46
8834.30
9454.76
9304.51
8940.15
8391.91
7734.61
7099.24
6619.44
6368.44
6185.72
6124.45
6188.46
6355.12
6506.53
7044.79
7592.92
7938.74
8192.52
8339.11
8215.54
7919.54
7790.18
7741.10
7660.89
7993.85
8787.73
8699.18
8416.01
7897.45
7245.82
6683.79
6228.52
5939.74
5741.27
5584.40
5609.60
5557.18
5432.41
5706.26
6061.84
6300.62
6553.38
6764.19
6850.70
6776.15
6644.86
6558.96
6501.71
6806.51
7863.31
8002.86
7866.75
7412.26
6885.74
6326.94
5984.01
5763.28
5679.78
5673.74
5901.14
6348.85
6604.84
7146.78
7779.93
8159.11
8518.83
8769.53
8603.67
8692.38
8797.72
8735.53
8683.06
8603.66
9444.28
9384.81
9012.06
8397.88
7599.66
6861.30
6363.99
6119.32
5972.23
5951.29
6179.64
6623.31
6883.96
7380.26
7908.83
8233.34
8533.83
8770.22
8613.86
8584.86
8839.46
8851.22
8729.21
8755.67
9595.34
9486.19
9161.29
8541.74
7785.06
7087.90
6569.45
6316.80
6183.14
6146.59
6352.67
6711.95
6962.78
7508.65
7906.79
8263.38
8562.35
8789.99
8642.42
8638.24
8808.00
8803.47
8620.77
8741.54
9526.31
9463.56
9114.33
8558.77
7836.13
7126.17
6667.47
6432.12
6266.18
6219.82
6423.48
6849.84
7107.63
7617.41
8125.51
8427.86
8683.87
8905.47
8654.24
8621.55
8847.87
8906.44
8791.47
8857.87
9607.49
9499.29
9190.84
8633.79
7898.52
7169.08
6676.00
6394.45
6231.54
6194.47
6382.75
6798.97
7063.44
7575.31
8085.89
8376.67
8634.70
8801.50
8630.62
8587.12
8713.93
8712.99
8647.52
8849.88
9429.47
9263.05
8945.27
8417.43
7786.75
7126.56
6672.88
6409.16
6199.75
6129.07
6221.32
6423.71
6553.27
7054.45
7598.29
7912.30
8179.47
8332.98
8238.12
8073.17
7926.60
7820.46
7669.81
7989.36
8831.77
8770.09
8465.00
7983.33
7326.57
6735.28
6309.68
6017.48
5800.96
5672.62
5631.90
5619.82
5480.50
5808.76
6210.62
6520.38
6769.37
6955.62
7005.99
6937.60
6800.66
6741.70
6742.83
7091.73
8024.96
8146.16
8010.31
7588.04
7027.04
6472.11
6067.37
5832.77
5696.85
5702.12
5905.33
6295.13
6588.80
7202.23
7803.17
8181.52
8514.58
8746.74
8541.81
8542.28
8696.77
8723.81
8589.87
8620.49
9339.24
9294.32
8984.42
8415.12
7625.42
6907.95
6428.94
6181.97
6043.15
5965.75
6163.41
6520.90
6820.75
7378.41
7843.35
8119.67
8369.49
8580.62
8375.38
8370.45
8573.73
8543.72
8426.68
8582.53
9401.50
9312.47
8956.23
8367.36
7589.96
6845.14
6324.21
6122.44
6033.57
6014.81
6201.86
6610.34
6898.33
7468.92
7975.74
8274.71
8578.32
8729.07
8622.44
8601.60
8713.69
8710.12
8615.67
8710.67
9457.01
9370.19
9059.23
8476.55
7737.57
7067.93
6566.13
6321.69
6139.39
6083.70
6274.97
6629.44
6919.42
7454.70
7961.50
8273.24
8543.43
8765.66
8553.90
8486.65
8625.94
8622.76
8512.28
8626.66
9356.90
9297.04
8959.63
8427.29
7702.05
6968.21
6456.90
6251.46
6069.86
5979.86
6192.96
6550.26
6833.40
7424.90
7958.41
8248.98
8470.39
8707.30
8496.05
8502.24
8575.58
8545.36
8482.39
8634.35
9210.42
9108.99
8774.83
8224.62
7591.91
6943.44
6425.40
6105.48
5913.60
5807.70
5897.55
6055.28
6238.75
6749.48
7283.17
7648.53
7899.18
8091.38
7995.50
7804.78
7660.11
7554.39
7461.63
7728.53
8718.82
8752.35
8460.48
7953.95
7301.65
6700.96
6269.54
5952.97
5762.13
5645.99
5637.09
5616.72
5480.66
5828.69
6231.19
6563.56
6799.16
6985.02
7033.69
6962.94
6833.14
6731.44
6674.75
6982.71
8030.52
8162.98
8040.71
7652.44
7116.45
6578.55
6209.32
5955.00
5837.38
5772.46
5934.78
6322.18
6654.55
7212.76
7772.25
8012.24
8422.45
8645.20
8479.20
8493.16
8583.80
8522.45
8476.46
8614.27
9453.63
9352.95
9080.23
8486.85
7724.32
6966.83
6495.71
6213.32
6058.88
6043.90
6191.52
6570.60
6815.06
7356.42
7907.92
8229.89
8492.26
8749.61
8652.97
8647.01
8777.35
8779.87
8625.81
8651.47
9568.60
9524.09
9214.81
8583.00
7902.61
7113.44
6633.61
6360.26
6213.81
6165.35
6329.95
6668.37
6920.82
7544.52
8116.70
8380.18
8690.62
8879.95
8700.56
8665.05
8744.30
8710.14
8530.31
8460.75
9228.81
8934.49
8525.04
8005.14
7458.33
6950.47
6493.02
6269.99
6068.56
5957.37
5950.18
6002.49
5805.50
6136.31
6558.25
6895.17
7282.67
7498.81
7545.73
7380.17
7263.03
7192.79
7098.20
7300.08
8324.19
8415.71
8206.69
7770.52
7225.04
6733.90
6279.28
6057.23
5934.79
5898.01
6096.01
6409.25
6636.29
7260.47
7806.17
8088.75
8462.40
8710.72
8552.40
8476.33
8570.00
8610.09
8460.44
8543.87
9348.24
9305.60
8939.77
8344.83
7637.71
6990.28
6493.16
6213.36
6027.03
5972.50
6068.16
6202.67
6317.48
6878.54
7461.25
7834.85
8179.48
8335.21
8216.67
7957.91
7838.82
7776.73
7678.23
7868.67
8862.26
8886.24
8608.14
8121.87
7442.52
6820.56
6366.08
6057.41
5875.03
5774.32
5720.06
5707.78
5578.32
5912.70
6286.51
6618.03
6906.89
7104.55
7137.80
7085.28
6969.43
6865.35
6781.74
7027.46
8161.50
8292.55
8186.77
7812.26
7284.26
6747.39
6303.89
6058.55
5928.87
5918.76
6093.86
6419.69
6677.92
7304.48
7898.30
8308.14
8639.46
8839.36
8705.66
8701.87
8799.96
8750.17
8589.78
8618.92
9538.10
9490.38
9210.45
8677.06
7911.77
7151.61
6649.76
6365.40
6203.49
6177.18
6358.14
6644.77
6872.57
7420.75
7997.57
8348.99
8642.73
8847.71
8662.87
8649.06
8781.33
8820.68
8716.88
8692.97
9554.82
9463.91
9175.18
8585.35
7845.78
7098.43
6596.21
6301.95
6184.83
6167.24
6362.36
6805.99
7070.51
7622.19
8147.71
8396.86
8732.44
8979.71
8820.53
8831.66
8989.16
8982.07
8834.81
8831.06
9623.04
9630.39
9314.24
8743.59
8063.01
7285.36
6780.06
6488.86
6320.70
6271.32
6457.10
6748.11
7051.31
7604.11
8143.65
8425.90
8747.61
8995.58
8827.78
8830.52
8953.66
8933.46
8775.14
8786.03
9639.28
9608.43
9295.67
8778.03
8050.87
7287.73
6766.07
6494.94
6310.46
6257.04
6406.93
6740.03
6937.49
7518.08
8102.64
8436.48
8713.91
8944.59
8775.96
8746.52
8841.91
8820.53
8650.49
8623.27
9446.94
9330.26
9006.70
8530.28
7888.69
7245.11
6748.60
6423.34
6197.80
6124.44
6232.62
6385.59
6427.31
6922.43
7455.85
7821.00
8107.43
8231.52
8127.33
7963.38
7824.47
7726.88
7609.72
7725.73
8801.97
8765.93
8552.33
8184.58
7564.63
7021.90
6527.84
6201.50
6006.75
5922.34
5879.51
5856.17
5660.30
5990.52
6406.84
6708.51
6949.40
7104.62
7179.91
7158.68
7033.49
6938.63
6829.49
6966.14
8096.57
8283.79
8165.09
7872.54
7351.19
6799.17
6394.87
6098.53
5980.87
5936.43
6111.48
6381.31
6594.01
7202.14
7879.66
8239.01
8585.17
8778.43
8666.19
8681.01
8782.31
8753.57
8578.25
8449.83
9362.57
9297.00
9063.40
8636.29
7902.56
7136.60
6636.64
6380.84
6220.36
6178.71
6342.92
6587.00
6791.04
7364.68
7911.87
8225.02
8432.63
8675.35
8499.19
8473.21
8581.16
8606.62
8452.49
8450.18
9259.63
9220.74
8993.85
8574.05
7883.88
7106.54
6562.20
6270.95
6102.97
6078.63
6229.97
6505.41
6693.06
7237.34
7745.86
8099.64
8375.06
8541.17
8415.71
8376.22
8451.50
8438.64
8325.65
8365.16
9153.94
9010.39
8768.74
8341.28
7630.05
6924.91
6446.81
6209.32
6050.53
5990.74
6156.05
6477.15
6635.48
7176.64
7739.86
8035.33
8319.00
8541.49
8410.22
8372.30
8439.07
8445.50
8245.58
8186.33
9070.43
9104.43
8821.04
8459.29
7812.23
7128.14
6542.48
6204.96
6036.73
5978.13
6151.46
6428.52
6555.81
7086.26
7661.98
7955.37
8258.32
8465.73
8308.26
8219.83
8248.88
8165.55
7966.73
7921.15
8849.88
8915.52
8678.11
8282.75
7689.23
6998.39
6607.00
6232.02
5986.48
5832.67
5847.98
5970.41
5909.53
6265.76
6718.20
7055.88
7248.95
7295.72
7221.31
7089.36
6940.93
6848.40
6774.88
6949.89
8069.40
8184.77
7798.27
7287.66
6849.52
6466.45
6178.02
5979.19
5776.75
5583.68
5459.81
5358.19
5004.65
5104.86
5358.63
5672.72
5916.60
6094.54
6190.27
6205.85
6120.52
6027.11
5978.92
6149.56
7201.96
7430.05
7324.41
7006.03
6567.06
6126.44
5772.71
5588.39
5475.26
5436.41
5562.53
5815.29
6044.98
6603.11
7239.30
7630.57
7974.35
8218.43
8192.98
8135.35
8170.11
8113.39
8000.81
7935.42
8811.30
8933.35
8651.39
8134.97
7452.09
6762.24
6309.85
6047.94
5886.47
5837.07
5967.96
6212.19
6345.99
6888.89
7452.83
7785.24
8057.31
8293.28
8238.89
8180.08
8255.98
8183.67
8086.57
8086.12
8892.31
8966.42
8653.86
8141.43
7461.53
6819.15
6403.50
6089.93
5883.18
5847.09
5947.13
6212.36
6361.72
6953.07
7483.68
7874.35
8179.72
8411.17
8299.36
8248.10
8307.73
8297.48
8122.84
8005.45
8853.37
9018.71
8759.33
8278.67
7599.62
6877.70
6408.84
6134.11
5990.90
5928.11
6029.00
6253.37
6389.69
6974.69
7435.82
7811.14
8130.20
8348.96
8263.03
8210.44
8252.59
8201.19
8030.66
7911.56
8872.61
8956.41
8689.92
8211.20
7583.87
6945.45
6447.47
6136.46
5994.46
5923.30
6006.55
6219.30
6279.70
6742.92
7282.49
7628.98
7885.28
8097.99
7983.74
7852.56
7805.03
7690.34
7547.29
7573.97
8466.77
8539.01
8251.49
7913.40
7287.12
6716.91
6447.47
6136.46
5994.46
5923.3
6006.55
6219.3
6279.7
6742.92
7282.49
7628.98
7885.28
8097.99
7983.74
7852.56
7805.03
7690.34
7547.29
7573.97
8466.77
8539.01
8251.49
7913.4
7287.12
6716.91