5754
5519
5239
4991
4825
4687
4248
4307
4519
4733
4958
5133
5205
5167
5059
4981
4928
5066
6265
6681
6498
6160
5626
5156
4833
4656
4547
4515
4592
4816
4969
5496
6134
6513
6840
7146
7207
7163
7211
7197
7075
7057
8042
8312
8020
7412
6663
5919
5496
5271
5140
5086
5175
5395
5497
6007
6573
6896
7169
7530
7517
7461
7423
7430
7387
7348
8355
8510
8193
7574
6799
6053
5613
5364
5230
5177
5263
5508
5593
6064
6662
6998
7330
7721
7634
7574
7603
7533
7431
7362
8313
8631
8228
7661
6915
6194
5781
5482
5302
5233
5299
5447
5428
5808
6341
6731
7037
7182
7158
6999
6901
6852
6722
6806
7909
8215
7927
7414
6758
6079
5641
5349
5162
5069
5020
5040
4857
5095
5448
5724
5932
6120
6174
6072
5948
5876
5798
6013
7190
7599
7449
7031
6415
5722
5378
5123
4949
4883
4861
4919
4728
5002
5416
5746
6056
6433
6520
6470
6339
6271
6158
6257
7385
7842
7652
7189
6567
5782
5406
5191
5068
5031
5154
5465
5602
6158
6846
7192
7503
7866
7779
7750
7858
7831
7748
7645
8534
8855
8495
7903
7089
6337
5680
5423
5282
5265
5407
5703
5898
6414
7026
7296
7641
8053
7916
7874
7929
7900
7854
7768
8690
8869
8531
7977
7102
6231
5747
5487
5357
5328
5434
5724
5938
6467
7073
7391
7718
8166
8045
7984
8052
8059
8038
7907
8749
8946
8469
7913
7155
6261
5786
5531
5374
5338
5442
5733
5924
6473
7107
7469
7822
8210
8035
7967
8053
8010
8026
7810
8608
8834
8488
7927
7159
6369
5917
5639
5473
5414
5464
5612
5650
6075
6667
7047
7377
7680
7598
7388
7159
7042
6930
7066
8101
8302
7996
7471
6754
6008
5573
5320
5155
5053
5039
5084
4953
5184
5576
5882
6119
6308
6376
6321
6156
6063
6107
6446
7486
7877
7610
7155
6551
5814
5415
5208
5091
5068
5230
5606
5938
6473
7088
7403
7701
8073
7940
7894
8003
7991
7900
7795
8541
8774
8410
7798
7021
6080
5625
5405
5276
5234
5415
5838
6125
6620
7162
7466
7759
8132
8007
7943
8035
8033
7935
7861
8630
8822
8443
7918
7109
6158
5658
5424
5309
5284
5459
5873
6178
6652
7242
7556
7852
8184
8059
8001
8090
8057
7984
7853
8639
8881
8500
7941
7146
6261
5756
5535
5385
5362
5520
5954
6245
6750
7291
7574
7897
8248
8113
8037
8114
8118
8039
7928
8715
8930
8546
7994
7206
6492
5787
5498
5396
5366
5534
5953
6266
6766
7288
7652
8016
8275
8102
8013
8127
8116
7999
7838
8534
8776
8451
7898
7208
6515
5860
5581
5430
5362
5446
5633
5764
6267
6869
7222
7520
7711
7616
7431
7238
7098
6970
6990
7976
8372
8080
7586
6908
6163
5664
5360
5187
5108
5063
5117
4990
5292
5718
6029
6217
6509
6563
6410
6274
6158
6067
6246
7281
7833
7737
7331
6677
5922
5530
5293
5166
5162
5366
5909
6185
6609
7182
7557
7885
8252
8093
8113
8240
8244
8122
7961
8724
9117
8742
8120
7280
6379
5747
5494
5369
5350
5557
6088
6536
6891
7460
7777
8116
8366
8152
8100
8258
8252
8146
7969
8740
9138
8724
8040
7148
6435
5847
5592
5456
5440
5637
6194
6614
6972
7495
7770
8094
8356
8137
8080
8216
8207
8118
7919
8781
9124
8792
8056
7161
6288
5816
5607
5470
5437
5640
6170
6515
6851
7362
7594
7927
8283
8090
8068
8194
8199
8108
7981
8738
9026
8671
7927
7088
6277
5792
5542
5423
5387
5576
6136
6479
6828
7332
7610
8057
8446
8224
8149
8277
8175
8023
7859
8583
8854
8512
7835
7056
6373
5868
5599
5483
5428
5503
5714
5834
6277
6852
7195
7503
7703
7633
7425
7248
7116
6969
6982
7987
8473
8175
7618
6854
6175
5713
5443
5272
5170
5137
5183
5042
5218
5587
5933
6194
6383
6473
6376
6239
6151
6102
6281
7297
7887
7778
7306
6620
5925
5487
5277
5169
5151
5389
6042
6307
6626
7168
7535
7933
8295
8083
8059
8202
8196
8086
7865
8757
9212
8898
8169
7288
6344
5835
5596
5449
5442
5672
6329
6558
6861
7390
7669
7995
8399
8092
8130
8210
8282
8171
7969
8769
9219
8884
8169
7274
6331
5796
5557
5422
5417
5618
6296
6538
6917
7436
7738
8181
8436
8237
8229
8393
8398
8303
8107
8816
9237
8907
8170
7304
6349
5859
5628
5513
5463
5693
6313
6602
6939
7451
7798
8249
8498
8246
8263
8405
8404
8296
8113
8909
9264
8871
8214
7287
6385
5852
5632
5494
5467
5689
6327
6535
6786
7282
7571
7852
8183
7955
7893
8023
8011
7901
7836
8666
9002
8629
7952
7229
6478
5873
5599
5437
5393
5473
5691
5877
6281
6827
7167
7444
7599
7568
7391
7216
7090
6983
7045
7877
8257
7985
7465
6736
6014
5566
5311
5140
5036
5051
5097
4949
5174
5576
5937
6168
6354
6405
6340
6177
6048
6029
6211
7201
7725
7616
7220
6472
5760
5353
5135
5051
5017
5283
6016
6329
6594
7069
7373
7803
8157
7973
7903
8026
8062
8148
8095
8856
9071
8679
7897
7003
6154
5646
5429
5332
5484
5587
6248
6528
6821
7336
7599
7850
8164
7934
7896
8038
8068
8018
8037
8803
9081
8759
8080
7118
6125
5662
5417
5315
5323
5603
6355
6648
6878
7352
7780
8152
8381
8204
8194
8344
8316
8299
8214
8885
9190
8875
8031
7122
6165
5644
5455
5328
5267
5528
6294
6565
6860
7435
7829
8173
8426
8276
8247
8371
8379
8294
8156
8823
9134
8824
8190
7146
6318
5704
5497
5388
5360
5612
6311
6560
6864
7483
7810
8111
8431
8236
8221
8356
8365
8107
8097
8941
9153
8771
8147
7183
6350
5807
5542
5418
5377
5469
5661
5820
6346
7008
7236
7612
7793
7722
7511
7326
7233
7154
7227
8018
8307
8059
7475
6689
5887
5478
5224
5071
4998
4986
5039
4929
5180
5664
6022
6275
6496
6565
6463
6355
6241
6186
6343
7282
7737
7508
7016
6275
5719
5384
5163
5049
5027
5313
6059
6400
6698
7306
7598
7912
8137
7835
7791
7922
7907
7832
7775
8438
8773
8425
7813
6792
6052
5598
5423
5316
5299
5581
6374
6573
6901
7424
7668
7934
8138
7802
7724
7835
7863
7807
7834
8551
8911
8565
7977
6997
6132
5688
5471
5316
5286
5526
6347
6578
6894
7316
7584
7907
8244
8039
8072
8244
8299
8220
8102
8734
9068
8798
8179
7193
6334
5774
5563
5439
5417
5662
6518
6764
7071
7485
7715
8006
8429
8211
8237
8388
8440
8350
8140
8800
9151
8780
8177
7346
6516
5888
5653
5537
5509
5749
6517
6734
7102
7568
7862
8194
8492
8301
8293
8388
8429
8329
8109
8725
9110
8832
8330
7425
6525
6007
5727
5577
5536
5642
5869
6032
6604
7199
7538
7803
8026
7923
7720
7516
7417
7359
7361
8241
8651
8375
7914
7014
6216
5690
5431
5258
5165
5148
5188
5072
5380
5739
6058
6243
6461
6514
6426
6300
6205
6151
6364
7499
7969
7831
7337
6489
5685
5319
5058
4927
4891
5163
5967
6336
6677
7183
7509
7824
8161
7925
7889
8026
8055
7978
7859
8514
8950
8648
8104
7197
6263
5586
5402
5277
5265
5517
6356
6622
6892
7358
7665
7968
8262
8051
8037
8167
8233
8144
8015
8728
9170
8890
8266
7258
6362
5878
5676
5528
5472
5798
6605
6808
7079
7525
7824
8156
8457
8293
8275
8537
8529
8413
8193
8804
9252
9009
8382
7535
6498
5965
5721
5595
5556
5823
6577
6879
7025
7445
7690
7959
8331
8141
8133
8168
8153
8048
8023
8663
9037
8691
8143
7323
6545
5892
5718
5617
5609
5809
6581
6797
7057
7502
7706
8073
8463
8229
8201
8323
8332
8229
8043
8712
9044
8839
8278
7560
6719
6053
5621
5456
5418
5492
5734
5906
6385
6969
7361
7653
7840
7711
7484
7292
7164
7063
7130
8216
8603
8322
7768
7028
6208
5693
5456
5215
5149
5110
5143
5071
5352
5788
6053
6250
6460
6570
6527
6309
6241
6195
6296
7356
8036
7957
7412
6766
5910
5497
5302
5169
5171
5363
6199
6450
6894
7403
7617
7942
8411
8246
8214
8381
8462
8407
8156
8815
9223
8920
8214
7330
6414
5830
5581
5460
5451
5809
6574
6733
7026
7545
7790
8113
8459
8323
8412
8597
8606
8467
8216
8964
9398
9085
8484
7471
6488
5906
5668
5544
5519
5751
6554
6905
7147
7670
8056
8331
8610
8356
8322
8491
8490
8355
8339
9056
9332
8969
8439
7471
6692
6164
5733
5580
5561
5797
6600
6820
7078
7670
7975
8272
8494
8273
8243
8359
8358
8306
8256
8867
9126
8834
8152
7331
6507
5902
5701
5596
5547
5782
6511
6746
6976
7385
7763
8062
8341
8112
8067
8208
8178
8075
8040
8626
8881
8605
8096
7295
6387
5898
5612
5454
5393
5484
5743
5855
6444
7064
7389
7710
7995
7875
7673
7460
7315
7198
7201
8089
8517
8229
7798
6962
6182
5745
5432
5266
5143
5148
5199
5047
5329
5833
6135
6365
6528
6591
6459
6315
6187
6102
6356
7404
8012
7889
7430
6688
5874
5345
5195
5063
5039
5317
6085
6351
6595
7061
7367
7635
8033
7756
7743
7887
7949
7874
7794
8523
8844
8489
7800
6990
6296
5792
5555
5386
5417
5679
6436
6641
6901
7365
7654
7975
8266
8051
8063
8205
8250
8202
8061
8838
9184
8822
8158
7289
6557
6032
5750
5605
5576
5825
6574
6823
7137
7570
7787
8139
8403
8093
8115
8302
8275
8178
8002
8769
9055
8740
8084
7245
6431
5877
5629
5593
5581
5854
6589
6822
7076
7561
7791
8062
8336
8126
8132
8306
8297
8217
8050
8786
9141
8710
8013
7217
6379
5931
5750
5652
5652
5879
6564
6801
7086
7555
7803
8133
8377
8118
8107
8268
8295
8183
8016
8680
8962
8626
8024
7216
6633
6154
5910
5749
5689
5781
5993
6115
6631
7202
7563
7869
8039
7918
7689
7472
7340
7153
7097
8057
8481
8205
7657
6960
6386
5898
5580
5394
5246
5253
5304
5166
5453
5825
6157
6451
6688
6696
6645
6466
6374
6248
6300
7365
7975
7891
7440
6763
6016
5614
5448
5327
5286
5507
6248
6427
6755
7206
7538
7947
8195
7989
7983
8121
8163
8075
7935
8596
8990
8680
8027
7092
6358
5779
5545
5419
5379
5636
6402
6637
6926
7349
7725
8039
8287
8056
8110
8318
8339
8174
7956
8687
9054
8721
8067
7155
6375
5973
5744
5564
5552
5791
6566
6847
7152
7644
7891
8227
8471
8279
8266
8421
8445
8358
8223
8886
9165
8822
8307
7327
6445
5965
5790
5676
5659
5916
6721
6980
7340
7779
7995
8285
8494
8276
8304
8423
8427
8359
8186
8743
9017
8716
8120
7229
6505
5927
5677
5528
5500
5745
6468
6768
7229
7757
8046
8319
8432
8157
8145
8290
8293
8209
8081
8661
8891
8528
8025
7157
6400
5941
5669
5541
5499
5586
5862
6071
6731
7308
7675
7900
8017
7938
7717
7528
7393
7328
7360
8269
8620
8308
7837
7132
6407
5868
5620
5445
5352
5329
5359
5239
5552
6075
6381
6553
6742
6826
6766
6612
6485
6456
6654
7666
7997
7853
7318
6683
6101
5579
5334
5267
5281
5554
6343
6541
7017
7598
7869
8225
8504
8220
8147
8294
8323
8303
8185
8839
9127
8795
8195
7124
6337
5936
5726
5580
5602
5885
6653
6918
7271
7716
7933
8242
8493
8337
8370
8527
8447
8390
8198
8887
9174
8819
8280
7354
6637
6059
5860
5737
5833
6121
6761
6887
7097
7473
7743
8026
8268
8049
8062
8220
8196
8138
8067
8826
9095
8774
8154
7175
6425
5919
5688
5557
5542
5786
6535
6765
7067
7479
7712
8013
8317
8069
8038
8162
8159
8150
8106
8880
9110
8738
8034
7110
6327
5948
5731
5622
5567
5839
6561
6772
7085
7495
7739
8104
8312
8103
8060
8211
8225
8136
8021
8769
8997
8646
7916
7159
6424
5984
5744
5605
5566
5630
5882
5916
6401
6983
7304
7600
7706
7603
7494
7308
7185
7009
7080
8208
8505
8168
7580
6889
6289
5910
5593
5419
5315
5298
5344
5181
5526
5940
6209
6431
6606
6647
6602
6486
6360
6290
6374
7428
7835
7665
7194
6646
6097
5683
5406
5247
5169
5205
5325
5245
5608
6076
6487
6886
7154
7184
7082
6906
6774
6721
6658
7755
8316
8067
7451
6727
6053
5659
5469
5297
5288
5438
5756
5978
6583
7158
7561
7829
8081
8003
7918
7985
7979
7896
7767
8569
8763
8451
7857
7080
6431
5828
5588
5443
5430
5545
5779
5935
6500
7084
7426
7702
7959
7825
7680
7687
7602
7512
7393
8322
8619
8307
7687
6963
6129
5688
5421
5261
5201
5181
5241
5050
5325
5732
6061
6261
6478
6507
6349
6227
6081
5961
6004
7176
7562
7303
6888
6398
5838
5344
5136
4990
4898
4859
4881
4871
5210
5582
5838
5892
6080
6136
6055
5876
5704
5630
5740
6667
7011
6786
6523
6120
5622
5204
4944
4847
4807
4872
5083
5265
5670
6180
6626
6943
7142
7101
6930
6891
6790
6695
6624
7538
7810
7495
7048
6526
6012
5616
5300
5141
5024
4990
4993
4843
5172
5598
5899
6135
6361
6393
6331
6242
6175
6119
6193
7296
7789
7637
7231
6655
6042
5599
5407
5290
5249
5509
6140
6329
6794
7422
7845
8217
8432
8200
8162
8319
8320
8247
8071
8934
9263
8992
8347
7436
6596
5990
5760
5606
5552
5804
6532
6693
7025
7515
7964
8208
8385
8167
8223
8331
8316
8286
8120
8921
9179
8915
8295
7434
6589
5986
5700
5575
5571
5822
6554
6755
7066
7564
7865
8217
8442
8218
8271
8458
8480
8336
8207
8918
9253
8926
8387
7416
6635
6044
5801
5669
5628
5923
6631
6779
7103
7610
7883
8184
8429
8189
8206
8376
8345
8231
8144
8947
9289
8942
8314
7411
6523
6061
5801
5699
5620
5880
6526
6698
7052
7545
7893
8211
8476
8238
8180
8347
8372
8288
8078
8918
9216
8868
8173
7432
6686
6170
5859
5670
5653
5752
5969
6087
6574
7104
7512
7801
7958
7895
7727
7529
7399
7279
7248
8315
8784
8481
7909
7171
6521
6036
5762
5548
5461
5426
5413
5332
5534
5880
6205
6439
6655
6743
6676
6518
6424
6350
6400
7670
8293
8166
7650
6954
6243
5852
5589
5486
5478
5788
6435
6614
7017
7583
7937
8276
8448
8256
8305
8423
8400
8341
8164
8993
9250
8908
8202
7295
6583
5995
5793
5718
5654
5894
6587
6722
7083
7571
7899
8274
8525
8301
8322
8480
8441
8326
8131
9110
9359
9012
8275
7383
6555
6066
5863
5715
5690
5898
6552
6731
7102
7584
7908
8251
8492
8284
8305
8441
8434
8342
8246
9133
9283
8947
8228
7315
6558
6060
5761
5656
5639
5884
6546
6710
7081
7575
7901
8241
8514
8323
8340
8500
8522
8467
8418
9247
9373
9048
8328
7478
6641
6135
5889
5762
5739
5986
6652
6833
7194
7786
8049
8395
8654
8420
8447
8612
8547
8421
8265
9033
9117
8848
8262
7420
6713
6283
6029
5854
5795
5892
6029
6170
6730
7303
7664
8064
8249
8118
7909
7762
7666
7489
7491
8518
8773
8553
7979
7258
6568
6129
5769
5578
5455
5426
5423
5293
5627
5990
6359
6595
6784
6850
6782
6640
6542
6464
6577
7740
8155
8034
7517
6831
6161
5779
5587
5435
5412
5662
6369
6567
6995
7564
7892
8202
8498
8254
8292
8381
8354
8320
8284
9121
9307
8975
8224
7352
6481
6062
5850
5704
5683
5952
6631
6811
7161
7676
8039
8260
8490
8342
8317
8442
8445
8374
8280
9213
9395
9107
8402
7475
6587
6116
5901
5760
5715
6001
6667
6824
7172
7696
8040
8329
8567
8325
8323
8413
8349
8291
8344
9136
9233
8857
8129
7257
6502
6084
5806
5663
5666
5916
6581
6785
7154
7627
8078
8417
8640
8426
8355
8488
8516
8531
8507
9140
9309
8924
8229
7197
6403
5924
5757
5635
5595
5821
6470
6668
7104
7664
7903
8138
8468
8193
8091
8213
8215
8159
8174
8910
8974
8600
8046
7149
6428
5935
5681
5553
5518
5623
5817
5952
6495
7211
7629
7913
8087
8008
7635
7444
7294
7211
7329
8349
8578
8264
7633
6827
6168
5729
5524
5341
5217
5177
5092
4981
5418
5795
6084
6314
6533
6618
6565
6368
6239
6145
6288
7481
7923
7723
7152
6474
5833
5546
5322
5206
5220
5481
6163
6404
6895
7524
7917
8235
8487
8209
8217
8381
8403
8329
8209
8971
9192
8812
8135
7060
6308
5816
5589
5484
5466
5724
6403
6629
6984
7670
7944
8189
8437
8220
8160
8366
8360
8220
7933
8856
9035
8682
7915
7037
6316
5844
5629
5542
5523
5752
6398
6641
7022
7505
7780
8074
8311
8120
8158
8318
8290
8190
8102
8960
9300
8925
8230
7206
6423
5936
5714
5605
5574
5834
6506
6692
7020
7695
8066
8384
8568
8369
8386
8461
8424
8295
8132
8950
9156
8794
8021
7188
6495
5967
5745
5603
5562
5815
6429
6647
7027
7595
7890
8207
8361
8152
8151
8256
8208
8137
8000
8845
8992
8554
7828
7097
6467
6013
5738
5619
5572
5680
5828
6003
6549
7113
7409
7699
7859
7701
7511
7330
7201
7029
7186
8223
8455
8149
7536
6839
6091
5686
5448
5252
5164
5165
5167
5072
5407
5837
6169
6434
6608
6633
6551
6413
6349
6214
6403
7476
7870
7713
7121
6441
5934
5557
5357
5255
5217
5533
6255
6417
6828
7391
7709
8057
8290
8098
8042
8178
8127
8047
8000
8894
9017
8673
7939
7022
6178
5758
5557
5443
5424
5724
6404
6575
6931
7428
7782
8119
8339
8149
8166
8310
8380
8218
8113
8907
9053
8666
7968
7070
6364
5874
5626
5424
5291
5301
5359
5214
5538
6026
6442
6765
7002
7037
6929
6784
6657
6538
6648
7780
8171
7952
7351
6601
5843
5516
5353
5212
5242
5504
6206
6423
6917
7517
7766
8089
8287
8010
8025
8171
8202
8157
8124
8841
9024
8670
7914
7073
6370
5803
5516
5328
5296
5542
6276
6534
6987
7660
8007
8300
8530
8333
8290
8386
8408
8333
8195
8853
9048
8712
8199
7484
6576
6196
5906
5716
5597
5689
5807
5993
6576
7339
7815
8091
8258
8155
7954
7769
7567
7383
7464
8437
8677
8246
7804
7069
6436
5820
5405
5225
5141
5129
5091
4936
5242
5744
6105
6424
6662
6752
6698
6543
6398
6364
6486
7647
8042
7835
7335
6634
5898
5470
5296
5181
5158
5429
6232
6507
6958
7649
7984
8257
8449
8221
8190
8359
8410
8378
8268
8882
9127
8801
8199
7314
6391
5756
5535
5417
5379
5702
6484
6698
7070
7663
8014
8288
8398
8146
8097
8198
8197
8218
8294
8948
9070
8790
8175
7345
6328
5712
5525
5423
5393
5698
6459
6662
7103
7761
8121
8395
8600
8332
8357
8565
8586
8485
8489
9145
9358
9088
8458
7532
6527
5912
5725
5596
5589
5853
6488
6693
7073
7660
7975
8283
8464
8172
8230
8377
8427
8340
8338
9111
9248
8915
8276
7327
6424
5925
5732
5594
5525
5752
6378
6743
7171
7776
8082
8323
8513
8281
8236
8408
8411
8353
8342
9014
9197
8905
8306
7521
6620
6050
5758
5586
5551
5660
5811
6005
6592
7208
7554
8010
8251
8152
7874
7599
7453
7263
7354
8409
8748
8470
7888
7199
6421
5963
5705
5468
5252
5283
5174
5089
5447
5979
6298
6544
6678
6638
6458
6271
6145
6054
6154
7272
7757
7595
7232
6697
6166
5633
5400
5231
5141
5165
5138
5036
5509
6168
6718
7055
7254
7349
7253
7083
6986
6912
7011
7995
8429
8199
7918
7260
6424
5897
5627
5440
5411
5678
6413
6758
7227
7876
8207
8524
8763
8561
8525
8605
8635
8561
8470
9061
9307
8982
8393
7552
6665
6022
5739
5632
5625
5871
6548
6753
7186
7920
8240
8467
8671
8442
8435
8535
8575
8471
8433
9046
9228
8884
8367
7447
6461
5904
5683
5588
5575
5832
6609
6851
7317
7864
8197
8416
8674
8427
8454
8672
8667
8595
8509
9150
9324
9053
8529
7709
6705
6164
5742
5576
5538
5771
6367
6722
7236
7848
8078
8343
8626
8439
8462
8637
8582
8508
8358
8997
9169
8889
8450
7754
6987
6380
6060
5869
5845
5951
6125
6257
6784
7533
7970
8284
8461
8376
8176
7925
7842
7725
7765
8620
8940
8621
8186
7371
6687
6215
5879
5584
5480
5480
5397
5244
5538
6018
6439
6767
6934
6998
6825
6644
6539
6448
6704
7754
8179
8098
7688
6928
6217
5672
5401
5248
5251
5515
6358
6599
7095
7710
7963
8334
8609
8399
8360
8456
8438
8382
8332
9066
9222
8907
8288
7416
6479
5951
5666
5467
5443
5737
6495
6827
7192
7692
7987
8245
8461
8204
8178
8333
8332
8336
8377
9097
9224
8820
8165
7270
6403
5778
5524
5391
5412
5688
6360
6661
6967
7587
7880
8158
8322
8134
8088
8154
8158
8149
8149
9010
9213
8846
8042
7029
6226
5684
5517
5413
5404
5705
6358
6601
6953
7360
7707
8042
8298
8043
8005
8164
8207
8155
8141
8869
9108
8809
8057
7112
6367
5869
5749
5627
5619
5826
6450
6708
6990
7565
7887
8215
8449
8144
8146
8312
8327
8243
8131
8898
9156
8862
8213
7276
6710
6323
6110
5871
5785
5910
6021
6273
6884
7339
7691
7974
8116
8005
7783
7641
7531
7331
7327
8346
8719
8342
7842
7089
6653
6170
5928
5692
5569
5526
5425
5293
5563
5980
6356
6518
6577
6679
6607
6583
6516
6388
6649
7580
8015
7861
7381
6682
6213
5808
5486
5320
5267
5518
6326
6688
7065
7386
7712
8049
8274
8079
8112
8249
8231
8139
8105
8869
9121
8777
8098
7206
6530
6301
6168
6050
6032
6243
6916
7121
7336
7574
7880
8151
8381
8189
8186
8290
8261
8214
8097
8878
9147
8828
8113
7145
6425
6227
5861
5709
5605
5802
6285
6538
6900
7298
7651
7915
8129
7897
7961
8132
8149
8081
8078
8952
9165
8822
8093
7058
6469
6085
5870
5777
5779
6056
6781
7067
7292
7633
7834
8137
8303
8092
8096
8212
8240
8185
8134
8965
9227
8804
8058
7335
6626
6184
5966
5824
5807
6040
6673
6966
7363
7792
7778
8051
8260
7964
7879
7998
8011
7940
7860
8669
8888
8553
7899
7246
6703
6059
5907
5743
5658
5736
5896
6038
6370
7035
7281
7517
7716
7649
7465
7264
7177
7054
7130
8100
8308
8001
7432
6861
6421
6124
5686
5306
5197
5191
5137
5176
5465
6007
6355
6429
6552
6625
6556
6347
6258
6187
6270
7370
7849
7694
7149
6627
6206
5630
5357
5195
5089
5092
5059
5022
5397
5901
6345
6741
7004
7080
7017
6827
6660
6653
6759
7738
8250
8005
7399
6617
5930
5563
5393
5264
5254
5544
6203
6412
6849
7396
7864
8224
8406
8249
8255
8384
8378
8305
8144
8920
9284
8981
8328
7371
6475
5970
5753
5621
5608
5789
6317
6453
6803
7302
7689
7990
8292
8003
8031
8190
8150
8072
7815
8674
9167
8831
8180
7185
6353
5883
5638
5532
5503
5789
6356
6549
6927
7440
7818
8182
8437
8198
8142
8263
8279
8225
8028
8797
9232
8884
8219
7273
6442
5995
5769
5608
5602
5838
6394
6633
7101
7634
7963
8250
8448
8246
8283
8406
8416
8243
7995
8748
9099
8751
8150
7362
6612
6191
5970
5798
5751
5813
5915
6113
6696
7247
7622
7948
8144
7900
7628
7506
7422
7277
7358
8262
8665
8353
7737
7027
6308
5927
5643
5473
5374
5330
5215
5144
5517
5904
6205
6436
6629
6664
6597
6440
6333
6183
6296
7273
7798
7628
7148
6578
5999
5628
5369
5256
5185
5205
5220
5156
5539
5995
6435
6752
7058
7087
6947
6776
6647
6587
6629
7763
8320
8101
7476
6729
6144
5726
5534
5384
5369
5533
6164
6504
6942
7463
7763
8098
8305
8114
7949
8015
8063
8057
7911
8671
9020
8651
7884
6980
6148
5775
5577
5436
5410
5629
6217
6514
6978
7414
7678
7996
8115
7961
8003
8182
8189
8115
7967
8730
9175
8778
8005
7110
6273
5844
5633
5514
5482
5755
6256
6583
7007
7482
7763
8107
8351
8156
8124
8264
8277
8207
7994
8777
9188
8821
8074
7205
6394
5852
5570
5455
5496
5707
6166
6432
6887
7394
7668
7979
8155
7937
7902
8055
8039
7918
7885
8589
8819
8469
7822
7051
6320
5863
5511
5347
5290
5383
5589
5796
6463
7079
7388
7648
7798
7691
7495
7321
7201
7079
7118
8061
8513
8259
7691
6964
6377
5746
5422
5255
5170
5154
5053
4945
5400
5819
6156
6366
6537
6548
6427
6293
6207
6149
6232
7125
7794
7705
7261
6708
5993
5672
5491
5336
5313
5491
5824
6167
6771
7425
7817
8117
8292
8094
8060
8153
8148
7977
7905
8597
9087
8792
8109
7208
6483
6047
5834
5701
5684
5865
6222
6507
7084
7634
7990
8346
8568
8390
8344
8451
8455
8350
8171
8808
9225
8943
8228
7400
6616
6039
5748
5626
5584
5719
6153
6483
7040
7585
7853
8101
8322
8193
8062
8191
8174
8042
7916
8584
9054
8746
8012
7141
6408
5846
5598
5453
5433
5653
6091
6506
7043
7668
7938
8230
8449
8251
8187
8227
8227
8075
7910
8629
9083
8709
7966
7188
6442
5946
5716
5588
5548
5766
6087
6400
6976
7588
7982
8264
8538
8359
8316
8412
8358
8175
7979
8559
8971
8701
8099
7347
6631
6134
5847
5680
5658
5750
5861
6016
6545
7147
7481
7779
7961
7838
7583
7433
7374
7098
7110
8039
8580
8308
7758
7082
6440
5952
5573
5364
5259
5230
5152
5082
5465
5863
6172
6401
6596
6653
6560
6422
6319
6230
6313
7264
7843
7689
7264
6729
6140
5600
5326
5192
5081
5179
5582
5973
6677
7317
7633
7968
8216
8061
7994
8094
8032
7922
7790
8517
8950
8627
7913
7100
6398
5803
5521
5374
5363
5499
5960
6282
6933
7530
7809
8079
8339
8166
8098
8228
8189
8075
7970
8593
8976
8647
8028
7170
6372
5890
5607
5437
5422
5642
5954
6327
6903
7539
7950
8244
8463
8272
8227
8425
8418
8217
8050
8693
9180
8849
8202
7416
6572
6060
5773
5622
5570
5745
6052
6406
7051
7693
8029
8296
8578
8441
8409
8509
8410
8284
8093
8744
8884
8607
7963
7193
6359
5765
5516
5360
5346
5467
5894
6223
6836
7358
7731
8035
8235
8097
8076
8153
8106
7965
7789
8403
8798
8467
7909
7122
6415
5919
5705
5559
5458
5468
5629
5722
6249
6824
7138
7487
7582
7502
7297
7108
6982
6903
6907
7730
8155
7894
7379
6770
6142
5638
5335
5140
5047
4992
4926
4933
5255
5614
5922
6100
6286
6335
6247
6118
6009
5968
6120
6986
7581
7396
6954
6372
5834
5417
5177
5020
4930
4941
4980
4883
5225
5616
5975
6335
6611
6672
6502
6289
6167
6129
6203
7262
7809
7467
6895
6228
5691
5316
5054
4973
4978
5162
5490
5842
6433
7047
7433
7804
8122
7986
7941
8095
8093
7973
7686
8319
8917
8530
7931
7099
6336
5823
5594
5436
5397
5565
5868
6215
6804
7418
7819
8163
8474
8328
8315
8451
8372
8227
7968
8640
9135
8792
8194
7321
6465
6029
5779
5658
5642
5827
6117
6405
7004
7565
7933
8330
8563
8331
8200
8376
8333
8209
8033
8758
9187
8800
8218
7389
6621
6102
5804
5652
5642
5784
6056
6345
6911
7484
7884
8273
8524
8318
8245
8356
8324
8233
7927
8660
8902
8553
8000
7259
6530
6089
5835
5684
5648
5722
5811
5959
6498
7088
7570
7907
8072
7972
7691
7503
7445
7281
7202
7936
8486
8103
7591
6939
6357
5936
5644
5465
5342
5314
5229
5130
5445
5878
6171
6397
6554
6668
6600
6493
6373
6297
6300
7216
7838
7755
7241
6655
6137
5713
5473
5397
5392
5595
6102
6341
6874
7482
7956
8297
8468
8269
8240
8334
8345
8215
8068
8749
9322
8910
8285
7321
6316
5966
5758
5583
5560
5737
6289
6441
6874
7438
7865
8189
8397
8171
8179
8285
8310
8195
8082
8798
9182
8774
7917
6981
6276
5777
5565
5444
5398
5618
6179
6389
6868
7425
7721
8050
8231
8002
7982
8121
8094
7973
7802
8572
9037
8627
7949
7130
6326
5782
5403
5300
5314
5500
6099
6368
6820
7360
7643
7991
8268
8061
8041
8117
8126
8042
7876
8501
9046
8659
7971
7094
6294
5844
5675
5480
5471
5693
6171
6304
6869
7459
7787
8092
8282
8060
8129
8273
8265
8112
7901
8698
9066
8666
8011
7291
6552
6062
5781
5581
5488
5622
5692
5817
6368
7082
7524
7821
7998
7901
7700
7486
7352
7200
7157
7911
8440
8139
7533
6915
6366
5882
5546
5368
5288
5231
5159
5064
5391
5919
6267
6521
6717
6743
6688
6546
6453
6361
6386
7270
7968
7797
7404
6820
6024
5654
5446
5333
5306
5509
6122
6353
6900
7512
7876
8194
8455
8294
8262
8343
8284
8216
8058
8703
9256
8920
8216
7300
6821
5855
5628
5478
5468
5685
6360
6654
7038
7604
7920
8332
8589
8367
8377
8458
8556
8347
8162
8849
9279
8945
8271
7364
6528
6004
5716
5526
5488
5708
6461
6679
7063
7543
7794
8244
8476
8276
8338
8446
8466
8365
8144
8916
9387
9066
8373
7467
6574
6169
5870
5735
5688
5913
6518
6661
7068
7594
7982
8335
8579
8392
8387
8515
8525
8376
8124
8842
9381
9041
8246
7296
6495
6025
5792
5652
5626
5854
6410
6639
7054
7602
7924
8255
8471
8228
8120
8220
8283
8178
7947
8570
9069
8678
7955
7163
6354
5885
5652
5518
5447
5467
5485
5455
5818
6299
6616
6908
7125
7116
6976
6792
6670
6530
6538
7497
8089
7836
7235
6790
6292
5745
5466
5314
5171
5141
5145
5064
5413
5829
6241
6471
6671
6730
6646
6498
6352
6241
6310
7256
7930
7696
7232
6654
6092
5664
5439
5360
5357
5614
6131
6374
6906
7470
7870
8191
8437
8215
8276
8438
8438
8348
8196
8744
9267
8958
8240
7283
6390
5985
5779
5628
5611
5832
6393
6652
7046
7550
7933
8268
8498
8294
8229
8438
8449
8376
8184
8812
9336
8956
8249
7319
6539
6051
5799
5666
5663
5913
6511
6686
7085
7621
8002
8320
8574
8297
8324
8584
8629
8480
8178
8794
9364
9106
8350
7428
6640
6170
5949
5799
5786
6007
6578
6771
7189
7700
8073
8398
8620
8387
8432
8587
8580
8497
8332
8913
9389
9013
8330
7426
6578
5994
5723
5570
5504
5709
6377
6706
7080
7559
7932
8257
8508
8348
8294
8408
8400
8282
8072
8709
9230
8837
8145
7323
6614
6085
5819
5661
5602
5595
5839
5999
6503
6946
7409
7733
7916
7815
7593
7401
7293
7153
7146
8105
8633
8304
7643
6965
6352
5959
5688
5519
5386
5358
5362
5237
5543
5972
6287
6542
6746
6782
6670
6492
6399
6286
6389
7463
8141
7989
7454
6733
6063
5621
5313
5248
5165
5506
6144
6396
6831
7408
7810
8120
8339
8159
8174
8295
8262
8220
8012
8700
9195
8821
8139
7112
6424
6005
5716
5547
5534
5784
6386
6644
7015
7542
7885
8171
8373
8121
8179
8319
8340
8255
8079
8698
9233
8836
8083
7203
6474
5951
5764
5626
5544
5806
6469
6675
7024
7542
7898
8191
8422
8175
8169
8353
8313
8242
8037
8659
9133
8816
8209
7295
6513
6036
5816
5664
5640
5875
6448
6663
7034
7447
7792
8175
8328
8118
8124
8224
8229
8173
7994
8534
8898
8620
8019
7182
6374
5921
5702
5579
5535
5752
6374
6651
6985
7513
7893
8197
8382
8141
8144
8277
8278
8199
8012
8589
9030
8700
8099
7357
6612
6001
5736
5555
5493
5597
5721
5854
6515
7102
7459
7776
8016
7911
7673
7474
7358
7245
7171
7941
8402
8142
7663
7012
6400
5979
5703
5543
5424
5382
5298
5176
5500
5929
6245
6496
6689
6743
6649
6532
6416
6283
6352
7240
7854
7772
7405
6660
6099
5619
5423
5320
5296
5545
6153
6356
6915
7537
7914
8276
8509
8288
8338
8477
8492
8410
8187
8805
9277
8997
8367
7487
6558
5986
5750
5618
5571
5794
6464
6630
7137
7691
7963
8282
8528
8344
8363
8503
8479
8388
8219
8878
9207
8877
8248
7465
6617
6080
5749
5581
5500
5525
5678
5558
5961
6426
6796
7190
7479
7462
7302
7078
6958
6877
6913
7851
8354
8078
7578
6878
6139
5763
5505
5331
5278
5527
6319
6606
6995
7512
7810
8114
8358
8114
8068
8309
8338
8245
8095
8727
9028
8663
8064
7196
6461
5880
5592
5463
5446
5646
6397
6643
7027
7503
7815
8153
8351
8156
8189
8287
8307
8255
8071
8640
8983
8629
8122
7316
6543
6052
5689
5519
5439
5490
5648
5769
6406
7019
7338
7597
7819
7719
7510
7324
7197
7069
7116
7916
8254
7985
7478
6806
6128
5728
5399
5200
5096
5068
5033
5020
5363
5737
6010
6252
6440
6503
6415
6307
6211
6183
6347
7237
7681
7536
7063
6469
5776
5304
5099
4981
4967
5216
5878
6191
6659
7175
7495
7830
8091
7908
7863
8000
8033
7994
7839
8429
8787
8404
7827
6950
6167
5669
5463
5408
5388
5598
6261
6475
6883
7362
7668
7993
8178
7911
7920
8086
8120
8074
7958
8644
9025
8600
7990
7121
6297
5830
5536
5468
5419
5636
6357
6591
6982
7451
7777
8078
8313
8093
8144
8334
8282
8200
8064
8768
9224
8876
8290
7479
6591
6073
5767
5674
5671
5856
6513
6757
7173
7654
7929
8191
8414
8212
8212
8326
8347
8241
8066
8803
9170
8804
8242
7381
6609
6093
5879
5748
5658
5877
6473
6679
7099
7628
7909
8194
8392
8131
8128
8283
8274
8145
8001
8751
8993
8659
8109
7358
6663
6048
5721
5577
5524
5613
5789
6025
6560
7161
7510
7770
7925
7792
7538
7348
7218
7135
7015
7854
8237
8041
7544
6795
6170
5675
5419
5249
5150
5132
5138
5045
5356
5755
6008
6254
6486
6449
6383
6272
6142
6106
6261
7146
7575
7447
7107
6504
5975
5518
5252
5117
5060
5067
5138
5047
5544
6001
6383
6739
6994
7031
6881
6744
6631
6500
6567
7650
8194
7928
7422
6709
6026
5655
5496
5375
5348
5581
6245
6506
6935
7399
7753
8068
8308
8115
8107
8221
8212
8116
8014
8723
9084
8690
8071
7189
6357
5869
5655
5574
5536
5771
6432
6639
7037
7487
7831
8163
8354
8108
8090
8204
8202
8155
8059
8798
9063
8684
8108
7194
6370
5877
5660
5544
5526
5750
6338
6551
6951
7466
7827
8168
8375
8162
8152
8284
8337
8260
8107
8815
9180
8811
8222
7378
6538
6012
5823
5636
5618
5842
6440
6599
7004
7519
7843
8162
8373
8123
8134
8268
8259
8094
7901
8632
8836
8517
7961
7214
6541
6075
5791
5615
5543
5596
5753
5904
6478
7086
7395
7666
7773
7734
7530
7299
7086
7003
6971
7896
8220
8008
7494
6744
6156
5721
5549
5391
5276
5289
5307
5128
5468
5895
6232
6475
6657
6688
6592
6440
6327
6226
6410
7496
7863
7698
7232
6597
5931
5580
5395
5258
5245
5477
6112
6295
6801
7347
7631
7915
8107
7852
7834
7996
7957
7918
7960
8689
8873
8526
7881
6973
6216
5824
5565
5380
5363
5607
6178
6372
6898
7244
7529
7757
8004
7774
7705
7772
7798
7768
7627
8395
8700
8347
7778
6928
6139
5688
5462
5371
5358
5590
6239
6385
6829
7355
7690
7998
8200
7970
7950
8081
8081
8012
7774
8519
8796
8448
7904
7059
6330
5879
5633
5490
5437
5607
6047
6327
6856
7375
7765
8059
8247
8038
7961
8015
7915
7668
7611
8418
8621
8200
7611
6911
6141
5773
5574
5443
5407
5588
6068
6289
6839
7277
7507
7824
8012
7828
7749
7874
7891
7757
7640
8361
8498
8115
7641
6931
6287
5824
5592
5452
5391
5481
5630
5770
6319
6935
7339
7639
7833
7726
7456
7253
7123
6975
6964
7885
8134
7851
7352
6637
6097
5658
5388
5178
5056
5024
5000
4898
5246
5651
5983
6236
6389
6451
6361
6201
6085
5996
6104
7201
7617
7473
7027
6448
5837
5453
5208
5093
5069
5304
5986
6238
6645
7222
7561
7929
8151
7959
7959
8064
8121
8081
7991
8629
8864
8546
7895
7003
6290
5773
5572
5483
5464
5666
6344
6533
6876
7296
7519
7774
8003
7778
7827
7990
7965
7930
7791
8617
8870
8650
7949
7049
6263
5811
5709
5545
5553
5787
6441
6610
6942
7410
7705
8013
8211
7943
7911
8109
8122
8072
8022
8780
8924
8521
7902
7038
6201
5948
5832
5667
5665
5887
6486
6616
6976
7492
7811
8127
8339
8038
8046
8143
8152
8134
8067
8827
8914
8518
7934
7051
6293
5836
5699
5737
5717
5801
6551
6876
7061
7526
7845
8134
8358
8136
8046
8052
7903
7861
7803
8618
8642
8279
7739
7012
6516
6112
5846
5682
5612
5734
5907
6040
6480
6952
7494
7686
7782
7682
7615
7533
7285
7085
7285
8118
8331
8034
7697
7059
6374
5786
5517
5355
5242
5252
5203
5105
5448
5861
6185
6408
6578
6648
6548
6426
6286
6209
6312
7386
7751
7641
7197
6557
5970
5584
5391
5290
5275
5506
6161
6428
6796
7315
7693
8034
8253
8055
8128
8234
8227
8172
8141
8993
9068
8593
7974
7058
6330
5859
5613
5488
5443
5665
6270
6515
6982
7499
7810
8164
8432
8280
8320
8391
8375
8217
8082
8933
9058
8648
7930
7053
6205
5761
5584
5405
5435
5656
6249
6443
6815
7265
7560
7878
8158
7948
7903
8072
8121
8105
7987
8914
9030
8688
8028
7130
6272
5774
5562
5399
5357
5623
6275
6520
6904
7359
7693
8052
8393
8162
8137
8278
8304
8289
8226
9027
9086
8577
7994
7101
6200
5755
5543
5474
5454
5691
6350
6556
6959
7512
7830
8109
8296
8169
8128
8324
8337
8223
8211
9057
9164
8733
8123
7345
6593
6069
5775
5571
5528
5588
5777
5953
6532
7059
7439
7729
7907
7803
7568
7405
7261
7178
7288
8268
8340
8078
7512
6864
6333
5939
5639
5474
5392
5349
5276
5205
5555
5971
6320
6552
6767
6800
6637
6525
6417
6331
6479
7484
7764
7648
7245
6652
6029
5655
5469
5354
5321
5572
6219
6436
6868
7435
7750
8115
8385
8212
8238
8316
8310
8247
8256
9161
9287
8919
8279
7395
6532
6068
5815
5658
5639
5902
6556
6744
7148
7560
7832
8160
8454
8259
8266
8358
8344
8291
8278
9097
9084
8656
8063
7214
6469
5928
5662
5541
5529
5795
6399
6615
6945
7397
7661
7971
8172
8059
8083
8297
8339
8259
8248
9140
9162
8721
8049
7151
6342
5802
5542
5403
5349
5600
6271
6520
6846
7301
7594
7987
8180
7930
7907
8084
8050
8008
8065
8950
8977
8505
7898
7084
6296
5847
5651
5525
5490
5715
6315
6595
7026
7551
7887
8225
8519
8326
8338
8590
8551
8427
8318
9249
9290
8823
8177
7400
6638
6118
5884
5717
5663
5762
5847
5991
6558
7152
7560
7886
8082
7973
7736
7524
7418
7278
7302
8390
8513
8172
7649
7018
6575
6056
5737
5579
5464
5395
5371
5291
5640
6041
6388
6645
6853
6878
6647
6488
6401
6231
6446
7591
7893
7783
7367
6775
6174
5827
5615
5516
5467
5715
6324
6567
6993
7569
7866
8309
8537
8422
8341
8506
8509
8428
8356
9260
9314
8871
8317
7509
6667
6145
5913
5792
5767
5971
6564
6736
7130
7672
7992
8345
8533
8327
8370
8500
8525
8430
8414
9291
9330
8914
8350
7488
6655
6143
5890
5733
5687
5946
6571
6746
7129
7623
7968
8316
8584
8508
8509
8688
8682
8573
8582
9473
9473
9065
8423
7497
6516
6077
5858
5704
5681
5959
6538
6747
7095
7488
7771
8052
8407
8194
8125
8270
8303
8248
8311
9134
9139
8662
8062
7222
6334
5872
5648
5502
5517
5765
6394
6618
6984
7512
7839
8217
8476
8356
8341
8528
8410
8267
8305
9010
8983
8613
8027
7240
6485
5945
5692
5521
5379
5512
5670
5878
6383
6925
7225
7527
7764
7740
7519
7286
7186
7099
7271
8262
8247
7924
7392
6736
6154
5637
5305
5168
5088
5028
4980
4968
5286
5662
5977
6222
6434
6560
6512
6351
6270
6191
6428
7603
7726
7575
7114
6510
5927
5420
5224
5047
5011
5267
5856
6147
6554
7082
7445
7782
8000
7905
7924
8049
8042
7910
7896
8844
8892
8402
7875
7013
6194
5653
5435
5317
5277
5547
6201
6379
6709
7184
7489
7831
8129
7891
7850
7986
8057
8066
8124
8994
9013
8537
7868
7018
6138
5678
5478
5379
5363
5612
6254
6436
6781
7326
7599
7906
8333
8096
8098
8272
8296
8219
8354
9257
9228
8766
8126
7316
6352
5925
5723
5583
5576
5814
6447
6605
7000
7470
7807
8194
8551
8398
8376
8446
8424
8309
8326
9257
9190
8691
8059
7236
6398
5876
5591
5489
5504
5723
6307
6520
6858
7304
7524
7851
8123
7907
7843
7983
7996
7939
8133
8950
8857
8265
7679
6938
6291
5800
5529
5373
5340
5454
5624
5851
6438
7052
7455
7718
7892
7786
7551
7326
7215
7087
7164
8311
8388
7997
7495
6833
6239
5840
5555
5386
5250
5272
5219
5136
5510
5930
6230
6551
6692
6720
6576
6413
6303
6267
6410
7587
7800
7606
7247
6664
6047
5669
5491
5373
5358
5500
5840
6148
6751
7407
7766
8105
8364
8219
8135
8157
8105
8043
8139
8903
8978
8459
7890
7077
6289
5840
5618
5475
5424
5629
6015
6276
6885
7453
7773
8109
8338
8154
8090
8207
8191
8073
8240
9080
9002
8682
8099
7277
6389
5851
5661
5533
5511
5665
6006
6329
6939
7543
7867
8269
8631
8409
8313
8342
8367
8264
8330
9131
9042
8675
8175
7356
6525
6036
5775
5613
5600
5801
6108
6464
7046
7667
7886
8298
8659
8437
8257
8420
8398
8305
8439
9202
9104
8678
8158
7394
6483
6004
5793
5626
5562
5748
6078
6400
7008
7598
7972
8268
8503
8351
8308
8348
8239
8035
8167
8905
8755
8415
7902
7210
6464
6024
5770
5651
5583
5690
5767
5895
6488
7039
7512
7835
7981
7896
7681
7456
7305
7234
7465
8362
8369
7998
7510
6834
6131
5756
5505
5382
5280
5250
5207
5042
5419
5785
6077
6295
6417
6444
6351
6215
6145
6111
6521
7508
7579
7398
7003
6525
5963
5549
5241
5070
4992
5023
5053
5005
5342
5893
6308
6615
6827
6934
6822
6623
6542
6486
6820
7868
7977
7669
7130
6431
5755
5418
5223
5124
5144
5420
6091
6311
6674
7310
7678
7996
8207
7987
8002
8150
8110
8067
8227
9043
8933
8420
7852
6991
6193
5686
5467
5326
5312
5561
6217
6424
6787
7283
7510
7806
8112
7871
7742
7818
7910
7882
8158
8818
8678
8263
7599
6732
5911
5473
5295
5196
5173
5454
6132
6380
6695
7162
7357
7661
8039
7878
7886
8027
7872
7897
8065
8963
8881
8498
7903
7035
6190
5759
5523
5384
5364
5621
6257
6488
6922
7435
7743
8078
8361
8208
8196
8379
8371
8136
8207
8978
8853
8501
7961
7181
6388
5951
5689
5551
5471
5582
5709
5905
6451
6972
7319
7619
7942
7843
7690
7492
7416
7337
7578
8558
8477
8150
7639
6962
6253
5795
5498
5283
5218
5177
5073
5037
5422
5844
6148
6397
6579
6691
6580
6442
6332
6255
6719
7811
7949
7788
7345
6668
5981
5601
5406
5279
5243
5488
6148
6373
6781
7320
7614
7927
8266
8039
8014
8149
8159
8099
8246
9039
8939
8572
7913
7019
6129
5667
5460
5368
5329
5590
6218
6477
6811
7293
7517
7780
8051
7860
7814
8001
8035
8021
8205
9076
8967
8554
7949
7068
6198
5719
5524
5398
5412
5717
6349
6573
6940
7401
7712
7990
8286
8064
8067
8261
8342
8292
8539
9199
9061
8646
8024
7174
6312
5852
5628
5490
5467
5725
6279
6502
6895
7419
7691
8005
8274
8144
8121
8218
8209
8151
8404
9224
9075
8722
8104
7288
6379
5900
5678
5532
5488
5754
6355
6560
6957
7485
7782
8106
8397
8228
8227
8396
8362
8251
8386
9190
9077
8695
8160
7377
6502
6003
5775
5615
5556
5645
5769
6008
6521
7105
7481
7804
7971
7881
7604
7426
7248
7151
7470
8425
8363
8019
7538
6848
6317
5914
5595
5515
5371
5361
5329
5139
5621
6112
6420
6568
6716
6763
6669
6502
6397
6362
6769
7879
7980
7748
7300
6698
6042
5668
5376
5271
5270
5525
6154
6389
6815
7396
7777
8103
8451
8268
8354
8532
8522
8435
8536
9374
9331
8947
8237
7332
6489
6006
5778
5642
5630
5876
6523
6746
7119
7609
7865
8153
8570
8371
8378
8494
8520
8458
8691
9419
9321
8941
8189
7352
6473
5961
5728
5595
5553
5808
6432
6635
6990
7495
7779
8101
8487
8325
8284
8387
8461
8412
8515
9307
9198
8818
8166
7280
6423
5981
5722
5606
5580
5815
6404
6646
7058
7479
7681
8047
8334
8169
8159
8266
8223
8032
8117
8703
8501
8232
7788
7108
6276
5797
5598
5471
5458
5652
6197
6409
6802
7290
7641
7944
8146
7899
7871
7957
7992
7915
8245
9038
8888
8484
7886
7143
6318
5886
5648
5542
5461
5497
5644
5905
6439
7007
7303
7625
7786
7667
7462
7266
7136
7040
7359
8295
8160
7854
7306
6669
6022
5694
5419
5235
5149
5140
5094
4993
5367
5732
6015
6266
6414
6473
6359
6226
6129
6066
6445
7344
7427
7200
6812
6291
5825
5451
5195
5013
4957
4998
5035
5022
5334
5832
6262
6576
6808
6837
6707
6538
6434
6502
7027
7995
7997
7716
7150
6443
5740
5416
5205
5146
5137
5396
6099
6333
6700
7236
7632
7914
8252
8109
8053
8204
8231
8217
8507
9146
9012
8636
7970
7093
6207
5712
5514
5425
5404
5669
6267
6496
6836
7330
7651
7943
8159
8043
8014
8062
7995
8100
8380
9072
8933
8506
7814
6908
6119
5824
5626
5528
5539
5804
6404
6494
6773
7290
7581
7867
8188
7983
7895
8008
8027
8003
8334
8998
8870
8454
7798
6929
6138
5831
5666
5570
5515
5793
6362
6560
6951
7448
7724
7964
8256
8141
8079
8151
8148
8049
8280
9053
8883
8485
7891
7178
6515
6072
5860
5675
5595
5727
5921
6078
6652
7201
7460
7780
7968
7844
7651
7480
7336
7242
7556
8390
8310
8014
7456
6851
6286
5902
5572
5471
5318
5317
5347
5232
5488
5893
6171
6404
6573
6645
6566
6369
6295
6238
6506
7524
7557
7376
6980
6452
6020
5742
5515
5342
5244
5255
5310
5203
5499
5990
6433
6784
7165
7217
7121
6964
6843
6720
7149
8223
8296
8022
7556
6867
6136
5891
5753
5638
5612
5882
6483
6681
7091
7576
7899
8237
8482
8212
8193
8321
8353
8292
8483
9208
9068
8693
8042
7177
6449
6128
5959
5854
5831
6052
6673
6898
7174
7620
7885
8210
8544
8321
8306
8381
8260
8240
8580
9335
9218
8862
8205
7314
6443
6129
5992
5819
5793
6030
6624
6810
7070
7546
7804
8163
8376
8110
8136
8315
8352
8313
8489
9189
9033
8673
8148
7281
6598
6192
6013
5910
5876
6100
6651
6912
7268
7754
7962
8208
8497
8285
8234
8382
8400
8335
8351
9151
9023
8679
8118
7364
6609
6346
6174
6024
5976
5988
5958
6129
6662
7259
7646
7913
8056
7981
7740
7562
7497
7382
7709
8650
8544
8266
7744
7092
6499
6068
5794
5597
5477
5452
5364
5293
5652
6057
6359
6618
6831
6863
6816
6648
6520
6473
6938
7954
8047
7925
7434
6997
6398
5975
5799
5667
5616
5849
6407
6714
7199
7683
7914
8157
8407
8248
8172
8252
8241
8230
8539
9210
9035
8643
8042
7156
6501
6232
5982
5805
5740
5970
6545
6810
7221
7704
7973
8273
8478
8229
8191
8354
8411
8234
8282
9123
9013
8637
7972
7272
6618
6112
5846
5776
5769
6006
6545
6754
7058
7488
7706
8047
8264
8007
7871
8034
8132
8130
8281
9069
8949
8649
8066
7308
6585
6156
5949
5754
5739
5973
6482
6723
7160
7580
7829
8206
8442
8221
8139
8323
8374
8322
8551
9226
9023
8678
8286
7474
6662
6071
5825
5677
5690
5892
6399
6696
7210
7738
8017
8236
8438
8391
8369
8305
8330
8314
8501
9189
9054
8739
8153
7420
6767
6309
6060
5797
5756
5861
5960
6082
6699
7275
7738
8099
8273
8111
7864
7617
7476
7330
7725
8724
8660
8244
7757
7087
6551
6272
5902
5600
5485
5426
5400
5201
5581
6038
6283
6461
6703
6733
6596
6418
6456
6410
6885
7905
7983
7747
7124
6512
6114
5746
5472
5313
5308
5516
6107
6514
7011
7537
7879
8133
8391
8199
8128
8325
8330
8201
8436
9016
8882
8631
7993
7198
6426
6177
5965
5793
5763
5932
6481
6659
7136
7625
7855
8203
8441
8236
8155
8272
8253
8235
8354
9088
8949
8658
7988
7181
6534
6195
5980
5757
5730
5927
6363
6650
7107
7470
7810
8122
8330
8153
8126
8226
8174
8107
8341
9077
8992
8618
8042
7268
6626
6284
6060
5881
5798
6042
6659
6938
7360
7704
7964
8222
8448
8184
8077
8091
8210
8220
8435
9115
9117
8795
8355
7531
6731
6121
5797
5624
5604
5805
6319
6775
7370
7794
7933
8220
8450
8264
8212
8336
8301
8233
8396
9131
8990
8599
8094
7273
6604
6291
6024
5830
5694
5776
5978
6016
6617
7213
7438
7583
7761
7672
7454
7318
7191
7175
7520
8485
8465
8001
7497
6855
6274
6038
5783
5618
5451
5408
5411
5158
5405
5723
6062
6272
6431
6460
6412
6238
6159
6102
6520
7645
7858
7702
7203
6592
6025
5668
5407
5265
5210
5416
5928
6158
6741
7376
7452
7981
8265
8055
7960
8054
8129
8127
8357
9016
8883
8636
8139
7316
6503
6105
5788
5600
5513
5689
6206
6613
7126
7673
7933
8201
8381
8166
8042
8134
8113
8081
8283
8895
8804
8482
8019
7141
6467
5981
5636
5438
5422
5682
6155
6481
7015
7481
7755
8055
8270
8062
8013
8127
8117
8062
8218
9061
9009
8693
8166
7435
6622
6170
5961
5737
5697
5854
6344
6639
7192
7794
8075
8368
8582
8396
8373
8589
8515
8435
8593
9338
9249
8923
8208
7426
6752
6265
6028
5789
5744
5931
6369
6679
7262
7826
8221
8516
8693
8451
8357
8461
8421
8310
8418
9246
9141
8818
8242
7520
6851
6477
6075
5841
5786
5856
6050
6147
6755
7409
7785
7968
8051
7940
7726
7542
7424
7328
7603
8642
8539
8172
7679
7058
6522
6165
5828
5581
5465
5487
5492
5295
5558
6019
6230
6453
6646
6680
6598
6480
6373
6324
6710
7886
8081
7900
7493
6811
6017
5704
5478
5316
5291
5465
5956
6254
6793
7582
7909
8230
8533
8388
8328
8425
8432
8355
8444
9327
9353
9008
8357
7576
6600
6109
5768
5635
5625
5774
6280
6550
7173
7741
8037
8323
8566
8376
8301
8399
8403
8287
8347
9330
9383
9090
8431
7729
6884
6330
6000
5799
5770
6005
6452
6718
7324
7831
8092
8344
8584
8414
8361
8496
8483
8390
8451
9357
9452
9205
8587
7869
6923
6470
6145
5959
5800
5988
6536
6754
7226
7883
8226
8471
8677
8498
8423
8610
8609
8454
8520
9451
9431
9049
8474
7638
6883
6459
6222
5961
5883
6054
6539
6785
7269
7810
8080
8342
8514
8311
8286
8375
8354
8237
8402
9269
9118
8822
8285
7627
7012
6503
6131
5910
5816
5947
6177
6118
6595
7152
7523
7804
7910
7789
7570
7397
7282
7143
7328
8431
8570
8337
7906
7271
6618
6182
5882
5625
5471
5417
5410
5240
5579
6067
6410
6673
6854
6879
6761
6622
6549
6483
6783
7898
8072
7933
7557
6939
6359
5915
5688
5480
5431
5627
6018
6293
6917
7567
7935
8252
8429
8244
8208
8314
8283
8162
8239
9301
9269
8947
8456
7720
6959
6385
6153
5965
5929
6073
6402
6596
7181
7684
7968
8253
8441
8298
8256
8289
8209
8204
8222
9140
9107
8722
8217
7550
6849
6347
6132
5925
5799
5969
6389
6693
7287
7904
8180
8387
8607
8414
8295
8407
8403
8346
8466
9111
8976
8667
8177
7575
6931
6430
6163
5959
5906
6125
6470
6606
7181
7811
8109
8415
8571
8341
8304
8410
8400
8357
8413
9190
9170
8931
8465
7689
6911
6429
6134
5888
5814
5940
6358
6592
7140
7734
8043
8278
8214
8053
7972
8032
8043
8195
8298
9093
9045
8738
8308
7581
6975
6446
6166
5992
5890
5936
6097
6082
6583
7214
7554
7654
7770
7674
7479
7327
7216
7131
7312
8368
8543
8256
8021
7419
6886
6331
5918
5614
5450
5416
5434
5189
5515
6030
6486
6739
6846
6889
6825
6829
6785
6738
6973
7937
8121
7996
7798
7262
6463
5979
5739
5487
5425
5554
5897
6133
6790
7397
7715
7974
8153
7971
7911
7962
7923
7817
7884
8707
8715
8416
8115
7438
6673
6070
5685
5473
5408
5424
5642
5742
6378
6973
7257
7430
7507
7335
7079
6833
6661
6520
6712
7901
8020
7664
7226
6806
6460
6107
5842
5490
5195
5060
4969
4494
4590
4909
5305
5664
5887
6006
5991
5888
5792
5748
5895
7009
7334
7131
6666
6110
5639
5429
5162
5000
4945
5040
5338
5572
6275
7022
7440
7748
7963
7945
7899
7970
7950
7820
7792
8734
8843
8537
8035
7290
6636
6165
5851
5631
5550
5642
5964
6099
6600
7261
7656
7976
8218
8131
8002
8109
8045
7892
7788
8759
8835
8561
8119
7406
6685
6233
5991
5755
5615
5669
5803
5677
6146
6885
7397
7718
7906
7797
7609
7474
7357
7206
7208
8254
8514
8267
7942
7336
6710
6226
5932
5667
5524
5475
5457
5145
5408
5941
6432
6814
7010
7036
6930
6875
6752
6666
6665
7781
8105
7995
7713
7147
6541
6038
5697
5498
5382
5470
5689
5711
6264
6991
7419
7728
7904
7848
7852
7828
7714
7553
7508
8444
8562
8339
7987
7363
6740
6126
5809
5592
5402
5434
5568
5454
5919
6538
6938
7175
7270
7151
6979
6801
6677
6591
6739
7826
8010
7661
7270
6882
6519
0
0
0
0
0
0
0
0
0
0
0
0
0
0
0
0
0
0
0
0
0
0
0
0