59.37
70.43
62.26
62.29
65.30
66.15
61.56
69.49
81.92
73.61
58.74
66.61
66.37
77.17
64.95
91.49
110.93
79.67
86.60
78.54
83.95
70.96
71.19
57.90
84.39
84.65
82.80
61.80
53.38
52.49
52.92
50.95
45.66
45.89
42.03
44.43
40.31
40.86
41.29
43.93
45.49
41.72
39.10
38.84
40.47
45.38
52.72
46.49
41.85
47.96
44.71
40.63
39.08
40.42
36.57
48.80
53.33
43.22
40.50
36.45
34.99
34.96
62.93
60.44
47.84
51.09
84.35
94.90
60.82
58.03
47.62
42.49
54.78
51.96
61.92
54.86
61.91
72.79
66.62
55.17
76.81
97.69
81.95
98.57
86.54
97.93
100.37
120.09
108.35
113.04
92.67
155.94
146.08
149.35
144.01
207.02
232.12
184.16
220.82
110.20
95.96
84.30
76.90
81.25
77.73
90.64
75.29
85.60
92.45
132.50
174.62
171.25
138.98
173.41
188.78
173.65
165.72
137.93
219.54
130.08
142.26
116.78
200.84
179.96
152.03
142.25
162.31
278.94
191.18
291.44
156.34
127.04
140.68
132.29
126.92
133.73
169.12
223.30
196.43
195.51
240.14
182.62
159.10
149.73
185.36
217.66
176.11
194.65
241.33
190.75
205.24
219.36
205.06
259.60
192.03
267.20
182.73
173.87
149.40
241.18
162.42
143.08
135.23
133.26
152.79
180.12
184.54
150.55
149.87
184.30
182.75
161.44
230.39
211.45
241.02
237.04
372.90
256.46
227.34
226.26
211.53
194.27
200.20
151.62
127.76
117.44
120.97
122.58
149.71
176.00
177.63
172.12
141.11
142.67
130.06
114.39
142.04
182.23
141.87
116.05
120.44
121.89
145.07
138.92
176.08
115.39
104.66
109.19
137.16
106.81
83.82
74.02
92.88
74.49
95.89
107.17
146.39
115.16
94.77
129.81
122.23
109.88
163.68
137.29
147.26
175.96
160.15
160.43
163.36
189.60
155.95
274.73
192.45
174.84
136.59
143.01
180.66
200.04
165.51
136.85
225.15
190.39
178.19
179.19
133.91
166.18
151.41
133.09
127.98
187.44
136.06
184.72
128.13
149.77
132.62
111.64
136.09
179.81
149.48
116.49
115.11
160.87
142.97
167.54
144.95
127.34
124.88
146.64
140.70
123.95
153.17
99.19
105.31
156.02
109.21
142.06
143.78
147.04
125.46
134.78
178.72
275.15
188.26
183.58
169.64
150.26
193.77
179.62
160.84
145.17
291.49
247.34
248.20
201.02
197.04
176.09
165.18
175.36
223.92
226.53
248.97
260.21
211.15
194.09
217.67
233.35
193.45
196.33
182.95
186.50
171.87
194.70
240.13
185.32
196.64
161.94
160.68
150.48
136.67
139.77
222.09
159.36
123.94
108.54
110.47
128.79
161.28
142.31
135.75
102.28
108.33
121.18
109.96
112.22
112.40
108.86
114.52
107.98
95.07
85.26
95.08
100.92
102.88
96.57
105.43
101.67
106.70
107.20
105.47
129.54
147.28
152.74
151.52
130.53
118.03
124.95
196.09
180.14
143.95
154.33
153.60
154.88
127.56
101.85
90.69