55.18
59.73
61.14
79.21
88.60
94.46
108.66
112.49
94.56
86.50
87.76
83.16
74.25
65.79
74.29
70.51
66.10
68.67
67.29
57.59
58.34
53.94
57.46
58.99
58.85
53.25
82.68
75.38
137.83
81.69
89.45
92.57
111.22
145.99
116.59
90.91
77.67
66.39
72.28
62.71
55.33
55.42
63.23
56.00
53.01
51.49
45.49
51.24
51.36
50.75
50.54
50.17
49.69
45.32
43.41
44.45
50.42
64.71
59.92
47.73
53.96
48.76
52.55
55.23
79.37
147.68
101.66
152.79
114.81
93.08
90.31
87.01
86.94
91.72
87.12
130.06
131.60
115.23
102.44
122.14
152.05
153.85
178.17
164.38
171.77
144.04
167.51
118.40
111.05
106.72
83.28
84.85
109.00
122.93
112.84
186.89
245.30
198.04
158.35
131.60
164.28
184.44
231.46
255.58
171.78
157.50
162.96
217.48
204.91
201.85
161.94
129.68
226.33
173.85
157.02
255.47
254.16
195.38
189.64
258.29
208.98
228.69
232.20
266.22
279.97
280.53
277.25
248.35
296.67
344.23
313.69
270.50
237.42
192.31
185.38
185.94
277.95
224.13
292.30
204.26
171.95
166.44
145.13
169.10
157.64
225.37
170.71
172.37
168.90
137.57
141.18
249.08
230.73
283.92
189.67
209.95
223.42
241.04
248.14
216.50
245.97
210.73
255.10
217.19
192.57
229.50
205.81
171.23
204.26
184.47
202.97
257.56
190.36
174.82
153.13
137.50
128.20
188.57
158.09
166.33
152.42
194.57
169.17
197.63
203.53
155.51
177.24
160.14
134.57
130.35
129.78
125.29
134.09
148.36
192.46
208.24
196.56
144.71
153.85
158.91
129.15
151.60
142.35
151.07
162.96
129.51
115.16
136.39
189.49
130.36
124.25
133.93
98.88
137.92
106.42
95.36
94.67
90.04
97.49
137.09
128.81
91.51
159.01
113.25
83.75
80.88
115.38
129.65
144.75
180.73
123.23
116.21
152.37
104.88
104.95
118.50
125.27
150.80
121.08
119.45
98.47
119.82
99.82
99.87
88.19
87.71
90.21
89.44
81.91
107.80
165.41
116.49
93.93
137.20
100.63
148.07
105.11
112.85
105.70
100.78
149.89
142.63
126.28
130.65
124.30
93.84
96.74
91.22
134.72
84.00
75.77
85.71
91.66
103.33
123.63
86.38
122.22
124.59
90.90
84.74
97.16
115.18
109.81
142.92
118.63
155.98
188.37
262.50
210.99
177.70
153.09
177.31
156.60
179.19
177.33
192.19
148.68
182.83
177.62
154.07
191.93
200.88
186.31
241.87
163.01
119.65
111.70
102.68
100.66
105.46
114.31
160.65
152.48
131.76
187.82
227.24
198.06
244.50
406.48
314.18
209.60
181.98
186.05
190.44
184.29
166.42
152.25
167.70
172.78
164.18
137.33
147.13
142.40
116.23
111.05
108.67
114.12
99.19
128.31
140.43
160.80
121.02
149.04
130.24
125.05
159.60
120.29
109.17
143.99
108.89
88.60
97.38
91.69
112.30
90.33
95.54
93.87
80.42
83.80
102.90
109.45
94.81
74.31
73.92
68.52