88.29
81.41
99.23
85.18
83.82
142.86
124.67
106.60
108.92
99.82
103.77
99.21
81.32
74.39
76.71
79.86
78.35
66.29
69.03
88.88
70.88
85.51
75.05
65.17
71.86
71.08
63.30
72.61
79.45
73.85
71.38
69.56
82.31
95.02
71.76
74.70
80.09
73.55
67.09
65.61
74.73
72.40
67.40
79.03
73.05
61.66
65.81
62.51
78.33
91.09
88.93
124.91
101.19
84.76
89.73
118.49
94.15
212.71
190.48
146.13
115.85
147.39
143.54
121.83
113.35
126.13
132.38
126.07
109.10
105.18
125.34
115.66
113.43
133.69
122.52
105.05
115.30
104.64
86.46
76.59
76.36
87.61
77.86
89.59
116.87
76.53
69.55
62.77
59.03
59.09
56.74
60.76
65.47
69.54
83.91
64.34
107.29
125.35
100.28
75.76
61.45
64.30
63.62
67.51
76.75
78.18
102.21
76.64
134.42
120.92
111.57
114.94
121.54
259.15
135.50
271.03
169.33
154.98
212.60
146.24
129.07
122.96
119.22
107.33
98.19
132.15
119.48
121.75
240.02
203.92
274.69
204.73
199.34
156.60
159.07
144.72
169.07
176.55
125.43
122.22
126.36
124.69
125.95
130.21
98.25
92.56
106.53
110.23
140.49
132.34
169.66
132.47
155.37
143.63
146.11
123.38
167.70
361.60
267.95
164.31
231.22
170.14
123.28
132.31
334.95
277.93
172.65
179.31
197.64
270.48
234.90
180.30
194.78
251.18
328.42
396.86
304.36
208.98
172.73
153.19
161.92
216.58
237.44
177.46
165.31
183.69
143.90
267.75
235.57
223.14
178.39
214.54
212.84
262.61
291.11
249.56
195.85
188.25
228.72
166.99
174.81
144.12
169.71
213.82
179.37
158.20
148.15
141.57
115.94
107.61
110.10
115.14
90.67
197.64
134.25
109.79
98.18
155.33
202.10
172.91
187.14
183.87
165.90
195.29
148.49
170.50
121.06
133.59
160.26
194.61
171.15
119.25
110.26
95.63
121.97
109.85
137.84
183.61
147.90
170.42
139.39
98.49
96.72
78.32
100.38
127.95
135.98
97.32
133.34
187.39
143.38
118.10
106.33
173.48
166.51
237.97
211.56
169.82
138.32
147.66
117.86
111.82
191.24
138.35
138.44
134.79
119.59
128.52
145.73
119.12
95.85
96.34
79.53
79.27
74.86
89.26
89.65
90.73
110.06
199.35
192.19
275.76
195.69
182.80
183.75
228.15
173.25
166.17
159.66
146.58
184.23
164.87
137.42
117.02
156.31
142.27
158.94
131.94
192.60
133.72
128.74
145.91
171.21
188.20
153.01
124.70
104.11
116.47
124.77
159.73
169.21
155.43
149.61
201.54
246.70
242.01
217.42
222.80
151.14
176.14
140.09
133.84
167.34
129.89
137.17
153.34
155.35
178.21
136.56
128.59
118.72
102.50
90.98
118.09
152.57
116.65
87.62
95.29
100.89
107.06
131.90
133.50
154.02
170.84
177.91
160.71
149.36
179.85
157.10
153.97
124.79
121.75
115.65
126.70
118.64
107.93
94.64
87.29
95.17
82.82
76.74
80.28
72.55
76.37
80.40