63.50
55.78
61.74
70.14
64.12
66.52
66.29
56.88
58.53
55.70
55.02
51.70
57.47
48.00
49.20
48.12
45.33
41.22
42.11
42.34
43.19
47.09
48.41
47.47
46.31
45.04
44.93
43.69
47.30
42.96
39.77
43.20
40.87
43.87
36.78
47.10
43.32
40.65
55.00
52.37
50.76
57.17
56.72
48.22
52.68
47.82
43.78
79.70
52.53
45.67
57.04
98.81
65.48
67.76
54.54
68.17
60.11
61.50
48.18
45.49
45.42
46.48
56.27
59.95
54.53
66.91
55.49
61.40
57.30
52.69
59.68
72.25
60.74
65.15
58.70
52.83
95.36
87.30
77.52
92.68
77.80
69.65
67.62
61.61
50.29
47.21
59.22
52.70
51.65
68.00
75.17
79.20
119.57
135.69
204.01
129.66
103.40
83.44
103.91
155.64
142.85
122.52
188.81
165.43
123.48
96.31
109.28
133.50
125.49
89.15
90.63
98.05
136.40
112.78
142.74
145.96
135.43
157.26
192.89
240.38
176.78
185.01
164.90
143.46
170.34
120.02
167.07
175.56
153.83
207.32
235.32
166.53
139.93
169.77
137.98
151.58
137.73
196.56
172.97
186.19
130.19
131.01
124.47
127.79
264.00
188.46
224.84
165.98
226.67
247.22
180.67
232.92
165.41
157.35
169.68
173.22
129.81
117.22
142.07
128.87
134.87
168.55
145.70
132.69
146.46
134.84
146.40
163.52
140.20
129.38
194.67
230.03
222.68
182.73
165.30
234.18
220.87
257.60
167.41
159.12
186.25
202.26
270.48
252.92
310.39
226.90
233.26
420.36
276.53
189.15
147.00
135.73
196.36
185.14
157.18
140.72
230.65
188.02
143.65
245.11
159.97
216.18
204.19
188.17
206.69
173.92
174.47
145.97
278.49
198.10
167.89
145.51
163.28
171.97
159.90
160.49
166.81
137.90
111.10
112.84
150.55
140.46
146.50
147.85
129.80
161.97
125.89
179.47
149.80
214.28
389.96
207.23
145.10
125.06
151.30
137.49
138.82
118.21
153.04
201.37
165.53
117.34
190.74
129.76
299.59
178.46
142.74
156.56
173.88
190.71
244.96
159.47
146.25
184.83
312.60
242.96
161.42
242.90
305.13
169.52
135.03
140.97
174.84
136.29
225.43
143.85
141.62
244.16
263.59
173.78
223.13
172.36
136.16
136.80
159.14
157.53
131.44
144.86
133.80
135.05
147.52
166.01
155.44
220.20
185.30
249.53
156.94
213.01
162.98
182.39
171.60
181.74
134.76
158.48
141.57
160.49
129.49
124.03
177.30
173.91
213.17
208.36
254.21
150.93
154.64
184.59
168.70
149.39
154.96
168.00
174.95
182.33
166.63
161.22
179.16
389.21
200.02
178.96
217.62
232.35
224.24
215.09
211.65
291.40
260.28
179.06
151.93
140.94
168.14
215.06
203.17
227.22
220.07
283.40
175.88
222.25
240.63
272.51
242.93
223.98
201.09
172.54
200.21
165.28
205.26
196.17
143.45
135.46
156.29
126.19
120.02
124.31
125.04
108.96
110.04
172.73
147.54
139.30
140.79
123.98
124.07
138.07
120.66
103.60
131.54