108.04
109.26
174.76
142.50
179.57
161.27
137.06
120.58
111.34
107.79
110.04
97.81
97.11
143.17
136.53
106.55
108.01
167.22
141.09
130.80
141.83
157.06
139.46
136.53
126.65
119.89
112.59
103.31
119.17
128.27
130.43
101.13
94.35
79.19
83.91
92.84
181.09
136.28
170.75
124.94
103.07
100.80
95.06
82.56
89.46
83.98
74.17
73.04
72.23
64.43
65.42
62.98
61.53
58.13
59.50
68.82
71.11
72.10
84.32
81.16
85.52
70.07
110.72
135.74
143.41
89.04
76.33
70.70
99.38
94.10
90.94
126.18
101.25
81.37
77.55
88.45
153.31
108.73
137.44
140.93
132.89
186.26
120.12
160.28
157.84
166.56
162.26
155.30
122.12
204.87
156.17
129.22
168.50
182.40
135.75
129.37
124.70
247.86
205.94
192.91
245.40
331.70
517.56
347.11
288.33
269.05
275.77
244.08
255.63
303.44
252.27
292.26
396.71
251.80
271.87
242.94
228.88
221.43
268.93
208.22
197.26
492.07
364.94
301.18
251.77
241.19
237.15
278.27
269.63
281.48
235.14
240.94
386.47
280.86
233.14
174.77
169.43
156.68
190.51
238.08
195.20
253.74
334.46
296.02
237.25
215.04
277.24
171.33
178.89
158.91
149.24
135.18
202.88
215.86
178.65
135.94
131.02
119.02
181.86
182.32
139.33
189.88
228.09
233.40
230.50
194.66
192.46
233.38
155.99
147.45
121.27
117.41
162.86
108.43
97.25
98.64
120.59
140.72
157.55
164.57
137.69
191.39
224.65
150.48
162.10
171.00
164.78
185.80
157.65
117.81
115.86
142.95
171.13
206.32
158.68
203.34
273.40
172.31
136.93
144.28
162.17
133.45
110.25
137.05
200.74
221.84
163.26
221.99
218.55
259.35
226.65
360.71
256.31
256.83
194.14
155.12
183.11
185.65
163.05
131.16
173.13
183.34
161.41
143.13
135.23
185.94
186.91
194.97
141.06
239.95
175.52
185.04
222.62
139.66
150.48
212.07
153.04
161.03
277.06
170.21
137.31
192.03
158.85
146.30
136.25
109.43
146.17
126.11
151.04
121.50
101.91
113.57
119.58
133.60
134.23
117.32
122.15
103.23
112.08
94.16
106.93
115.41
109.20
109.51
116.90
136.32
97.78
90.09
94.16
79.10
87.60
75.19
85.75
94.73
90.15
115.98
85.61
124.85
128.56
142.73
158.96
115.39
93.98
97.76
81.49
105.11
154.88
137.57
159.23
173.41
147.71
232.03
199.07
232.10
220.57
211.42
146.07
165.52
220.43
138.36
125.11
104.63
118.53
157.79
154.59
181.70
113.42
127.32
112.45
143.74
112.49
107.00
104.17
99.05
128.13
98.27
92.57
98.80
145.86
163.45
240.06
223.73
241.94
155.25
118.39
115.86
130.49
109.35
99.65
91.54
113.46
114.00
92.56
101.48
123.99
127.16
116.23
122.36
108.84
117.48
115.56
98.04
90.53
82.29
84.82
77.62
79.62
89.55
90.55
88.30
87.92
87.07
89.31
90.74
105.89
98.53
104.57
137.50
90.97
86.91
106.22
97.89
81.64
71.31
66.26