91.36
80.43
158.69
168.00
95.23
101.49
91.64
89.50
90.14
94.32
88.62
110.48
113.98
122.19
99.68
111.39
154.88
106.89
146.70
179.01
119.85
123.88
122.80
112.03
107.93
94.20
79.74
74.40
86.86
104.63
79.47
82.28
83.09
74.76
103.91
83.74
75.69
72.40
76.92
111.34
95.42
118.14
190.72
115.84
108.10
109.87
110.25
93.01
96.29
115.41
103.90
85.19
77.43
75.24
70.74
79.93
83.86
84.74
74.54
78.68
89.43
157.83
105.86
86.38
93.99
91.61
69.40
94.61
80.14
71.69
81.13
85.49
76.03
82.64
106.70
103.21
115.42
148.60
149.65
119.38
155.21
147.40
160.97
137.76
137.75
134.52
129.70
129.39
109.40
141.67
181.19
208.71
172.79
162.11
112.37
98.90
91.07
186.11
117.55
143.12
135.39
132.94
122.33
115.30
106.51
99.84
97.11
90.13
94.35
158.67
204.30
120.89
154.24
123.44
94.85
136.68
98.35
127.10
191.81
179.07
118.57
133.90
161.96
209.22
186.23
178.80
175.92
188.91
153.98
130.68
159.97
122.69
186.98
98.45
119.89
113.19
127.93
100.05
97.27
84.71
134.76
96.86
107.95
122.56
127.86
89.38
83.62
102.38
133.56
99.95
101.86
69.44
65.75
94.79
107.58
207.21
188.05
234.70
162.24
164.49
237.32
147.62
205.53
282.43
200.61
143.54
137.48
147.52
107.63
107.39
109.25
140.18
238.65
151.25
133.04
159.58
103.81
120.10
120.78
155.59
198.52
219.72
237.90
213.87
216.12
152.71
147.99
129.33
254.93
233.31
283.61
275.84
164.36
131.32
172.88
162.01
134.92
129.74
126.87
128.43
125.02
131.88
122.35
122.70
164.84
110.03
121.06
130.29
126.25
136.97
129.55
147.89
134.19
112.75
97.85
119.10
151.99
215.31
210.39
197.16
200.50
138.52
153.17
131.35
167.16
275.08
151.53
129.27
175.01
123.20
109.74
113.60
172.30
120.32
117.30
94.98
117.20
108.16
88.53
96.33
107.45
187.15
157.43
99.87
83.82
84.27
127.67
114.04
83.37
77.77
86.97
109.13
155.21
89.16
87.95
93.66
84.60
124.71
152.01
144.53
112.50
124.28
103.57
83.65
108.15
77.17
66.10
67.68
70.63
69.59
72.28
66.99
60.24
58.08
62.45
93.09
109.99
65.28
61.23
75.58
86.65
61.87
68.00
91.49
112.99
81.31
128.23
142.24
97.62
91.72
148.08
135.88
153.45
118.68
110.43
108.95
144.47
172.35
97.40
85.44
96.66
108.24
122.06
109.56
118.64
122.30
125.78
123.79
160.30
163.81
153.66
174.54
160.94
125.07
103.33
104.28
102.30
111.27
94.02
114.12
110.24
123.94
98.09
77.17
76.07
85.17
87.86
84.67
78.32
69.76
69.56
90.51
85.59
77.50
67.85
62.44
59.48
59.38
57.99
56.86
49.12
55.51
65.65
64.00
67.57
71.80
56.26
52.85
52.08
46.07
52.02
75.46
86.93
64.90
59.82
65.34
92.71
62.63
68.51
87.40
74.38
66.67
53.91
49.23
47.75