45.62
43.10
43.40
40.41
41.19
41.73
39.73
37.08
46.89
44.91
42.55
39.81
39.99
35.00
34.30
35.34
36.49
36.93
40.30
40.39
35.78
34.11
35.00
39.01
38.35
44.40
37.23
40.53
37.49
42.68
31.86
32.26
30.18
32.33
29.03
31.08
44.30
36.26
38.08
55.87
36.46
40.26
38.20
31.61
44.19
36.82
42.13
34.23
36.77
32.69
46.93
40.74
40.71
44.95
44.23
47.60
57.60
48.77
48.25
40.02
48.48
66.03
57.27
48.34
50.47
70.58
72.39
80.28
59.56
89.58
53.57
48.37
47.12
46.49
46.05
62.86
61.22
71.75
52.25
56.32
48.97
46.23
36.67
37.35
50.42
47.52
42.03
44.65
121.38
94.23
67.56
59.44
76.93
83.42
74.90
107.02
145.15
109.77
121.15
124.11
161.75
147.60
141.46
197.03
139.99
132.76
105.98
98.71
154.94
116.50
103.90
75.25
82.23
83.34
89.10
139.82
138.15
145.39
145.37
120.75
101.56
105.47
147.31
149.69
155.38
177.55
133.05
149.33
124.58
116.59
174.63
149.46
116.95
139.67
114.45
143.43
109.44
101.64
130.31
190.32
160.98
143.31
173.91
154.86
177.43
161.18
254.14
184.38
175.42
174.15
303.38
209.10
208.93
300.32
210.58
157.82
161.03
134.48
139.52
173.62
146.73
163.24
126.89
164.70
200.11
142.30
191.74
170.64
170.88
172.01
260.81
215.95
167.89
145.70
184.29
179.25
164.85
158.44
195.03
245.19
164.40
145.42
160.07
166.92
194.63
185.11
192.50
240.59
194.21
211.86
231.25
286.67
185.15
179.38
200.88
226.85
285.44
329.15
274.72
230.87
256.48
234.27
172.73
183.36
178.28
160.81
257.20
260.80
213.96
189.54
174.30
213.43
247.46
187.95
193.77
191.86
151.08
140.98
125.27
127.46
172.72
115.96
104.36
105.52
135.83
179.23
149.33
139.92
134.12
155.79
121.22
138.42
101.70
92.82
93.91
141.21
170.34
135.60
148.97
272.26
224.93
153.36
143.21
138.96
200.85
225.87
179.54
171.88
166.68
264.37
191.91
166.93
135.30
150.58
166.05
148.47
138.27
130.92
123.38
130.02
129.50
118.31
163.76
171.08
147.55
157.21
136.21
151.07
179.24
260.84
163.93
165.86
161.25
134.78
150.61
148.98
244.50
247.34
235.22
199.52
268.20
174.93
147.91
140.05
124.08
113.86
125.38
133.37
153.54
133.81
136.26
166.65
149.19
131.95
143.03
175.13
147.73
131.58
124.35
128.55
143.40
179.85
184.31
199.20
209.74
249.17
210.79
164.18
162.09
217.45
230.76
271.04
240.83
307.67
262.11
261.76
288.55
325.66
314.21
313.49
369.56
255.19
235.23
243.14
224.58
210.84
211.06
265.81
219.90
202.51
227.83
249.02
262.53
236.20
225.68
288.96
289.25
297.71
231.48
197.06
207.09
257.64
248.75
235.77
185.58
159.83
182.63
184.03
211.84
187.68
163.82
162.94
159.41
157.77
132.28
124.89
127.86
135.66
126.88
245.34
159.36
131.05
116.61
112.86
95.05