78.84
81.24
77.68
75.56
66.15
91.06
89.73
75.71
116.67
125.08
114.85
92.93
81.83
93.51
114.98
99.22
88.67
86.50
74.77
70.63
85.67
71.88
74.90
71.26
84.43
81.83
82.99
71.54
70.57
66.89
65.89
67.10
62.95
62.78
58.12
54.11
55.40
65.11
80.45
71.13
92.63
67.40
57.68
99.64
85.73
81.26
107.80
96.72
101.96
129.61
145.05
154.68
138.14
114.56
102.26
89.82
75.61
77.14
81.06
75.45
60.48
62.02
73.35
102.74
103.13
106.24
100.84
85.46
88.25
86.51
108.37
105.83
122.96
165.45
150.65
98.40
93.09
85.50
79.76
71.75
75.93
88.36
96.36
111.98
83.26
80.26
74.54
78.20
77.39
86.78
110.31
116.48
102.46
102.84
91.23
110.14
90.75
88.43
89.27
101.10
88.64
83.74
88.42
108.16
118.23
116.92
100.34
77.47
73.13
77.31
88.61
90.48
73.78
120.42
129.85
148.93
177.62
195.20
132.89
129.25
124.25
129.54
176.15
185.87
151.43
167.93
155.36
125.69
127.60
171.38
113.85
97.50
93.20
82.26
88.02
110.24
144.62
105.45
117.67
166.55
219.58
261.70
206.17
222.27
268.15
333.59
303.69
282.34
307.16
321.19
210.74
204.84
222.98
232.94
263.29
177.08
184.94
187.30
290.76
304.16
214.51
244.73
227.16
168.74
155.09
155.47
178.34
199.52
230.98
231.65
170.91
147.92
161.47
192.68
214.21
293.36
371.05
217.17
219.55
282.47
273.99
226.31
213.49
236.85
307.80
355.74
234.40
182.55
178.77
238.01
324.57
297.09
233.51
233.06
201.86
250.08
260.82
276.72
237.93
236.41
291.74
207.04
192.15
187.61
156.35
149.15
194.00
249.35
193.54
297.52
240.57
206.14
227.42
156.92
171.87
150.25
135.73
158.36
170.62
124.33
114.21
107.47
113.73
279.33
152.28
137.57
176.09
198.66
189.48
149.60
200.34
230.36
168.96
150.56
214.15
208.04
260.65
240.55
224.72
185.92
182.88
183.17
279.26
215.96
225.21
201.83
215.77
191.49
188.55
154.14
172.80
135.93
163.43
133.68
121.33
108.76
113.25
126.48
209.36
147.90
124.49
110.20
119.75
122.48
139.42
162.25
200.70
141.21
128.81
122.36
163.11
172.93
179.28
148.21
236.74
133.50
163.69
132.52
142.12
163.30
166.46
138.22
161.41
215.99
182.32
266.09
213.03
229.86
187.53
185.93
209.77
174.28
220.42
173.44
180.52
214.86
140.08
161.17
133.58
118.47
135.63
194.38
170.38
143.96
126.94
207.04
259.85
286.31
369.79
253.75
263.21
168.20
160.57
146.91
121.94
128.80
133.56
151.83
174.42
209.70
214.63
194.06
197.00
229.05
309.36
341.66
230.73
209.84
264.70
231.34
325.16
246.30
298.58
336.78
238.73
222.02
225.74
190.11
172.12
155.18
138.34
149.06
153.09
125.99
110.88
107.14
128.01
118.28
137.26
135.22
117.46
106.60
104.99
108.56
108.32
107.77
119.97
119.31
105.01
97.46
87.53
83.14
85.93
87.56
87.18