104.60
106.86
105.25
144.52
157.49
124.62
136.84
132.77
156.84
129.10
113.01
102.32
101.25
92.69
100.58
121.98
96.96
89.70
85.65
80.44
76.06
69.36
69.88
72.91
67.87
88.65
101.45
94.41
84.80
75.46
94.43
73.94
70.23
71.83
68.93
65.87
83.90
116.94
93.17
94.79
107.96
110.35
105.01
116.87
118.17
98.32
117.28
134.39
119.91
113.91
95.28
84.01
83.50
105.49
112.02
111.41
108.33
100.16
101.39
146.75
180.26
175.05
177.22
170.22
161.38
169.55
149.27
236.70
250.18
159.88
137.35
116.54
110.23
97.67
94.18
100.35
148.32
164.23
234.73
215.60
208.27
282.89
247.58
316.91
291.24
176.21
168.21
150.42
137.82
123.21
113.99
123.28
110.06
115.16
127.66
179.04
157.92
166.43
183.89
294.43
254.99
373.39
383.95
312.22
413.15
425.82
460.32
376.76
455.76
479.94
501.53
538.75
591.25
445.14
407.78
374.31
386.36
406.47
311.74
296.89
350.20
333.06
419.13
326.49
270.70
242.39
288.35
249.43
231.00
221.98
224.15
250.22
318.32
464.27
303.62
293.54
272.93
262.82
244.49
222.01
266.65
335.71
241.52
251.61
297.79
306.44
274.59
324.34
294.95
267.62
260.21
293.23
384.29
337.51
365.98
279.25
261.79
242.18
201.76
179.06
175.46
157.22
154.51
179.97
211.82
175.59
164.55
231.47
218.75
150.63
160.74
152.22
176.26
262.22
230.64
308.50
265.60
386.24
198.67
163.09
187.24
184.86
154.50
190.94
169.77
136.26
191.57
177.92
133.31
135.08
133.53
151.47
169.14
255.70
304.43
217.56
197.84
147.19
250.66
174.27
173.63
136.56
144.63
197.40
162.62
156.96
144.27
163.25
194.47
248.92
244.49
197.99
174.65
174.46
174.04
153.58
130.32
115.65
136.87
116.17
117.27
119.67
153.89
196.88
151.22
151.76
168.97
216.78
194.35
189.22
236.48
159.09
142.65
170.17
204.75
226.44
151.58
122.29
125.35
171.38
128.05
119.57
109.22
99.35
94.87
103.68
107.51
101.34
122.96
163.23
147.94
183.85
141.75
195.49
286.76
174.91
150.27
163.32
154.41
132.64
219.98
152.05
238.19
160.63
133.45
140.28
123.56
202.79
216.59
137.32
137.79
119.06
128.96
106.29
106.43
111.74
158.19
154.68
144.31
233.13
175.24
158.86
211.03
178.92
208.89
246.51
226.12
284.86
271.02
332.49
285.63
238.27
244.07
199.18
221.37
187.47
231.27
260.36
207.38
220.64
254.26
216.73
256.49
195.64
149.57
138.89
144.18
136.83
173.07
214.35
174.27
204.21
205.71
164.38
188.62
250.46
229.12
222.12
259.81
249.15
324.04
409.07
363.16
375.51
340.94
301.93
303.52
315.25
260.33
245.42
265.54
274.76
349.84
310.80
305.20
276.74
266.85
251.61
321.42
313.29
350.57
397.12
270.06
248.04
243.69
312.91
288.23
243.22
299.07
266.96
249.32
221.77
237.32
235.77
168.61
147.29
137.68
152.97
141.26
162.29
166.54
134.50
191.83
132.67
127.60