66.25
64.88
64.37
57.18
55.49
59.27
53.70
49.43
57.62
52.98
60.62
61.70
75.20
55.01
65.63
64.31
74.63
75.80
85.96
78.83
102.87
123.19
132.90
100.10
82.17
62.61
75.51
76.07
71.30
79.36
101.70
144.79
103.97
99.74
78.64
68.30
97.83
87.88
117.10
119.90
140.99
119.50
89.26
199.33
116.83
98.26
83.85
76.66
67.30
69.83
65.34
74.87
59.73
61.65
64.50
55.23
64.44
84.41
77.40
78.76
79.61
68.12
79.26
82.32
87.13
73.25
69.26
56.00
77.64
70.69
71.97
75.41
73.30
69.78
67.93
65.74
98.22
129.08
131.53
146.61
109.55
107.54
78.84
80.45
88.50
63.57
84.74
140.48
105.71
115.63
97.30
91.78
186.35
155.55
129.61
120.88
144.32
160.02
126.88
106.88
176.62
175.22
138.69
180.76
177.88
187.47
182.61
185.14
211.76
196.61
184.35
143.09
117.75
119.40
160.88
143.99
138.14
149.67
111.72
89.41
107.19
81.80
83.18
91.02
76.04
79.39
95.02
118.88
79.77
93.46
76.62
79.56
79.00
81.40
136.27
155.88
172.02
231.15
148.74
130.83
258.39
175.62
151.17
131.04
215.45
165.49
152.98
167.40
309.69
374.41
251.52
215.93
190.68
175.64
231.65
288.21
207.41
164.48
162.21
218.79
212.55
223.41
150.08
217.66
181.75
193.95
181.75
139.15
178.12
230.61
197.82
184.17
392.44
311.76
254.27
373.04
383.94
351.55
306.49
272.84
193.34
170.23
153.73
127.08
132.61
144.51
141.88
130.43
151.24
119.10
169.01
126.06
146.55
112.28
97.54
253.13
268.38
213.08
247.22
220.85
263.66
234.91
345.62
290.97
221.08
163.82
138.26
249.29
217.18
291.45
363.35
274.39
221.55
171.59
152.52
162.04
142.18
128.78
123.20
168.94
206.80
162.08
160.66
120.31
152.25
215.77
239.44
362.05
234.80
288.31
175.61
209.48
206.94
141.98
138.08
158.78
165.31
200.68
158.62
169.62
123.70
106.54
129.04
114.31
145.01
110.34
96.28
108.31
218.49
166.60
155.45
122.90
172.61
183.01
115.68
95.11
87.56
97.04
82.33
98.32
103.43
126.42
202.84
120.69
89.43
82.36
94.91
84.17
66.70
62.44
62.76
70.96
77.57
69.60
80.80
117.41
82.19
83.32
67.01
77.69
96.35
97.91
72.25
140.30
89.44
126.50
127.18
183.81
162.04
111.62
110.28
88.65
77.16
80.40
74.99
73.85
103.22
111.31
111.00
90.29
88.02
94.77
93.96
77.75
117.95
135.31
94.03
118.17
169.09
178.00
201.49
174.67
130.71
187.01
119.48
98.63
83.84
91.69
133.54
104.61
145.42
136.91
123.77
139.45
136.42
131.66
136.56
115.91
128.88
102.83
110.59
100.26
92.19
100.63
101.30
85.25
103.72
150.99
113.01
103.47
79.83
77.46
74.95
81.37
68.62
64.36
59.71
66.67
79.24
72.91
90.54
85.10
92.83
72.88
65.81
59.53
56.95
56.43
58.40
53.91
46.69
49.96
49.90
52.40
60.08