64.94
69.61
63.96
56.19
57.78
58.86
51.30
46.44
44.43
49.54
50.42
49.58
50.43
63.63
58.50
62.94
67.56
62.18
55.94
54.35
56.56
59.66
61.39
59.53
53.83
63.56
52.97
49.97
52.89
49.39
59.30
54.69
52.83
62.40
80.29
80.92
78.36
70.82
79.22
112.98
113.99
115.27
103.95
78.07
94.16
76.51
65.21
86.17
75.89
70.28
73.48
72.14
97.84
58.46
112.10
71.10
74.80
84.81
87.87
124.45
73.54
84.62
81.75
75.28
74.48
70.82
61.00
59.25
72.65
66.60
83.65
101.69
89.37
160.90
108.80
158.31
175.81
146.07
107.39
139.43
145.51
105.95
89.29
94.76
73.67
70.59
72.61
79.22
90.73
80.48
72.01
75.69
63.65
55.37
54.33
58.40
56.84
59.85
55.77
67.71
57.08
69.55
75.78
78.77
120.35
101.86
90.53
112.74
179.75
169.61
159.00
143.89
150.86
119.41
114.59
127.21
153.19
125.88
169.70
138.27
134.19
144.84
159.99
151.43
213.45
170.15
219.03
190.16
188.84
213.17
156.01
139.75
128.82
124.36
194.57
165.96
425.18
198.03
178.97
196.86
233.42
372.71
339.14
466.40
302.18
283.22
207.91
181.22
169.87
185.84
226.56
180.23
169.80
184.70
153.38
129.03
123.43
137.78
148.70
132.86
125.99
135.90
216.14
174.80
144.80
156.82
235.39
156.71
166.64
138.92
140.00
145.91
111.83
126.03
210.90
164.72
105.74
103.91
180.25
123.68
152.43
177.11
119.30
118.21
98.81
116.54
97.59
101.16
157.61
184.37
141.01
194.90
166.36
121.29
109.92
158.61
182.23
208.99
190.71
161.19
141.00
202.31
155.26
150.02
123.97
109.19
144.96
122.65
118.13
168.93
140.38
171.50
162.40
201.99
202.43
154.19
144.69
114.37
120.43
183.38
183.95
175.16
202.64
199.21
244.06
175.52
155.07
198.26
165.94
199.19
169.95
241.84
208.55
232.11
150.99
167.37
183.69
189.45
173.46
141.38
225.84
148.12
149.42
204.75
161.44
177.14
133.75
125.61
224.12
183.99
125.94
153.17
164.50
160.83
166.53
134.30
118.48
166.98
133.65
136.20
148.52
163.62
130.17
107.33
104.77
96.85
112.18
96.09
99.86
117.59
156.65
170.23
159.11
141.79
125.41
153.43
339.99
166.45
117.32
110.55
138.35
110.57
131.00
114.85
119.37
183.65
184.37
175.69
146.68
136.07
111.22
111.74
104.03
137.35
170.82
124.32
116.65
103.30
88.43
110.72
101.04
91.77
108.82
112.18
98.56
101.52
108.44
238.69
246.04
210.69
286.63
190.65
200.24
189.54
144.57
170.90
150.26
168.00
180.97
131.02
121.52
114.27
151.49
163.10
202.48
124.63
126.34
151.47
162.11
183.08
207.22
172.37
154.61
206.64
239.19
306.15
229.62
177.76
148.39
148.62
149.92
154.68
153.71
124.93
127.09
116.84
120.88
106.96
139.52
107.71
133.04
129.10
127.18
105.78
101.47
139.42
205.77
167.53
123.88
106.37
104.29
95.73
95.01
92.75
93.93