2423.621
2193.202
1890.317
1622.020
1435.415
1546.694
1349.515
1347.731
1406.594
1520.908
1639.047
1757.228
1811.933
1768.480
1660.303
1607.822
1656.596
1859.057
2953.726
3338.789
3186.221
2781.660
2366.998
1853.867
1629.107
1432.272
1320.609
1266.690
1295.112
1410.613
1416.721
1608.741
2019.546
2377.932
2636.541
2766.682
2877.702
2795.910
2575.472
2549.935
2532.616
2622.816
3737.903
4029.991
3795.235
3395.505
2849.932
2215.202
1871.362
1646.506
1484.684
1343.396
1263.372
1327.471
1268.757
1414.829
1645.237
1951.510
2159.153
2365.265
2430.138
2369.366
2230.960
2159.026
2105.122
2269.230
3496.101
3888.213
3725.213
3328.975
2761.522
2215.435
1915.610
1679.915
1542.473
1520.557
1523.639
1732.432
1843.113
2291.201
2928.415
3322.006
3702.963
3864.667
3786.990
3708.002
3703.942
3646.334
3562.360
3527.690
4542.571
4748.031
4411.278
3877.635
3130.476
2423.706
2199.110
1956.595
1842.279
1800.001
1904.914
2169.990
2258.664
2639.232
3109.286
3444.956
3814.714
4058.063
3959.852
3937.591
3949.149
3902.336
3809.576
3748.421
4745.148
4953.831
4610.147
4066.528
3303.593
2672.006
2252.216
1991.486
1850.772
1789.611
1863.332
2226.248
2391.185
2875.448
3398.897
3693.563
4009.235
4154.827
3977.970
3905.281
3958.439
3962.568
3882.349
3732.163
4576.298
4814.704
4501.332
3992.052
3206.181
2554.645
2199.831
1942.832
1783.713
1738.281
1843.653
2087.806
2274.632
2718.674
3168.489
3430.113
3755.807
3978.726
3916.077
3935.841
3997.046
3985.481
3847.140
3824.907
4724.745
4842.906
4485.811
4012.270
3217.647
2576.831
2283.194
2094.369
2009.049
1978.027
2126.706
2393.316
2570.201
3106.800
3587.586
3875.676
4269.309
4509.365
4386.106
4285.758
4432.653
4350.620
4140.629
4111.399
4971.405
4993.668
4654.926
4208.265
3581.149
2904.070
2538.028
2268.556
2103.252
2035.445
2052.685
2265.668
2305.937
2721.881
3309.846
3756.324
4063.453
4216.102
4097.877
3840.724
3635.855
3540.567
3444.882
3539.602
4569.408
4810.794
4631.533
4116.781
3504.651
3011.707
2773.411
2506.324
2317.699
2169.548
2086.465
2099.324
1946.515
1899.811
2108.409
2463.170
2725.939
2855.565
3003.444
2866.991
2766.107
2706.001
2658.984
2859.828
3845.193
4179.465
4040.967
3725.631
3199.314
2637.522
2217.122
1915.625
1689.994
1621.664
1629.132
1780.363
1691.332
1886.370
2217.366
2542.230
2848.002
3030.776
3074.236
3090.226
2900.083
2787.985
2692.722
2806.508
3942.608
4334.022
4010.964
3695.584
3059.002
2350.528
2027.086
1794.527
1693.995
1670.034
1765.887
2165.194
2381.927
2845.940
3368.708
3768.860
4153.391
4421.026
4257.787
4141.270
4308.980
4245.550
4044.674
4033.858
4739.677
4964.855
4621.157
4177.774
3424.947
2750.460
2385.988
2127.427
2017.748
1962.016
2221.017
2600.924
2884.939
3366.469
3915.878
4261.003
4487.574
4682.139
4423.421
4453.078
4593.508
4544.908
4423.410
4311.853
5156.680
5407.774
4953.899
4406.138
3679.073
2906.697
2531.463
2319.129
2134.215
2005.347
2121.804
2484.645
2789.824
3081.387
3597.100
3964.123
4366.288
4579.215
4420.607
4315.266
4247.929
4174.800
3982.423
3834.661
4700.533
5025.628
4653.145
4203.827
3536.770
2858.573
2355.009
2101.962
1931.618
1840.359
2048.251
2341.721
2596.802
3147.010
3709.476
4052.962
4390.464
4678.208
4541.371
4478.390
4527.269
4466.816
4317.578
4038.053
4822.641
5111.656
4776.046
4432.349
3835.871
3033.366
2548.837
2246.218
2102.097
1982.140
2021.582
2286.254
2371.258
2809.759
3338.837
3803.590
4093.962
4279.442
4138.184
3945.829
3785.311
3632.949
3437.961
3433.423
4486.409
4822.492
4442.940
3953.468
3381.191
2734.286
2416.069
2262.729
2022.769
1921.160
1924.379
1983.789
1831.545
1931.267
2043.458
2291.629
2499.774
2692.818
2731.779
2659.108
2537.545
2419.255
2342.273
2385.459
3518.583
4031.753
3889.460
3462.958
2953.427
2443.340
2058.402
1854.283
1708.844
1650.491
1807.740
2239.130
2541.415
3087.871
3675.359
3950.549
4266.992
4464.830
4328.666
4372.502
4442.979
4411.939
4283.198
4044.165
4890.555
5195.742
4886.007
4417.791
3561.428
2700.884
2350.898
2154.799
1989.867
1935.564
2094.174
2646.828
2849.458
3291.939
3797.064
4163.442
4514.857
4667.286
4400.387
4361.808
4485.646
4439.708
4239.203
4041.931
4902.852
5247.986
4949.702
4436.541
3679.873
2866.053
2234.574
1997.805
1861.445
1847.155
1985.873
2545.380
2803.237
3228.481
3793.033
4146.210
4473.182
4731.847
4599.442
4581.074
4713.739
4712.339
4468.924
4222.260
5089.693
5377.970
5068.704
4726.694
3884.585
3093.413
2634.716
2370.547
2256.713
2220.122
2365.426
2810.246
3002.161
3316.868
3805.775
4160.877
4569.202
4798.006
4530.940
4459.069
4507.676
4477.629
4286.701
4180.069
4946.295
5324.160
5016.977
4611.456
3800.976
2913.888
2440.518
2199.702
2032.301
1949.901
2075.119
2553.718
2796.128
3187.223
3702.707
4107.574
4494.857
4721.885
4508.294
4442.477
4555.901
4551.270
4465.541
4149.276
4855.137
5199.194
4912.648
4517.756
3815.129
3010.551
2643.966
2376.159
2225.140
2176.697
2243.105
2413.256
2592.871
3048.301
3619.920
3989.060
4299.655
4464.424
4350.164
4087.813
3914.698
3838.320
3715.610
3805.462
4592.314
4901.462
4609.710
4203.640
3489.275
2801.711
2493.207
2193.957
2025.438
1996.502
1869.778
1878.892
1742.404
1961.188
2298.367
2607.361
2855.496
3092.822
3152.610
3051.721
2921.406
2823.087
2709.886
2736.269
3836.610
4291.944
4106.434
3650.131
2980.634
2344.671
2022.759
1882.362
1819.635
1858.874
2074.092
2709.978
2967.249
3259.048
3726.815
4097.646
4509.902
4706.474
4518.590
4494.786
4613.007
4606.344
4509.892
4405.857
5106.148
5336.363
4931.137
4458.811
3539.300
2787.420
2293.105
2043.142
1960.681
1925.020
2149.574
2784.081
3054.473
3378.850
3863.620
4178.909
4596.050
4669.975
4423.137
4439.679
4502.984
4469.825
4376.679
4276.978
4976.935
5287.724
4944.933
4614.703
3719.849
2907.470
2457.883
2273.784
2141.255
2128.579
2369.091
2965.196
3155.176
3477.103
3975.329
4214.688
4478.529
4805.768
4643.412
4658.377
4753.277
4667.808
4513.164
4337.197
5058.323
5384.294
5077.260
4482.964
3646.302
2802.094
2535.146
2373.361
2239.574
2174.347
2381.591
2923.556
3110.752
3340.974
3865.422
4318.629
4638.611
4923.494
4905.582
4919.793
5033.256
5004.389
4867.380
4693.856
5473.419
5782.082
5377.614
4748.534
3825.145
2931.684
2580.118
2373.998
2260.243
2260.757
2480.140
3126.811
3319.600
3584.067
4092.034
4334.721
4669.933
4873.171
4542.542
4565.682
4756.818
4734.065
4496.088
4202.279
4920.012
5202.879
4810.916
4246.909
3604.261
2882.098
2498.484
2314.361
2169.945
2103.477
2170.372
2438.958
2446.073
2837.773
3419.737
3884.201
4331.425
4519.505
4431.149
4170.751
3874.955
3728.062
3590.667
3556.949
4454.969
4915.220
4665.620
4192.173
3629.407
3009.879
2647.949
2416.662
2200.702
2030.008
2015.970
2097.234
1962.325
2171.317
2456.147
2733.310
2968.284
3077.639
3068.368
2967.354
2833.870
2729.646
2683.703
2758.839
3684.189
4304.682
4214.512
3951.216
3307.420
2652.708
2210.674
1990.756
1862.798
1824.510
2092.266
2829.216
3074.363
3276.173
3837.203
4266.502
4609.411
4778.328
4547.543
4544.501
4654.537
4652.847
4517.969
4190.229
4901.320
5323.197
5205.311
4774.817
3827.240
2847.204
2432.567
2240.134
2079.528
2045.510
2323.411
3084.046
3289.640
3485.962
3981.687
4474.350
4779.331
4987.590
4598.602
4606.082
4884.100
4934.514
4729.826
4516.109
5181.898
5603.174
5332.029
4719.144
3892.947
3086.180
2927.613
2801.986
2642.071
2584.890
2862.711
3583.472
3714.237
3746.980
4240.091
4547.362
4824.684
4943.016
4656.762
4662.242
4971.783
4954.134
4755.928
4513.839
5234.634
5702.578
5366.366
4867.595
4020.511
3298.809
2858.277
2576.707
2455.447
2437.622
2697.011
3479.812
3687.985
3925.122
4372.010
4677.848
4929.354
5183.321
4942.508
4956.765
5113.751
5082.739
4982.782
4890.406
5536.817
5821.835
5489.288
5076.281
4282.551
3367.100
2845.769
2599.637
2459.924
2416.103
2682.516
3478.460
3703.810
3973.621
4373.253
4593.049
4915.395
5086.044
4883.719
4955.095
4981.367
4898.940
4570.515
4317.541
4951.079
5317.274
4983.765
4443.086
3806.123
3017.566
2623.316
2429.466
2354.730
2314.851
2441.281
2583.730
2667.972
3004.809
3538.583
3939.974
4191.057
4341.753
4217.522
4107.285
3954.839
3822.169
3709.912
3675.825
4619.513
4960.894
4654.114
4361.879
3730.203
3003.357
2489.105
2159.677
1994.249
1916.526
1903.726
1981.764
1829.313
2057.123
2424.685
2722.765
2936.848
3150.353
3199.251
3148.184
2968.422
2859.164
2830.085
2904.939
3883.922
4492.445
4372.978
4038.679
3396.097
2707.498
2195.821
2108.135
2021.896
2028.893
2286.037
2889.242
3041.580
3239.920
3649.489
3956.134
4218.992
4417.466
4185.788
4158.231
4320.984
4298.368
4257.947
4136.985
4902.647
5397.953
5108.288
4468.680
3600.217
2735.261
2342.919
2126.038
2035.795
2002.893
2222.408
3020.214
3181.450
3357.536
3784.467
4018.911
4311.317
4451.733
4284.249
4240.631
4433.984
4375.321
4294.261
4173.588
4953.459
5302.901
5009.872
4367.116
3590.541
2799.136
2395.683
2193.272
2169.772
2099.172
2386.667
3138.120
3261.005
3458.296
3810.397
4034.787
4374.882
4538.173
4306.470
4312.222
4475.657
4508.999
4386.573
4284.773
4996.000
5338.629
5063.916
4457.370
3632.989
2808.363
2414.301
2226.345
2101.239
2053.654
2349.127
3064.380
3262.757
3472.299
3926.005
4197.023
4472.249
4699.952
4429.554
4397.116
4574.810
4596.799
4419.374
4239.401
4975.123
5362.926
5092.685
4489.468
3665.055
2848.220
2381.300
2173.235
2100.462
2078.357
2312.354
3007.948
3194.871
3473.236
3957.171
4292.069
4563.825
4698.613
4458.736
4504.228
4690.517
4652.140
4490.100
4303.758
5007.828
5329.411
5044.642
4532.505
3821.372
3100.530
2643.651
2388.863
2236.321
2185.975
2279.009
2541.429
2653.971
3132.474
3650.118
4004.528
4305.372
4522.405
4552.725
4346.863
4182.681
4026.188
3859.172
3883.019
4776.098
5153.055
4851.640
4328.687
3697.877
3151.435
2832.400
2603.144
2408.250
2309.730
2271.905
2339.569
2257.661
2500.590
2847.256
3080.707
3251.402
3559.249
3720.695
3696.696
3547.653
3435.597
3341.731
3172.598
4167.907
4836.498
4714.147
4284.294
3637.029
3008.418
2614.454
2333.495
2169.609
2139.974
2367.790
3073.092
3294.567
3476.514
3937.725
4220.387
4508.332
4739.561
4585.196
4504.144
4643.802
4656.523
4581.696
4426.989
5144.450
5570.114
5258.689
4702.823
3847.097
2973.856
2630.082
2384.560
2326.208
2299.273
2510.882
3194.495
3337.463
3474.897
3941.661
4222.965
4524.157
4701.853
4708.261
4833.545
4925.656
4917.983
4778.324
4621.012
5371.845
5756.183
5382.047
4741.644
3878.137
3062.122
2612.018
2364.360
2231.172
2200.086
2436.004
3181.163
3356.952
3487.433
3904.418
4130.755
4572.976
4756.684
4534.442
4547.003
4726.006
4753.014
4633.035
4402.507
5007.624
5412.650
5132.019
4560.423
3727.816
2933.890
2612.546
2400.670
2268.060
2230.508
2492.078
3246.831
3374.258
3562.230
3942.228
4271.257
4548.233
4796.542
4584.212
4557.625
4726.729
4733.421
4637.053
4423.600
5140.757
5540.739
5183.001
4638.437
3877.567
3066.986
2555.530
2347.663
2210.351
2183.980
2415.663
3238.037
3488.008
3742.120
4229.657
4510.847
4796.757
4962.304
4683.053
4637.595
4856.980
4744.254
4602.398
4473.379
5116.357
5472.785
5207.266
4656.176
4010.358
3290.431
2868.508
2592.203
2465.955
2381.195
2483.335
2705.785
2922.301
3240.832
3658.692
3983.050
4278.651
4423.286
4292.047
4069.837
3918.817
3787.414
3631.594
3647.833
4567.711
4923.309
4681.778
4160.988
3501.071
2926.623
2503.690
2259.866
2026.108
1898.689
1843.892
1855.491
1679.421
1906.125
2288.655
2585.599
2839.242
3087.776
3160.828
3092.374
2955.820
2864.355
2814.680
2916.193
3938.561
4499.542
4418.293
3959.351
3224.830
2513.386
2070.767
1894.853
1926.437
1969.419
2169.660
2829.253
3053.423
3275.987
3747.186
4035.477
4435.977
4699.848
4455.704
4465.474
4642.517
4647.143
4515.235
4369.250
5145.946
5532.720
5116.484
4604.870
3853.198
3002.378
2798.167
2613.238
2372.047
2294.979
2482.997
3148.146
3388.871
3569.109
4024.131
4333.863
4735.433
4890.488
4694.553
4618.121
4812.510
4840.608
4791.017
4647.663
5258.851
5580.465
5246.468
4680.384
3757.464
2887.063
2426.337
2222.225
2131.738
2104.136
2365.140
3142.888
3336.659
3550.872
4034.420
4357.047
4684.575
4910.012
4655.935
4615.366
4814.218
4844.921
4692.530
4508.452
5235.127
5632.392
5253.281
4706.361
3763.409
2943.496
2618.523
2369.818
2235.601
2146.449
2382.317
3194.874
3414.500
3609.256
4062.604
4345.036
4623.734
4777.542
4534.144
4525.265
4724.643
4719.605
4681.024
4578.750
5335.578
5597.402
5115.195
4567.234
3718.005
2885.651
2375.840
2173.146
2059.072
2054.499
2293.062
3039.572
3346.570
3561.040
3979.338
4214.898
4523.503
4680.864
4433.946
4446.360
4571.243
4593.033
4491.443
4328.343
5031.462
5393.145
5019.562
4519.573
3704.387
2943.344
2495.725
2280.110
2165.511
2106.755
2169.055
2406.269
2552.465
2976.026
3580.962
3933.669
4241.132
4373.979
4224.722
4007.875
3836.259
3659.348
3487.005
3452.124
4487.476
4996.753
4695.475
4225.991
3534.456
2906.100
2524.976
2204.184
1985.428
1924.087
1872.826
1866.918
1719.343
2078.254
2476.372
2759.034
3009.873
3216.369
3219.027
3167.967
3022.768
2980.221
2885.335
2858.385
3991.686
4643.427
4447.896
3955.956
3227.289
2560.530
2208.239
2054.845
1982.597
1971.439
2204.732
2994.521
3175.395
3410.108
3878.253
4151.825
4472.574
4717.703
4513.697
4507.075
4716.989
4663.361
4530.988
4364.343
5141.853
5530.408
5217.637
4634.548
3731.814
2825.511
2385.180
2189.042
2044.188
2003.884
2214.878
2919.149
3170.787
3499.934
4010.298
4385.515
4729.960
4873.056
4589.468
4626.939
4831.969
4806.381
4698.353
4552.262
5346.878
5727.758
5398.447
4795.449
3815.520
3110.472
2747.083
2416.234
2251.051
2202.788
2462.407
3162.801
3395.648
3599.975
4063.425
4392.180
4663.407
4904.261
4571.843
4551.504
4626.781
4613.707
4546.485
4430.840
5199.531
5541.259
5165.403
4494.313
3647.590
2779.094
2346.387
2135.693
2010.701
1992.445
2217.722
2909.995
3169.818
3432.874
3899.148
4221.534
4572.827
4774.182
4579.792
4545.021
4712.925
4737.869
4663.170
4431.533
5222.098
5692.821
5330.007
4631.935
3729.229
2866.029
2398.070
2172.406
2001.105
1951.079
2289.782
3013.756
3170.156
3404.472
3836.162
4243.045
4604.882
4826.030
4586.028
4554.225
4666.456
4609.259
4484.508
4341.965
5179.462
5541.031
5239.003
4610.312
3862.116
3201.494
2785.606
2514.687
2358.812
2291.463
2375.410
2637.472
2786.842
3209.073
3728.838
4018.868
4264.239
4510.018
4518.177
4330.203
4127.045
3922.699
3733.657
3762.090
4773.422
5227.444
4921.771
4337.406
3656.174
3038.279
2592.480
2275.655
2100.685
1968.126
1901.285
1994.379
1841.405
2042.156
2410.371
2725.652
2952.721
3139.927
3174.897
3109.784
2934.027
2823.022
2745.838
2822.606
3882.327
4481.250
4344.658
3823.150
3084.218
2472.995
2087.900
1921.887
1827.332
1756.623
1963.468
2707.100
2969.332
3198.145
3714.110
4059.683
4395.716
4582.495
4403.883
4389.926
4469.204
4461.049
4336.375
4166.835
4908.144
5266.071
4898.900
4267.464
3442.881
2660.480
2175.189
1982.409
1842.097
1813.979
2055.124
2807.764
2980.922
3219.451
3646.422
3958.796
4292.470
4513.048
4254.414
4263.509
4525.199
4449.762
4322.565
4134.037
4939.387
5333.169
5021.913
4443.207
3576.527
2784.579
2344.121
2132.343
1960.982
1925.329
2134.734
2906.620
3064.256
3272.812
3739.400
4152.899
4425.860
4670.106
4424.033
4424.664
4581.447
4605.178
4504.503
4351.156
5033.405
5363.677
4988.466
4363.625
3451.914
2645.724
2176.178
1928.613
1779.386
1800.940
2056.540
2801.584
2952.437
3170.493
3683.471
4042.774
4367.352
4645.548
4372.244
4273.666
4400.742
4439.196
4361.891
4223.181
4923.929
5306.431
4961.917
4355.761
3526.676
2782.138
2358.245
2081.165
1922.271
1881.378
2121.873
2806.907
3012.926
3269.402
3715.744
4053.007
4327.230
4566.435
4382.277
4323.430
4492.465
4525.827
4345.581
4124.297
4835.261
5251.703
4932.844
4336.692
3621.586
2919.337
2457.752
2192.584
1996.552
1937.907
2012.986
2238.838
2385.593
2823.776
3379.676
3849.832
4085.015
4209.599
4071.923
3832.726
3639.152
3514.657
3389.876
3363.696
4268.149
4722.946
4414.844
3903.908
3207.798
2586.850
2102.922
1795.351
1595.747
1514.177
1526.778
1589.353
1627.901
1864.106
2029.644
2315.422
2486.991
2669.405
2692.533
2631.030
2497.242
2445.433
2400.197
2531.366
3598.416
4190.179
4076.520
3643.528
2972.014
2370.550
2064.512
1969.900
1987.685
1873.968
2120.215
2820.825
3011.989
3360.114
3852.447
4174.588
4442.758
4608.120
4453.928
4484.143
4576.219
4592.445
4461.748
4244.675
5027.786
5450.422
5133.448
4541.889
3738.067
2949.067
2390.225
2236.461
2171.126
2110.958
2293.976
3015.727
3145.461
3349.668
3793.868
4054.996
4375.532
4622.280
4446.310
4404.806
4543.249
4570.569
4458.667
4297.705
5083.267
5467.106
5205.057
4605.185
3734.485
2916.845
2499.831
2239.347
2115.724
2029.818
2275.126
3058.638
3180.492
3445.605
3866.422
4073.798
4341.988
4571.279
4325.083
4267.004
4437.650
4425.749
4370.823
4259.138
4967.442
5366.266
5092.460
4480.309
3648.120
2851.869
2378.324
2195.354
2073.988
2037.444
2232.596
2947.653
3109.622
3368.935
3810.042
4069.391
4318.425
4532.609
4310.417
4243.534
4438.379
4496.148
4370.005
4251.507
4978.621
5327.499
4986.671
4401.666
3584.236
2794.951
2293.121
2105.213
2007.190
1945.314
2157.290
2874.300
3025.011
3288.131
3742.261
4026.374
4350.965
4579.937
4342.589
4390.181
4531.117
4548.754
4383.388
4179.733
4942.216
5337.444
5003.037
4404.876
3638.542
2970.303
2579.000
2323.723
2184.266
2116.985
2188.448
2382.371
2475.727
2967.125
3532.800
3905.827
4192.236
4352.593
4238.687
4012.807
3823.062
3672.002
3526.002
3555.310
4623.211
5019.481
4699.305
4160.213
3606.927
2987.588
2469.370
2217.973
2109.489
2028.970
1966.506
1998.259
1855.947
2049.799
2383.875
2645.566
2850.210
3002.483
3099.409
3024.013
2893.401
2792.567
2668.252
2650.704
3630.655
4229.210
4042.271
3655.044
3098.623
2515.111
2268.992
2128.998
2004.717
1964.453
1965.393
2033.572
1911.686
2260.761
2672.062
2914.392
3212.275
3433.459
3447.663
3310.795
3142.788
2997.830
2892.173
2914.938
4017.371
4610.018
4394.185
3909.015
3228.208
2639.862
2238.375
2033.113
1974.206
1945.717
2158.142
2701.561
2841.874
3180.499
3613.424
3878.478
4276.795
4540.416
4322.465
4326.486
4485.900
4481.510
4403.165
4244.334
5089.658
5509.409
5197.681
4648.552
3799.079
3054.244
2605.779
2380.063
2228.600
2227.292
2409.391
2909.816
3125.177
3473.538
3941.690
4242.930
4522.091
4665.777
4393.708
4328.639
4389.287
4338.125
4178.379
3962.271
4782.572
5187.080
4925.009
4384.216
3595.996
2824.939
2560.713
2302.624
2206.622
2192.836
2298.259
2721.550
2675.801
2899.134
3324.384
3612.448
3869.820
4081.976
4015.593
3947.400
4029.453
3976.135
3893.885
3826.586
4645.374
5010.752
4750.480
4280.009
3590.907
2908.440
2564.518
2413.883
2289.941
2240.420
2331.947
2687.450
2689.688
2864.239
3261.301
3474.349
3586.074
3730.379
3664.548
3666.221
3741.332
3717.890
3608.600
3607.859
4442.795
4835.703
4507.894
4220.141
3715.753
3120.780
2702.648
2449.166
2338.757
2220.058
2243.619
2395.252
2383.858
2836.056
3367.481
3760.813
4008.429
4183.247
4150.504
3925.485
3751.555
3630.945
3501.092
3568.384
4529.188
5002.219
4584.018
4120.713
3540.008
2916.404
2526.070
2252.202
2173.594
1966.543
1895.896
1931.646
1768.951
2073.883
2478.478
2873.052
3101.008
3318.947
3426.679
3370.526
3194.138
3070.382
2965.148
3033.439
4098.766
4682.225
4507.379
4108.907
3506.883
2917.752
2512.329
2356.797
2291.563
2298.536
2483.554
2926.511
3042.023
3479.276
4104.167
4389.699
4728.974
4945.472
4812.515
4801.884
4924.952
4929.829
4778.155
4589.435
5333.588
5639.717
5319.337
4753.064
3970.077
3195.287
2771.012
2563.636
2356.328
2304.050
2452.252
2952.559
3110.604
3531.258
3997.119
4307.779
4617.360
4805.489
4588.770
4546.690
4645.162
4652.726
4569.469
4404.041
5109.879
5411.036
5036.489
4536.771
3724.949
2913.029
2494.889
2298.546
2146.725
2083.002
2268.067
2698.902
2858.754
3240.834
3767.429
4056.912
4442.843
4626.010
4386.383
4170.968
4221.980
4137.997
4091.863
4032.398
4820.710
5082.249
4718.846
4174.201
3416.006
2748.838
2188.788
1935.845
1733.657
1641.149
1657.869
1961.327
1985.143
2227.759
2672.721
2970.307
3235.261
3383.340
3351.631
3339.620
3357.167
3305.737
3206.293
3184.071
4011.431
4303.178
3985.861
3563.149
2909.254
2276.043
1842.158
1619.152
1509.276
1431.683
1609.605
1935.997
1865.935
2063.420
2455.970
2785.442
3041.330
3192.606
3125.023
3108.424
3105.798
3060.011
3016.488
3030.724
3834.521
4059.465
3777.686
3357.441
2808.699
2272.393
1855.044
1608.820
1444.564
1335.170
1425.428
1542.167
1582.261
1993.708
2515.950
2872.105
3106.297
3317.938
3285.498
3116.960
2962.638
2915.856
2764.875
2830.898
3861.791
4140.511
3808.113
3352.125
2805.423
2252.639
1863.814
1684.079
1606.825
1545.705
1524.999
1552.552
1473.573
1681.189
2035.911
2266.657
2501.839
2665.932
2718.826
2636.667
2365.946
2281.502
2344.890
2458.427
3577.988
4037.342
3919.328
3461.317
2891.774
2215.108
1906.709
1856.406
1825.923
1881.493
2043.833
2593.936
2658.484
2952.428
3530.853
3825.337
4190.875
4406.840
4191.167
4193.245
4338.922
4374.201
4359.422
4268.215
4972.255
5263.754
4946.961
4323.918
3513.328
2697.375
2274.086
2142.391
2090.762
2094.211
2238.938
2881.109
3049.751
3293.202
3737.358
4004.588
4258.717
4526.041
4337.612
4332.426
4541.405
4510.391
4387.632
4321.646
5129.322
5350.826
4978.227
4369.822
3483.541
2711.651
2340.684
2252.938
2154.647
2189.093
2372.455
3083.431
3283.883
3567.803
4093.423
4386.365
4686.792
4864.243
4653.279
4613.164
4765.435
4798.566
4701.632
4622.567
5389.542
5634.425
5267.419
4594.544
3785.970
2972.598
2500.808
2276.844
2153.651
2158.223
2334.078
3051.563
3199.242
3603.016
4136.277
4316.023
4619.852
4753.829
4505.406
4581.136
4782.355
4755.727
4680.342
4536.844
5337.997
5557.770
5208.566
4656.433
3840.584
3004.179
2522.299
2290.426
2223.299
2199.527
2406.917
3058.061
3225.659
3572.391
4171.643
4483.126
4861.354
5097.538
4842.405
4799.786
4867.104
4810.815
4791.728
4648.543
5227.814
5302.945
4909.072
4453.969
3725.055
3041.865
2590.962
2369.600
2245.267
2190.501
2303.254
2485.928
2560.747
2976.429
3492.932
3933.666
4191.568
4373.734
4262.481
4069.543
3883.237
3751.038
3642.997
3713.781
4663.096
4985.816
4643.452
4099.304
3429.195
2837.482
2374.147
2233.234
2210.539
2197.096
2207.028
2213.496
2134.546
2361.106
2689.837
2919.572
3114.351
3272.916
3349.457
3248.073
3045.350
2859.867
2673.394
2840.725
3961.928
4373.817
4204.540
3750.826
2995.440
2406.299
2094.954
1905.041
1800.952
1788.537
2027.948
2747.341
2943.360
3267.562
3840.576
4132.917
4468.475
4657.486
4446.865
4533.802
4691.964
4682.166
4684.179
4545.351
5259.078
5479.928
5149.191
4506.548
3596.227
2872.796
2496.301
2355.717
2302.343
2341.859
2506.968
3173.602
3342.960
3635.828
4154.346
4359.084
4710.256
4827.563
4577.207
4568.575
4760.267
4787.844
4699.755
4604.195
5419.758
5633.569
5215.403
4586.038
3747.151
2957.901
2782.443
2642.569
2537.819
2510.452
2725.809
3298.777
3503.296
3877.937
4339.392
4567.379
4842.980
5027.903
4848.020
4811.447
4926.954
4953.960
4847.477
4666.953
5481.500
5789.122
5440.746
4851.837
4044.150
3305.707
2890.353
2754.462
2706.095
2667.274
2915.590
3562.694
3653.061
4048.163
4578.620
4895.341
5203.531
5429.623
5181.435
5144.390
5288.886
5300.314
5163.862
5000.715
5765.026
6036.703
5708.586
5157.178
4304.031
3595.156
3336.089
3147.997
3022.962
2999.716
3190.054
3911.432
4006.762
4337.430
4807.683
5067.064
5397.266
5489.104
5203.826
5203.373
5352.908
5362.505
5247.030
5080.042
5811.116
6048.995
5704.348
5246.869
4500.342
3831.632
3640.129
3475.256
3367.164
3337.796
3450.384
3581.027
3697.217
4075.279
4586.648
4870.100
5140.992
5312.912
5263.853
5095.415
4817.986
4654.135
4509.359
4485.098
5286.902
5577.554
5273.930
4876.487
4381.207
3854.764
3412.213
3221.385
3011.598
2885.806
2909.939
2897.418
2806.973
3024.102
3230.249
3503.366
3699.683
3774.838
3791.891
3713.071
3653.146
3642.466
3587.579
3739.863
4711.601
5211.022
5078.114
4699.326
4070.990
3492.214
3356.762
3413.085
3307.924
3257.151
3514.277
4202.480
4422.790
4770.000
5269.213
5590.547
5840.252
6029.584
5752.739
5711.442
5884.522
5871.774
5740.048
5624.624
6423.347
6693.079
6361.836
5773.080
4903.595
4163.910
3773.763
3558.103
3495.665
3480.621
3720.003
4385.467
4542.755
4866.236
5299.743
5585.647
5883.838
5991.097
5662.814
5698.167
5826.491
5830.445
5773.937
5711.695
6546.731
6907.345
6581.553
6005.210
5163.802
4412.163
3929.088
3743.865
3625.418
3575.114
3715.226
4344.676
4430.154
4783.436
5255.809
5550.127
5853.034
6000.294
5776.357
5758.693
5878.123
5863.463
5833.105
5695.894
6501.547
6784.950
6483.317
5893.334
4990.182
4210.655
3862.649
3772.566
3632.438
3527.476
3745.328
4395.582
4298.613
4766.531
5331.349
5554.623
5857.153
6034.421
5805.270
5837.972
5991.172
5960.109
5873.447
5678.160
6471.036
6800.780
6508.589
5917.451
5094.749
4257.546
3836.667
3533.057
3386.968
3362.802
3634.511
4099.280
4145.621
4508.073
5127.906
5488.929
5746.471
5976.728
5754.824
5792.522
5938.053
5923.882
5768.994
5702.319
6480.705
6626.153
6267.921
5765.309
5101.303
4331.905
4055.617
3795.722
3622.732
3558.892
3604.725
3833.718
3877.044
4244.283
4755.517
5277.287
5564.169
5710.563
5580.911
5375.625
5171.769
5033.295
4854.363
4869.302
5875.877
6159.901
5819.792
5406.165
4753.729
4144.618
3932.538
3662.260
3479.858
3386.296
3301.458
3266.872
3084.168
3319.228
3575.036
3895.764
4135.557
4472.785
4488.730
4362.236
4208.337
4135.857
4069.834
4189.417
5223.447
5610.501
5393.450
4889.567
4225.986
3548.974
3337.737
3209.167
3068.725
3054.209
3284.301
3975.501
4186.599
4576.447
5068.446
5287.925
5465.413
5691.653
5472.527
5440.233
5630.308
5659.955
5589.777
5501.271
6319.320
6573.418
6274.677
5722.066
4959.575
4122.462
3590.757
3205.086
3083.540
3086.563
3276.915
3945.885
3971.814
4167.565
4846.369
5205.900
5462.866
5714.941
5511.282
5549.209
5701.465
5694.583
5578.681
5439.617
6252.228
6450.892
6100.705
5539.033
4592.300
3705.176
3644.621
3579.586
3346.517
3309.730
3416.890
4154.123
4299.053
4505.677
4988.043
5303.059
5548.649
5763.203
5509.485
5388.790
5519.011
5505.865
5354.375
5357.778
6187.719
6339.159
5945.888
5374.096
4525.362
3870.517
3475.590
3346.158
3283.835
3212.839
3363.617
4057.814
4224.012
4419.597
4704.632
5061.106
5378.514
5563.753
5325.313
5256.154
5297.687
5316.597
5257.126
5287.691
6184.296
6416.034
6060.545
5435.721
4584.751
3940.495
3414.303
3159.858
3070.162
3117.743
3257.831
3934.204
4069.410
4320.346
4656.446
5014.631
5402.305
5628.708
5402.537
5372.972
5522.931
5574.800
5455.997
5398.939
6149.249
6325.283
5931.692
5427.830
4689.708
3859.076
3746.833
3543.909
3398.495
3322.312
3355.962
3347.369
3201.573
3469.284
3895.624
4238.289
4403.996
4602.380
4650.698
4550.037
4416.617
4382.869
4247.554
4224.559
5348.483
5697.299
5419.722
4939.959
4389.384
3935.567
3512.335
3184.257
3071.111
2918.839
2887.132
3030.852
3041.418
3505.678
3865.419
4183.365
4460.855
4580.782
4617.185
4523.107
4321.955
4216.890
4173.146
4303.015
5308.123
5596.874
5450.493
4954.844
4262.355
3729.038
3471.690
3297.535
3195.937
3161.304
3360.032
3702.473
3750.860
4043.971
4358.321
4677.207
4894.458
5009.341
4868.071
4843.567
4813.438
4823.613
4803.210
4889.123
5835.630
6088.415
5776.451
5098.431
4372.432
3742.662
3567.147
3541.510
3566.957
3561.105
3617.549
4057.514
4221.039
4541.039
5008.472
5313.833
5789.604
6016.306
5771.963
5742.464
5864.114
5880.788
5822.021
5664.300
6414.692
6654.672
6370.662
5895.231
4962.002
4098.210
3695.144
3599.228
3609.016
3685.196
3896.344
4465.395
4690.256
5075.977
5485.007
5749.468
6013.678
6199.851
6012.487
5991.241
6139.281
6105.391
5998.317
6000.672
6829.005
7075.398
6811.919
6128.377
5249.270
4428.802
3887.236
3606.631
3474.540
3475.811
3737.996
4342.319
4572.341
4905.819
5308.224
5600.147
5932.610
6093.895
5936.255
5924.697
6094.846
6077.316
5979.387
5897.778
6644.319
6905.470
6498.824
5922.065
5070.896
4254.383
3897.208
3654.435
3543.337
3521.612
3790.314
4448.299
4706.342
5153.382
5612.491
5818.035
6039.803
6215.997
5997.006
5957.354
6045.673
5999.200
5836.121
5716.113
6501.005
6785.190
6510.749
5904.911
5105.009
4327.641
3875.143
3697.533
3591.982
3586.714
3700.338
3995.541
4190.669
4662.115
5114.380
5439.680
5777.684
5890.952
5661.608
5559.830
5515.100
5493.596
5349.704
5255.702
6116.121
6451.297
6062.963
5513.631
4789.537
4146.838
3882.712
3589.182
3455.986
3407.463
3425.086
3463.089
3499.216
3874.160
4321.101
4679.699
4915.241
5062.853
4910.947
4677.093
4483.016
4389.757
4282.155
4322.957
5356.727
5760.548
5605.939
5087.375
4486.317
3870.178
3495.351
3283.132
3095.544
3031.470
3127.849
3459.795
3651.352
4008.159
4445.851
4706.307
4923.584
5063.409
4930.608
4926.072
4911.400
4856.196
4778.267
4942.292
5918.727
6248.487
6007.246
5470.210
4752.501
4032.610
3678.595
3552.260
3472.732
3455.441
3580.805
4160.811
4345.396
4762.182
5305.781
5646.593
5937.342
6199.949
5940.800
5879.535
6167.085
6207.584
6105.500
6025.425
6849.788
7083.278
6805.646
6019.939
5017.895
4090.117
3529.964
3371.856
3357.086
3281.947
3473.622
4177.639
4345.810
4728.295
5254.539
5643.418
6109.503
6334.733
6021.055
6045.311
6274.676
6289.878
6080.802
5927.194
6654.316
6843.778
6507.081
5971.930
4963.996
4095.971
3726.270
3591.188
3452.041
3497.929
3636.247
4272.009
4417.759
4688.907
5115.239
5451.757
5774.565
5990.066
5717.276
5807.093
5996.878
5968.122
5774.732
5708.525
6523.172
6828.899
6448.413
5897.001
4971.663
4284.229
3761.611
3490.922
3342.492
3324.139
3516.594
4050.043
4266.948
4728.541
5317.830
5609.928
5914.960
6133.094
5901.222
5908.543
6027.743
5956.733
5824.470
5672.562
6466.562
6670.636
6401.467
5807.962
5040.294
4266.323
3666.011
3410.860
3246.294
3248.790
3411.603
3705.027
3865.772
4483.388
5049.190
5326.820
5574.922
5779.658
5615.817
5466.179
5360.220
5282.280
5128.197
5024.880
5856.594
6151.382
5933.400
5452.185
4881.631
4232.280
3651.089
3341.129
3201.154
3211.516
3207.834
3161.829
3218.103
3640.583
4122.805
4448.755
4729.596
4885.996
4809.922
4661.176
4454.879
4272.286
4139.425
4175.597
5173.791
5564.451
5321.498
4869.995
4362.477
3792.623
3433.012
3142.026
2989.282
3012.403
3022.744
2947.573
2853.542
3229.664
3622.390
3998.058
4282.369
4460.904
4469.732
4350.922
4177.061
4018.108
3969.472
4068.315
5101.220
5558.300
5315.201
4970.156
4411.647
3879.585
3751.297
3579.850
3447.827
3441.365
3551.299
3893.160
3936.597
4279.702
4725.556
5074.117
5390.742
5620.729
5520.704
5417.631
5366.515
5309.361
5191.372
5171.941
6054.056
6392.043
6072.479
5609.738
4913.912
4186.585
3947.864
3783.372
3653.767
3713.924
3876.461
4383.670
4530.860
4845.582
5242.939
5473.534
5707.359
5855.808
5670.414
5585.506
5728.862
5725.075
5664.446
5586.774
6315.007
6636.463
6291.705
5687.095
4975.909
4413.842
4124.019
3871.732
3790.476
3809.224
4003.227
4635.165
4789.043
5022.063
5365.043
5566.807
5840.327
5912.535
5601.955
5622.121
5718.576
5680.609
5604.213
5524.425
6294.504
6578.844
6234.626
5749.335
4894.795
4141.255
3663.376
3404.807
3314.764
3325.866
3478.469
3963.460
4153.255
4492.017
4897.473
5174.297
5422.532
5623.783
5403.625
5377.244
5634.666
5650.652
5498.009
5181.180
5929.624
6255.304
6023.716
5508.292
4676.198
3926.270
3547.156
3327.631
3160.484
3115.661
3275.924
3692.616
3882.963
4401.077
4899.863
5232.492
5502.333
5665.527
5502.586
5419.932
5384.978
5231.771
5038.463
4902.425
5637.308
6015.377
5643.423
5243.894
4630.129
4022.736
3641.405
3363.770
3167.467
3181.626
3221.762
3244.612
3361.550
3685.753
4130.894
4486.529
4761.997
5068.800
5022.858
4915.199
4744.715
4633.232
4523.455
4590.991
5616.702
6033.870
5756.131
5214.167
4497.559
3843.816
3523.921
3261.995
3111.228
3057.548
3237.180
3498.958
3678.858
3899.324
4419.102
4754.153
5020.326
5209.132
5109.709
5015.150
4981.043
5003.733
4911.980
4954.016
5868.649
6283.667
5919.774
5317.925
4574.161
3884.498
3462.949
3382.126
3286.720
3255.458
3520.955
4175.706
4367.664
4712.216
5130.789
5385.671
5743.971
5880.147
5603.772
5668.338
5829.581
5816.207
5670.464
5498.708
6244.932
6524.784
6298.341
5774.425
4729.388
3865.963
3505.896
3328.511
3230.209
3229.025
3588.306
4246.914
4470.676
4809.619
5325.832
5648.322
5995.393
6108.358
5869.069
5816.644
5921.976
5889.173
5795.343
5621.349
6427.764
6719.485
6326.147
5664.247
4704.145
3921.661
3644.685
3386.737
3247.749
3213.382
3442.284
4104.693
4414.307
4744.220
5178.737
5412.873
5711.723
5855.353
5544.119
5471.157
5646.223
5645.045
5467.236
5244.569
5943.869
6168.538
5776.950
5190.829
4629.083
3844.758
3483.063
3254.875
3151.199
3110.395
3348.175
4030.674
4259.078
4516.095
4921.171
5129.348
5274.324
5364.806
5165.675
5101.420
5149.195
5164.203
5018.452
4931.186
5707.897
5952.774
5640.137
4991.559
4254.752
3692.653
3398.473
3184.761
3141.374
3132.572
3275.100
3578.083
3793.442
4235.169
4672.172
5015.877
5228.343
5383.256
5167.586
5089.840
5058.815
4933.354
4877.301
4720.807
5338.604
5641.159
5457.962
4960.550
4296.308
3630.227
3225.353
3039.101
2883.139
2850.841
2988.443
3012.962
3214.414
3655.284
4147.287
4448.609
4625.534
4742.214
4714.206
4482.874
4266.540
4206.311
4115.615
4206.011
5188.684
5573.443
5298.994
4832.115
4173.388
3570.014
3317.683
3134.744
2993.598
3002.976
3157.909
3490.278
3591.284
3934.213
4361.468
4618.169
4739.787
4933.741
4932.995
4864.896
4848.701
4854.697
4873.940
5012.711
5855.832
6172.965
5877.750
5436.497
4675.302
4057.532
3678.052
3545.053
3471.276
3441.723
3591.071
4195.987
4426.867
4784.875
5115.949
5359.527
5750.843
6016.274
5740.251
5709.045
5905.806
5982.387
5821.968
5542.273
6242.668
6659.818
6237.637
5577.024
4794.983
4112.469
3815.883
3798.888
3720.258
3576.008
3733.058
4231.278
4387.853
4757.437
5246.704
5544.511
5925.130
6124.906
5874.840
5877.126
5999.007
5947.963
5713.408
5614.082
6338.312
6759.775
6402.241
5767.911
4941.996
4222.538
3796.357
3640.498
3539.180
3521.784
3637.399
4181.471
4442.040
4778.212
5255.873
5558.971
5825.930
5989.834
5763.331
5776.673
5911.345
5931.108
5809.872
5676.857
6553.805
6938.815
6646.286
5987.053
5062.893
4245.546
3787.784
3508.728
3408.904
3367.376
3564.437
4152.962
4346.234
4607.584
5079.876
5400.384
5677.686
5858.482
5592.612
5542.251
5664.093
5633.061
5519.873
5446.749
6249.982
6585.056
6242.804
5619.876
4697.299
3975.311
3556.425
3330.345
3235.005
3261.194
3436.456
3981.120
4163.775
4506.506
4925.585
5154.993
5412.759
5677.542
5430.268
5346.133
5457.934
5462.564
5390.483
5337.020
6064.530
6333.268
5950.551
5293.478
4484.849
3938.249
3491.344
3447.599
3350.193
3332.824
3370.223
3444.202
3619.084
4120.035
4604.042
4966.145
5244.439
5395.525
5270.070
5013.617
4850.008
4736.627
4606.287
4644.548
5579.706
5982.479
5639.192
5115.011
4413.560
3847.672
3507.448
3262.465
3086.681
2993.791
2957.571
2926.319
2852.755
3154.910
3554.734
3757.827
3933.041
4107.162
4132.321
4018.725
3865.312
3780.681
3756.274
3866.698
4815.431
5290.129
5100.446
4600.439
3958.792
3450.182
3283.784
3197.537
3178.288
3135.362
3226.854
3516.731
3677.484
3922.224
4418.262
4768.951
5081.941
5329.710
5232.839
5115.636
5052.946
5055.905
4922.091
4846.309
5941.136
6355.792
6018.972
5420.668
4647.068
3943.427
3464.147
3311.991
3228.650
3211.745
3460.712
4005.717
4249.015
4605.990
5107.859
5393.328
5657.190
5880.353
5606.783
5557.288
5630.831
5669.174
5587.686
5659.300
6400.928
6592.712
6223.075
5630.758
4745.152
4041.572
3832.517
3680.215
3599.459
3593.471
3847.877
4522.396
4779.507
5106.456
5553.465
5767.835
5951.591
6053.233
5799.591
5778.458
5895.118
5893.250
5864.039
5883.151
6531.823
6900.507
6569.064
6011.178
5273.039
4557.707
4201.051
4000.788
3903.989
3869.791
4123.533
4812.909
5052.415
5356.957
5658.111
5864.828
6123.719
6322.658
6113.944
6035.174
6074.088
6137.831
6054.156
5956.613
6472.028
6777.835
6592.428
6059.750
5248.521
4583.693
4149.037
3906.198
3788.048
3730.868
3997.510
4513.494
4820.126
5166.334
5528.246
5706.364
5922.838
6151.600
5929.949
5904.197
6045.946
6005.225
5906.853
5783.110
6487.636
6863.717
6518.079
5922.490
5207.602
4646.050
4280.136
4167.892
4070.069
3969.460
4030.097
4141.725
4341.177
4858.503
5341.611
5715.249
5880.027
5991.743
5891.522
5672.520
5423.625
5296.928
5264.995
5279.846
6163.581
6545.410
6297.235
5738.914
5075.650
4496.434
4179.621
3979.981
3772.655
3680.150
3637.567
3526.527
3500.294
3836.801
4244.920
4642.378
4820.176
4988.600
5040.966
4964.412
4771.257
4636.102
4607.579
4576.974
5250.440
5670.496
5601.575
5230.068
4784.344
4343.818
3964.291
3758.915
3614.319
3573.433
3615.714
3647.370
3578.362
3957.017
4349.734
4658.213
4947.719
5171.325
5214.333
5097.223
4915.815
4792.664
4743.491
4846.013
5740.878
6455.305
6247.284
5687.766
5071.075
4499.297
4164.477
4010.717
3952.626
3960.410
4198.340
4634.312
4908.215
5178.110
5604.325
5878.518
6218.314
6387.131
6138.714
6112.859
6193.480
6175.348
6062.981
6010.630
6714.106
7074.495
6745.360
6258.867
5555.839
4920.482
4533.783
4334.875
4143.379
4053.147
4231.407
4708.078
4894.220
5271.347
5706.206
5957.077
6203.645
6309.041
6142.069
6107.663
6203.839
6187.597
6095.294
5976.745
6548.036
6824.247
6627.366
6259.409
5655.356
5034.297
4733.456
4534.405
4418.896
4357.099
4442.010
4938.550
5226.307
5538.619
5951.397
6093.033
6367.708
6533.594
6319.184
6296.568
6397.009
6298.849
6092.775
5928.662
6559.174
6972.295
6755.595
6276.047
5639.181
5011.804
4557.233
4333.333
4188.727
4149.007
4282.399
4684.812
4998.611
5334.570
5744.128
5905.554
6180.158
6331.386
6223.515
6152.427
6156.530
6070.679
6007.556
5886.515
6478.623
6698.498
6422.772
5990.438
5321.786
4644.992
4300.002
4105.906
3895.298
3864.040
3949.982
4078.226
4280.786
4790.430
5352.940
5665.514
5821.192
5981.089
5886.847
5599.017
5367.073
5266.134
5214.571
5247.606
5958.621
6336.031
6061.777
5633.524
4969.290
4392.182
4035.379
3853.430
3851.735
3807.629
3809.703
3819.535
3908.690
4173.585
4442.075
4683.151
4726.265
4834.154
4861.384
4787.065
4722.754
4693.595
4637.892
4737.936
5484.935
5878.828
5824.760
5507.076
5007.968
4555.522
4270.572
4059.035
3927.654
3857.563
3920.344
4055.063
4195.801
4656.331
5128.135
5419.889
5612.139
5749.943
5713.521
5725.230
5651.916
5615.221
5601.943
5525.688
6281.965
6824.217
6515.649
5990.284
5327.646
4871.577
4465.408
4246.076
4161.004
4095.671
4282.768
4474.934
4918.832
5493.726
6009.726
6266.865
6498.330
6632.674
6475.653
6413.649
6425.441
6440.871
6497.455
6279.334
6765.859
7155.620
6770.463
6208.065
5559.661
4865.942
4534.992
4323.309
4238.794
4206.904
4341.136
4639.195
4964.472
5362.091
5782.819
6136.265
6445.508
6476.832
6245.324
6311.141
6399.970
6362.019
6260.229
6027.656
6496.354
6819.203
6592.157
6265.497
5525.008
4732.230
4427.432
4278.022
4180.570
4157.170
4318.665
4521.448
4661.027
5196.031
5713.429
5971.830
6245.518
6363.994
6172.250
6084.111
6174.134
6163.191
6058.924
5905.418
6446.468
6891.156
6563.844
6226.303
5543.154
4969.140
4532.786
4392.548
4338.859
4278.134
4389.373
4669.215
4830.025
5249.533
5626.055
5891.992
6113.224
6459.690
6272.346
6167.396
6229.876
6224.112
6112.382
5871.048
6402.222
6703.340
6389.128
5981.835
5563.564
5069.876
4893.920
4760.445
4706.348
4688.453
4751.870
4792.952
4567.600
4950.123
5356.828
5506.643
5712.444
5880.345
5762.599
5562.845
5408.962
5278.712
5081.552
4999.877
5687.517
6134.603
5931.623
5514.498
5040.061
4497.489
4413.749
4203.052
4069.763
4012.509
4045.350
4027.625
3913.836
4201.327
4505.750
4669.662
4802.170
4859.159
4891.153
4799.031
4632.430
4603.283
4589.318
4535.455
5223.490
5833.522
5633.638
5194.533
4781.890
4452.975
3925.086
3754.249
3667.208
3653.527
3759.411
3796.727
3732.294
3895.411
4405.773
4806.533
5049.766
5226.660
5406.387
5337.109
5189.513
5107.750
5060.179
5065.146
5747.606
6222.256
6041.769
5610.289
5119.330
4566.534
4118.035
3941.107
3880.682
3857.553
3938.116
4191.009
4495.669
5073.457
5480.772
5574.276
5783.368
5919.401
5800.758
5732.064
5777.340
5765.418
5657.929
5530.802
6106.818
6589.975
6405.063
5987.441
5292.191
4533.665
4422.505
4267.197
4194.301
4122.582
4271.642
4619.164
4878.674
5242.048
5616.445
5794.899
6003.203
6319.713
6142.622
6001.267
5990.632
5974.788
5852.753
5709.253
6295.246
6726.413
6380.743
5931.783
5332.260
4728.811
4461.660
4297.443
4139.918
4118.120
4264.157
4498.639
4784.555
5121.484
5492.202
5734.103
6027.429
6222.825
6053.373
5986.464
6075.474
6063.009
5952.391
5821.978
6422.765
6833.415
6511.126
5932.231
5362.675
4722.020
4181.090
3946.748
3784.974
3776.574
3960.667
4327.962
4677.806
5165.855
5676.663
5839.815
6155.121
6398.630
6185.144
6100.332
6182.980
6166.627
5999.995
5799.520
6393.490
6828.517
6482.944
5924.604
5364.768
4791.963
4491.963
4289.321
4158.317
4118.581
4239.379
4342.967
4420.022
4797.140
5269.879
5539.305
5650.915
5826.694
5642.833
5452.609
5283.818
5197.957
5108.411
5128.290
5889.358
6350.740
6053.411
5546.390
5009.101
4501.369
4130.699
3991.596
3944.677
3849.998
3809.636
3801.761
3691.320
3944.805
4187.486
4344.999
4557.759
4716.011
4770.649
4729.492
4561.993
4498.130
4357.733
4295.678
5250.842
6026.464
5893.217
5536.784
4860.629
4260.150
3860.377
3597.733
3498.694
3488.454
3649.130
4078.011
4357.675
4831.719
5368.278
5686.213
6036.788
6229.013
5980.386
5937.685
6015.740
5897.091
5795.908
5657.038
6295.541
6780.534
6433.638
5816.596
5046.654
4325.801
4059.489
3865.096
3745.598
3746.839
3957.821
4373.603
4601.209
4969.554
5465.985
5790.766
6049.944
6243.230
6025.874
5970.286
6071.455
6034.945
5846.063
5709.064
6454.013
6982.942
6631.066
5955.191
5038.313
4321.638
3858.800
3598.905
3427.816
3450.336
3641.520
4256.778
4574.508
4984.210
5460.161
5756.516
6079.940
6245.598
5983.141
5894.926
6001.008
6018.364
5879.161
5729.726
6321.868
6805.865
6467.018
5768.858
4926.125
4221.544
3940.147
3660.103
3499.206
3480.628
3691.974
4316.716
4581.961
5030.383
5468.732
5790.489
6026.401
6190.976
5912.897
5911.529
5965.654
5968.504
5877.285
5727.182
6435.246
6876.858
6604.341
5867.440
5235.560
4670.391
4164.757
3991.732
3928.375
3949.210
4069.152
4406.815
4644.454
4935.682
5456.716
5781.087
5976.810
6174.731
6013.165
5989.583
6141.901
6165.279
5993.721
5777.393
6389.093
6910.784
6517.194
5839.983
5142.464
4754.067
4299.883
4070.066
3907.421
3832.186
3948.297
4032.901
4153.447
4659.243
5162.712
5466.911
5760.047
5988.304
5878.726
5546.705
5296.547
5132.202
5022.043
5003.599
5780.907
6365.853
6115.607
5632.167
4963.760
4434.719
4102.745
3884.087
3657.505
3573.287
3579.121
3591.745
3513.873
3896.727
4207.126
4535.841
4713.503
4844.979
4895.634
4811.936
4668.084
4564.596
4497.131
4562.156
5392.801
6079.636
5930.971
5387.763
4822.042
4355.710
3944.866
3745.855
3606.120
3596.047
3863.494
4524.912
4806.513
5214.409
5673.115
5929.202
6275.353
6461.006
6203.645
6124.313
6121.954
6143.118
6008.480
5790.898
6488.571
7043.593
6776.318
6170.094
5350.860
4586.063
4093.634
3832.343
3843.854
3770.729
3849.900
4438.511
4726.370
5174.062
5742.356
6126.444
6461.020
6552.399
6261.136
6195.584
6360.856
6402.057
6278.023
6161.323
6698.042
7146.091
6757.020
6102.133
5264.175
4553.475
4125.801
3921.160
3748.380
3691.803
3794.268
4371.307
4570.874
4931.097
5351.615
5581.745
5862.693
6078.779
5812.915
5759.807
5890.069
5878.362
5779.534
5683.656
6293.218
6804.920
6443.665
5907.766
5087.230
4337.389
3935.910
3648.632
3533.399
3472.215
3636.552
4300.285
4579.699
4978.381
5397.260
5622.031
5947.594
6110.871
5914.344
5892.847
6009.711
5957.149
5870.473
5656.942
6236.194
6703.332
6381.248
5836.876
5090.670
4378.196
3927.246
3723.688
3579.148
3498.590
3713.563
4372.333
4610.339
4971.850
5456.264
5752.689
6082.226
6218.094
5899.513
5903.621
6039.895
5937.878
5788.492
5581.211
6113.102
6529.326
6159.992
5690.852
5044.072
4437.495
4007.484
3827.644
3681.169
3626.684
3666.296
3836.301
4063.962
4514.351
4935.019
5220.582
5474.737
5606.090
5507.572
5382.654
5236.972
5144.519
5053.021
5085.600
5809.383
6260.007
5871.860
5317.523
4716.153
4233.077
3867.889
3585.450
3437.427
3338.928
3356.706
3375.597
3287.966
3624.445
4043.526
4254.268
4361.940
4467.798
4495.989
4410.930
4248.284
4149.437
4142.715
4204.544
5061.503
5558.591
5352.847
4946.364
4390.822
3933.971
3636.974
3447.155
3266.630
3198.762
3235.660
3313.310
3270.025
3532.284
3895.061
4288.364
4531.405
4729.366
4742.208
4627.308
4519.473
4412.000
4286.634
4351.157
5208.190
5708.561
5466.346
5060.695
4383.966
3946.503
3587.038
3404.293
3260.456
3233.219
3488.310
4105.045
4379.421
4694.471
5142.076
5334.909
5603.539
5692.357
5540.954
5531.603
5615.692
5577.541
5548.086
5487.026
6020.879
6390.672
6116.116
5537.296
4712.434
4069.840
3651.865
3526.008
3398.593
3387.943
3559.915
4066.261
4266.689
4562.618
5036.741
5358.723
5679.146
5895.566
5657.378
5672.888
5799.200
5815.816
5707.938
5567.219
6228.381
6747.044
6336.857
5747.943
4928.090
4197.390
3718.411
3439.819
3374.745
3397.375
3661.114
4341.849
4557.771
4981.250
5452.056
5645.322
5853.874
6020.492
5719.883
5629.854
5784.568
5771.059
5651.532
5459.989
6055.819
6523.694
6239.705
5755.875
4984.570
4265.323
3933.115
3810.191
3774.041
3777.065
3989.387
4394.312
4618.867
4997.745
5418.363
5737.778
6035.135
6172.258
5899.344
5987.604
6197.621
6137.635
6011.931
5745.217
6405.058
6970.979
6676.474
6117.378
5426.609
4840.466
4584.922
4361.173
4229.848
4120.063
4212.935
4385.777
4457.233
4838.963
5452.610
5876.225
6114.592
6254.240
6148.787
5947.641
5736.836
5520.517
5275.754
5139.450
5908.609
6599.800
6382.270
5990.088
5329.023
4690.631
4335.116
4196.119
4049.329
3932.649
3927.189
4029.167
4017.665
3994.605
4301.289
4700.851
4962.500
5159.410
5214.287
5028.858
4830.159
4721.351
4635.096
4666.807
5582.209
6302.639
6189.844
5783.889
5184.139
4618.326
4365.437
4188.759
4052.144
4007.627
4209.365
4732.568
5016.966
5376.310
5778.186
6007.353
6297.802
6491.592
6245.804
6228.956
6312.480
6288.394
6135.280
5952.670
6634.287
7136.127
6775.803
6187.104
5438.101
4767.107
4367.349
4079.873
3887.448
3830.109
4065.487
4739.975
4937.885
5247.806
5553.105
5860.853
6208.340
6402.109
6078.818
6074.019
6313.068
6290.053
6154.438
6027.759
6608.723
7131.379
6766.442
6159.096
5273.427
4470.123
4028.017
3876.986
3818.286
3778.840
3957.100
4612.949
4836.416
5150.406
5558.949
5807.236
6169.471
6363.527
6038.678
6023.560
6228.279
6220.202
6141.733
5931.564
6535.749
6990.713
6675.772
6122.930
5239.230
4419.092
3906.180
3791.409
3702.796
3713.056
3868.655
4471.168
4667.776
4994.906
5519.546
5809.509
6135.765
6298.623
5992.655
5884.968
6054.855
6096.899
5973.612
5865.705
6586.846
7008.811
6670.760
6138.728
5290.636
4649.227
4331.648
4088.129
3957.829
3941.963
4169.858
4636.100
4770.946
4999.762
5565.551
5839.198
6113.946
6238.234
6043.662
6016.641
6109.859
6056.235
5917.902
5765.368
6447.483
6976.904
6686.428
6171.299
5460.406
4796.076
4425.865
4196.172
3993.494
3909.613
4008.088
4189.268
4322.539
4790.328
5358.680
5522.078
5731.050
5851.884
5771.927
5599.954
5417.037
5285.841
5201.993
5193.719
5875.909
6368.875
6109.557
5746.229
5263.015
4688.397
4320.246
4102.950
3926.666
3834.272
3761.408
3826.005
3750.108
3845.416
4181.192
4435.239
4619.628
4754.760
4772.445
4709.434
4572.168
4467.306
4330.122
4272.573
5270.680
6021.503
5910.774
5532.827
4987.397
4412.230
4091.390
3905.585
3760.708
3720.354
3937.937
4641.689
4871.914
5174.336
5714.389
6027.356
6291.082
6520.824
6325.498
6288.653
6347.152
6371.175
6198.331
6006.880
6618.036
7212.547
6905.690
6258.889
5479.195
4760.282
4291.217
4095.300
3966.480
3931.864
4058.409
4520.124
4705.424
4987.355
5429.571
5740.608
6013.743
6213.792
6021.322
6056.284
6172.788
6127.541
5980.921
5804.841
6481.411
7062.141
6729.450
6089.981
5303.984
4572.471
4200.924
4095.938
3938.298
3893.648
4115.173
4643.772
4851.617
5106.416
5541.588
5813.995
6043.240
6305.732
6129.472
6157.770
6228.910
6145.168
6059.584
5901.606
6546.590
7082.347
6856.169
6272.967
5432.889
4615.510
4382.088
4174.142
3998.666
3956.069
4208.753
4693.240
4827.026
5108.762
5644.731
5980.188
6252.067
6392.555
6244.172
6257.236
6450.147
6502.921
6311.832
6127.863
6750.775
7215.830
6895.172
6383.973
5510.927
4854.773
4474.026
4251.984
4163.483
4156.783
4118.471
4209.368
4109.304
4465.957
4923.360
5228.610
5541.062
5737.200
5638.151
5484.237
5295.430
5156.274
4962.806
4855.419
5798.595
6408.665
6250.845
5846.881
5223.499
4557.964
4193.768
4003.339
3955.181
3897.204
3964.593
4102.571
4196.979
4677.663
5237.561
5595.846
5845.653
5975.609
5905.915
5765.104
5588.026
5505.223
5358.762
5310.129
6170.805
6663.464
6342.880
5761.449
5194.783
4605.183
4263.870
4087.349
4012.127
3936.735
3910.706
3890.993
3892.587
4116.749
4267.142
4458.627
4689.689
4870.319
4813.329
4702.437
4517.308
4358.263
4340.778
4448.571
5423.623
6061.093
5859.106
5361.136
4668.771
4317.903
4043.463
3873.752
3749.555
3723.312
3970.919
4512.212
4696.380
5067.628
5552.848
5863.868
6106.712
6307.991
6062.596
6076.419
6206.383
6206.922
6108.955
5978.337
6798.210
7336.463
6951.122
6300.782
5319.641
4683.416
4399.922
4227.629
4100.106
4039.117
4254.116
4733.703
4902.445
5122.716
5498.335
5747.562
6110.500
6340.595
6104.359
6022.575
6141.060
6128.989
5921.616
5800.507
6666.384
7263.064
6859.358
6167.320
5280.609
4478.018
4009.345
3776.352
3684.196
3667.872
3865.506
4505.265
4705.478
5069.667
5428.050
5698.706
5973.577
6113.843
5942.215
5928.904
6062.488
5951.925
5889.033
5720.203
6441.178
6909.211
6632.576
6135.178
5406.740
4617.643
4196.483
3968.177
3927.969
3907.633
4054.144
4618.294
4856.314
5158.772
5569.713
5801.090
6155.947
6365.783
6081.540
6001.990
6110.378
6039.206
5915.467
5740.021
6475.092
7003.698
6732.449
6150.380
5319.819
4512.679
4032.258
3801.277
3661.908
3661.774
3943.749
4540.182
4767.431
5132.457
5570.183
5863.042
6175.410
6363.357
6159.294
6027.178
6139.596
6163.562
6053.344
5999.553
6710.894
7022.588
6679.818
6193.621
5474.840
4781.642
4392.149
4137.212
4071.221
3988.536
4110.374
4244.707
4282.160
4701.329
5068.595
5367.556
5629.983
5741.836
5655.023
5435.590
5297.176
5201.848
5086.688
5129.553
6071.651
6458.564
6183.810
5703.123
5038.562
4482.760
4078.616
3790.413
3689.121
3654.817
3658.377
3666.849
3590.864
3674.716
4026.740
4223.031
4352.851
4481.829
4479.822
4368.278
4245.729
4130.109
4071.516
4204.149
5061.626
5567.580
5409.113
4958.348
4549.289
4203.671
4090.643
3976.484
3842.930
3806.909
3847.684
3908.538
3914.673
4225.072
4714.437
5101.493
5434.289
5638.127
5673.672
5568.663
5403.680
5228.335
5093.983
5173.116
6086.943
6618.419
6351.736
5870.495
5243.675
4643.725
4138.945
3977.463
3914.292
3932.520
4085.494
4554.081
4774.614
5054.121
5502.958
5822.901
6100.005
6279.169
6080.714
6102.450
6212.907
6187.124
6169.552
6129.165
6850.303
7357.509
7024.326
6444.496
5527.376
4893.713
4530.940
4422.240
4352.288
4326.860
4531.593
5034.540
5305.240
5491.364
5794.676
6032.483
6314.074
6545.353
6271.031
6198.383
6329.568
6328.898
6199.240
6135.509
7007.661
7411.326
7083.476
6379.243
5531.624
4809.233
4359.569
4159.008
3978.336
3954.080
4187.047
4838.825
4931.156
5188.126
5600.805
5798.654
6073.917
6272.057
6000.207
5987.703
6162.507
6200.244
6109.381
6021.754
6753.442
7133.801
6753.420
6074.217
5281.936
4644.302
4313.328
4113.845
3986.828
3983.300
4217.247
4784.502
5124.258
5345.811
5707.473
5910.649
6165.993
6384.438
6167.781
6076.735
6113.000
6119.872
5921.703
5782.072
6334.715
6581.669
6281.730
5779.598
5202.340
4593.106
4300.199
4088.488
3965.428
3881.632
3999.940
4131.399
4347.095
4808.356
5364.697
5657.108
5897.513
6044.696
5937.337
5660.936
5365.545
5272.518
5218.392
5266.149
6242.774
6639.281
6309.597
5808.335
5210.604
4630.856
4262.343
4009.191
3841.784
3717.573
3706.228
3716.865
3617.816
3874.968
4228.231
4520.636
4719.777
4884.464
4914.063
4854.661
4682.969
4575.936
4532.611
4606.616
5738.226
6222.386
6039.300
5456.485
4865.421
4305.601
3996.487
3849.557
3807.759
3760.651
3885.715
4543.509
4734.910
4991.613
5571.693
5888.679
6213.310
6353.345
5947.995
5899.081
5992.395
5995.727
5854.920
5811.627
6748.683
7064.958
6675.073
6059.379
5242.356
4466.376
4046.073
3788.603
3638.314
3584.630
3791.339
4439.128
4694.164
4986.937
5363.380
5641.642
5866.583
6037.284
5850.059
5819.163
5893.025
5943.391
5769.046
5782.038
6635.942
6984.244
6538.967
5942.987
5114.059
4469.946
4172.863
3979.099
3834.083
3760.971
3966.190
4649.998
4850.523
5239.090
5507.874
5656.968
5902.275
5989.711
5877.929
5897.836
6035.561
6000.585
5848.157
5752.299
6548.151
6881.537
6443.475
5931.085
5206.163
4655.255
4488.965
4259.557
4155.548
4086.301
4297.138
4867.457
5018.716
5322.843
5639.683
5834.448
6072.472
6251.665
6032.460
6020.385
6153.374
6178.213
6087.581
6003.542
6900.836
7163.310
6702.834
6018.740
5260.314
4630.404
4455.826
4273.032
4126.952
4057.893
4256.657
4848.634
5029.883
5399.652
5694.658
5819.547
6009.951
6183.166
6026.325
6022.471
6134.682
6113.412
5920.200
5812.707
6627.364
6899.665
6468.758
5841.698
5216.079
4659.907
4385.462
4252.431
4187.140
4129.322
4223.617
4349.306
4462.880
4988.276
5369.556
5592.618
5867.195
5984.620
5865.708
5604.759
5431.242
5341.328
5197.328
5137.590
6076.836
6320.420
5961.932
5498.401
4903.628
4293.657
3895.768
3605.771
3488.139
3505.899
3397.500
3419.665
3330.814
3607.781
3998.852
4290.197
4452.437
4518.937
4566.055
4468.855
4296.446
4177.555
4099.341
4193.224
5178.086
5737.577
5617.276
5133.297
4609.820
4276.877
3913.012
3708.182
3629.267
3656.803
3768.971
4326.253
4567.742
4888.621
5348.419
5606.175
5882.880
6082.137
5874.891
5804.035
5942.052
5907.444
5780.449
5751.011
6492.092
6869.011
6649.219
6164.446
5178.657
4237.170
3889.130
3755.632
3747.789
3762.911
3983.152
4621.379
4835.486
5086.181
5501.655
5663.404
5813.057
6073.601
5957.696
5851.370
5936.107
6023.126
5899.699
5817.893
6618.384
6888.559
6606.732
6148.974
5311.288
4508.707
3921.846
3624.427
3462.270
3404.406
3709.127
4428.261
4680.166
4963.223
5375.740
5551.127
5717.467
5854.184
5728.067
5766.166
5912.805
5922.726
5823.786
5756.852
6527.423
6733.775
6377.757
5827.241
5086.653
4423.373
3945.325
3746.956
3685.553
3577.038
3765.146
4412.685
4577.974
4870.833
5293.072
5618.339
5888.042
5989.219
5804.646
5821.298
5908.305
6118.171
6108.466
5949.070
6671.229
6899.122
6598.838
6014.198
5117.368
4374.640
3903.980
3628.640
3489.825
3447.056
3748.873
4444.416
4621.701
4992.016
5444.879
5668.439
5964.935
6117.344
5940.473
5987.367
6162.759
6206.055
6066.935
5931.319
6804.645
6951.924
6654.580
6093.110
5347.297
4633.939
4200.705
3915.153
3774.299
3732.509
3851.115
4026.607
4117.122
4654.433
5228.917
5497.580
5796.967
5951.489
5778.521
5552.033
5322.911
5185.797
5022.540
5068.120
6127.560
6367.818
6122.188
5543.623
4885.945
4318.877
3905.598
3581.850
3391.166
3174.913
3111.539
3067.787
2910.211
3192.457
3622.498
4035.572
4266.693
4353.649
4297.284
4253.560
4234.575
4166.615
4069.695
4081.826
5292.134
5765.683
5627.209
5175.134
4612.231
4013.620
3722.481
3536.643
3393.182
3346.766
3546.186
4270.584
4619.325
4912.052
5401.578
5817.780
6067.267
6153.256
5915.690
6072.539
6289.123
6267.822
6044.809
5866.851
6637.674
6801.556
6492.009
5933.106
5002.534
4247.342
3898.762
3817.553
3678.039
3622.199
3888.917
4522.733
4770.166
5121.610
5680.565
5927.451
6236.698
6316.704
6074.462
6054.461
6254.021
6182.449
5959.170
5839.069
6696.512
6901.910
6618.892
6007.169
5312.583
4548.460
4018.448
3826.799
3652.879
3633.446
3888.539
4543.872
4641.401
4826.144
5082.990
5308.072
5548.153
5711.093
5521.821
5553.130
5701.773
5644.362
5583.875
5512.444
6474.024
6632.803
6188.778
5620.646
4927.671
4385.280
4064.314
3891.141
3721.837
3713.997
3882.175
4397.864
4562.481
4787.983
5189.195
5433.552
5747.992
5964.108
5694.776
5688.746
5795.191
5743.923
5628.390
5470.164
6330.740
6510.933
6194.432
5604.413
4705.268
4113.842
3848.575
3665.495
3531.058
3476.381
3586.457
4089.578
4261.658
4570.610
4868.905
5100.969
5378.423
5548.643
5329.238
5349.197
5461.957
5422.896
5218.461
5262.692
6151.980
6256.104
5990.975
5429.497
4764.310
4046.245
3616.847
3444.571
3326.619
3328.141
3440.348
3584.195
3777.519
4293.659
4771.538
5104.285
5317.587
5480.634
5372.883
5123.388
4977.785
4884.626
4711.045
4810.111
5952.801
6212.636
5891.291
5417.589
4790.871
4209.687
3937.410
3683.174
3513.853
3383.829
3331.649
3328.621
3146.671
3525.527
3973.043
4195.759
4425.936
4580.100
4547.681
4425.076
4214.839
4122.489
4084.269
4134.440
5353.459
5849.228
5714.445
5282.467
4605.958
4024.301
3747.044
3601.889
3457.159
3392.051
3557.223
4098.067
4300.841
4727.759
5394.347
5741.629
6060.928
6213.148
5923.172
5950.483
6157.654
6136.968
5988.352
5788.684
6581.377
6757.466
6429.277
5920.357
5095.231
4451.075
4072.048
3950.182
3897.718
3810.230
4041.663
4621.810
4780.466
5136.333
5629.063
5820.382
6080.023
6242.616
6024.114
6017.877
6119.707
6092.610
6006.106
5943.609
6701.281
6788.573
6399.203
5806.755
4957.340
4443.521
4150.220
4074.671
3947.206
3859.094
4078.386
4683.897
4857.536
5113.421
5505.468
5689.868
5951.549
6116.984
5858.641
5839.227
6028.585
6037.812
5835.050
5786.184
6569.954
6608.658
6272.981
5788.907
5003.538
4413.976
3992.984
3829.968
3740.088
3706.027
3862.256
4407.404
4568.080
4885.645
5278.198
5576.483
5850.442
5993.330
5662.558
5589.105
5690.805
5668.134
5648.208
5717.846
6513.877
6565.155
6241.856
5937.786
5155.664
4499.495
4100.105
3937.069
3793.044
3729.685
3950.557
4412.532
4622.879
4995.841
5427.798
5701.352
5980.867
6085.570
5910.266
5902.270
6021.541
6074.978
6054.481
6030.610
6808.295
6855.422
6604.438
6134.474
5448.973
4780.938
4267.909
3966.439
3753.746
3670.003
3761.765
3956.064
4069.962
4533.792
5178.255
5559.723
5812.839
5919.618
5780.853
5607.641
5447.393
5329.444
5179.445
5233.086
6244.299
6372.548
6079.825
5674.426
5059.922
4531.956
4137.205
3827.214
3610.263
3498.114
3473.121
3413.878
3229.953
3528.951
3941.707
4335.825
4571.192
4704.130
4666.391
4508.179
4328.899
4177.403
4119.195
4392.013
5537.375
5751.328
5686.321
5289.713
4621.592
4138.278
3885.272
3734.411
3566.243
3538.355
3736.052
4334.153
4550.968
4932.710
5475.463
5763.379
6085.468
6293.589
6107.890
6097.470
6140.464
6064.726
5938.591
5819.375
6702.413
6720.409
6247.479
5749.106
5114.558
4365.848
3927.354
3806.068
3774.039
3711.590
3768.948
4407.192
4626.651
4867.931
5366.835
5685.369
5979.304
6148.791
5991.628
5965.764
6014.806
6053.235
5834.950
5685.170
6556.658
6649.530
6284.175
5736.741
4921.338
4182.377
3752.671
3534.984
3413.648
3328.963
3546.440
4221.195
4368.596
4688.764
5157.952
5433.483
5593.645
5697.823
5516.184
5472.862
5569.006
5549.865
5418.477
5341.537
6201.154
6265.444
5863.549
5422.585
4722.803
3931.551
3584.176
3500.672
3448.069
3438.686
3736.209
4270.827
4390.964
4724.156
5226.571
5429.519
5705.056
5970.300
5744.554
5683.888
5827.600
5839.183
5728.070
5656.445
6497.072
6443.011
6180.792
5642.140
4823.355
4051.774
3633.156
3414.827
3309.724
3302.819
3499.437
4128.961
4353.304
4729.663
5178.571
5546.188
5893.083
5968.673
5785.937
5716.313
5866.782
5806.949
5680.666
5517.499
6451.279
6455.031
6151.566
5470.474
4712.862
4088.198
3798.179
3573.284
3400.462
3238.645
3241.376
3366.815
3538.410
4054.238
4625.423
4959.673
5228.510
5369.115
5227.329
4984.208
4817.295
4646.408
4410.029
4573.723
5808.804
5887.300
5619.680
5020.371
4345.559
3770.913
3467.234
3298.229
3111.567
2904.588
2854.629
2811.779
2750.383
3054.409
3484.689
3865.976
4060.282
4267.622
4332.869
4242.062
4059.574
3927.225
3809.595
4006.909
5147.696
5370.851
5165.451
4761.952
4171.552
3537.067
3173.245
2960.963
2854.963
2835.735
3087.189
3768.504
3999.479
4436.731
4898.447
5258.802
5606.656
5820.335
5603.846
5672.598
5757.781
5755.394
5491.558
5384.978
6177.397
6241.629
5841.340
5382.050
4619.476
3818.343
3408.621
3276.142
3144.025
3224.953
3539.904
4058.606
4280.884
4498.655
4837.654
5146.159
5424.117
5473.811
5426.079
5521.783
5580.634
5545.054
5412.489
5340.641
6175.498
6182.787
5851.338
5482.816
4731.534
3882.744
3408.020
3210.196
3059.630
3033.177
3234.650
3879.783
4031.568
4251.053
4794.901
5036.346
5315.226
5399.856
5254.641
5197.244
5346.402
5370.268
5083.861
5061.893
6135.819
6142.058
5811.904
5219.691
4420.444
3863.764
3534.313
3289.301
3136.205
3118.451
3383.279
3962.944
4141.455
4520.113
4832.713
4966.405
5207.540
5440.544
5244.688
5316.383
5550.867
5541.294
5460.375
5540.246
6319.922
6271.821
5956.592
5537.718
4672.837
3809.221
3454.989
3198.829
3063.850
3101.353
3289.759
3885.346
4071.050
4457.952
4904.913
5207.547
5446.550
5630.578
5436.847
5276.375
5353.672
5279.015
5242.688
5288.755
6142.975
6144.834
5839.715
5245.117
4531.506
3951.737
3563.513
3279.671
3131.560
3072.244
3178.289
3308.046
3339.859
3759.826
4209.437
4477.022
4693.125
4787.194
4659.398
4456.838
4307.544
4303.718
4156.462
4398.994
5358.216
5445.604
5099.702
4646.884
4197.952
3667.007
3094.587
2676.525
2487.209
2357.346
2290.390
2171.389
2075.233
2457.938
2850.837
3134.458
3233.003
3447.120
3524.843
3417.893
3285.506
3184.758
3100.612
3315.946
4616.769
4826.303
4708.411
4468.504
3925.313
3441.319
2942.275
2614.279
2369.012
2312.002
2503.300
2838.884
3211.147
3853.213
4493.039
4849.864
5120.985
5345.265
5196.873
5129.127
5167.449
5160.552
5119.277
5142.119
6059.597
6043.376
5704.279
5133.536
4330.025
3543.783
3242.352
2902.057
2686.852
2633.784
2793.290
3100.469
3347.101
3927.757
4484.969
4791.553
5103.211
5393.615
5163.380
5094.716
5176.828
5277.854
5142.663
5180.220
6169.172
6155.293
5824.755
5311.261
4513.788
3794.172
3436.214
3134.935
2837.740
2747.144
2877.380
3163.427
3454.857
4039.337
4650.687
4805.027
5001.980
5178.994
4973.698
4871.078
4926.948
4931.811
4838.461
4943.011
5796.305
5733.936
5313.222
4800.020
4055.365
3345.425
3115.102
2972.104
2820.812
2692.257
2863.502
3135.425
3493.282
4061.338
4542.278
4886.034
5102.109
5193.778
4949.237
4907.573
5014.235
5001.112
4861.651
4942.161
5821.201
5757.633
5485.818
5046.293
4303.250
3543.762
3267.174
2983.800
2813.187
2674.888
2730.453
2967.343
3253.149
3872.713
4458.563
4753.310
5011.356
5185.193
5062.131
5097.492
5152.442
5100.433
4944.005
4902.437
5815.462
5832.966
5483.331
4989.520
4409.802
3640.518
3175.239
2946.772
2813.175
2682.105
2710.370
2828.807
2960.757
3479.080
3964.209
4400.155
4687.113
4822.395
4708.619
4525.511
4271.385
4091.734
3955.996
4132.794
5109.264
5081.540
4707.406
4187.548
3568.972
3003.097
2740.682
2496.825
2399.564
2380.160
2346.355
2343.583
2272.919
2477.790
2692.547
2902.612
2976.573
3138.998
3345.295
3228.169
2992.055
2822.799
2822.147
2979.853
4026.129
4110.873
3826.332
3405.840
2921.780
2523.774
2253.066
2064.597
1788.582
1601.662
1525.793
1619.562
1593.691
1909.267
2373.650
2692.949
2921.648
3087.413
3076.548
3036.820
2911.792
2825.345
2735.015
3035.830
4189.127
4357.639
4086.137
3636.132
2997.393
2382.751
2100.835
1912.785
1816.451
1747.416
1976.201
2639.128
2902.766
3255.382
3750.346
4158.653
4473.233
4614.998
4346.607
4335.074
4455.938
4541.704
4484.188
4568.501
5268.752
5176.082
4849.705
4250.068
3435.259
2716.346
2448.779
2283.508
2075.073
2041.376
2326.019
2940.301
3125.165
3374.533
3770.094
4059.915
4319.495
4419.393
4155.754
4047.851
4047.679
4053.466
4034.749
4288.479
5098.535
4980.377
4600.067
3982.034
3206.701
2563.293
2267.900
2003.060
1911.205
1967.030
2239.220
2799.884
3019.257
3346.383
3697.153
3911.442
4118.870
4289.081
4083.209
3997.404
4124.434
4098.460
4116.135
4288.405
5176.043
5115.227
4758.676
4206.174
3428.121
2676.988
2317.177
2114.372
2027.357
2000.414
2171.409
2756.868
2989.343
3315.867
3759.778
4029.701
4261.661
4435.940
4213.934
4144.850
4270.220
4291.564
4146.434
4272.138
5189.332
5120.273
4812.465
4267.175
3727.189
3183.011
2964.504
2802.259
2675.198
2479.658
2471.675
2558.721
2727.292
3279.941
3792.993
4149.089
4450.161
4578.588
4419.730
4197.468
3945.631
3841.655
3673.218
3994.252
5074.815
5001.019
4683.681
4157.808
3626.608
3132.427
2978.473
2820.616
2658.487
2623.340
2598.690
2442.236
2310.314
2597.623
2957.319
3263.565
3424.604
3583.009
3579.161
3489.732
3349.623
3260.017
3177.615
3432.495
4489.611
4527.573
4289.456
3894.862
3437.394
2912.187
2893.614
2746.387
2653.221
2644.996
2757.774
3099.416
3114.141
3406.366
3982.499
4279.026
4596.153
4809.967
4553.249
4503.923
4677.939
4731.919
4710.465
4841.083
5688.876
5715.978
5320.214
4727.860
3905.489
3179.194
2785.515
2628.060
2521.310
2517.718
2728.567
3194.009
3324.708
3634.411
4137.245
4355.520
4629.310
4817.708
4582.186
4620.424
4751.894
4697.078
4600.550
4774.282
5656.148
5540.758
5133.022
4630.836
3853.815
3142.388
2738.488
2567.841
2402.128
2387.845
2633.089
3166.449
3376.690
3676.243
4133.904
4427.019
4713.572
4928.211
4705.261
4696.110
4859.363
4764.062
4667.789
4831.690
5830.364
5780.721
5342.656
4750.976
3966.127
3102.401
2855.337
2669.511
2566.565
2530.062
2702.058
3334.906
3471.066
3685.439
4165.583
4447.335
4748.913
4937.796
4696.907
4743.752
4915.501
4875.266
4750.626
4956.973
5872.987
5834.727
5420.657
4817.090
3986.224
3290.035
2836.950
2696.406
2604.962
2560.908
2742.248
3307.200
3480.355
3857.954
4360.587
4732.211
4971.254
5149.573
4968.888
4967.569
5071.005
5046.406
4917.894
5079.279
5876.748
5694.438
5274.911
4660.019
3948.527
3264.872
2817.544
2592.122
2444.652
2350.780
2395.343
2563.345
2685.723
3236.915
3677.509
4045.916
4333.735
4572.892
4339.702
4016.621
3793.064
3678.079
3614.110
3979.213
4956.128
4864.504
4520.522
3990.747
3337.307
2804.238
2421.707
2198.729
2045.730
1988.317
1954.343
1918.807
1810.156
2036.716
2459.178
2755.263
2966.647
3101.579
3152.714
3037.865
2911.611
2896.746
2949.930
3337.244
4416.204
4512.495
4324.494
3913.829
3251.801
2633.564
2537.324
2442.058
2303.219
2289.139
2520.094
2947.086
3112.833
3555.669
4112.034
4496.496
4844.659
4946.776
4633.612
4617.677
4793.877
4763.866
4677.736
4950.318
5739.174
5687.749
5261.236
4659.556
3824.482
3037.579
2873.065
2703.913
2610.646
2580.656
2823.714
3355.800
3520.329
3845.768
4263.610
4492.572
4796.514
4920.186
4628.558
4598.493
4696.601
4716.192
4688.004
4961.891
5785.816
5723.626
5255.120
4653.062
3779.395
2968.832
2628.714
2469.250
2385.614
2399.206
2612.987
3194.481
3331.596
3656.178
4135.756
4396.209
4749.173
4935.817
4732.579
4701.432
4821.632
4853.538
4757.686
5005.367
5846.338
5814.758
5458.006
4808.913
3920.236
3147.425
2869.398
2717.175
2527.203
2502.602
2763.495
3393.292
3545.786
3946.258
4360.555
4517.627
4856.580
5040.004
4830.280
4818.194
4888.790
4759.479
4673.956
4897.834
5679.411
5519.551
5186.491
4625.217
3696.586
2938.331
2604.504
2531.794
2427.421
2400.257
2598.737
3163.450
3424.134
3679.898
4056.876
4288.982
4585.722
4710.920
4509.365
4540.570
4662.848
4653.412
4583.643
4825.831
5671.130
5551.015
5221.932
4753.431
4048.398
3308.856
2864.160
2666.866
2563.165
2636.831
2883.155
2883.122
2913.832
3405.599
3881.910
4218.520
4504.718
4765.390
4581.705
4298.896
4089.285
3934.614
3741.351
4058.425
4914.350
4910.505
4575.708
4175.895
3588.767
3056.618
2737.224
2488.340
2341.456
2242.817
2169.785
2132.940
1944.413
2265.096
2679.994
2954.976
3140.567
3264.517
3339.567
3242.107
3051.830
2918.051
2847.658
3191.480
4229.690
4270.655
4037.787
3692.557
3178.020
2734.565
2561.995
2407.131
2250.632
2180.518
2201.053
2228.065
2036.399
2354.770
2725.386
3109.006
3528.565
3772.580
3849.019
3692.121
3504.771
3349.447
3257.141
3792.170
4934.029
4969.842
4698.959
4070.710
3409.377
2914.010
2660.839
2500.084
2362.872
2476.909
2695.975
3324.550
3514.713
3904.948
4450.148
4703.574
4997.288
5195.939
4875.543
4896.526
5055.163
5091.848
5020.062
5280.095
6179.358
6041.949
5613.561
4983.552
4096.765
3377.665
3066.793
2858.964
2643.825
2601.099
2789.219
3417.664
3608.620
3885.408
4182.050
4439.173
4689.207
4831.981
4564.221
4530.171
4593.772
4639.752
4619.360
5101.949
5961.528
5821.304
5397.800
4931.386
4012.378
3150.834
2819.272
2676.194
2573.105
2542.787
2726.002
3334.564
3563.094
3935.470
4333.309
4571.495
4850.437
4934.959
4606.814
4585.028
4763.432
4842.788
4901.962
5297.771
6174.331
6081.241
5737.492
5246.530
4315.116
3564.548
3221.991
3140.125
3047.925
3025.402
3078.480
3645.328
3777.329
3995.206
4429.150
4860.462
5095.416
5189.763
4818.763
4730.205
4825.063
4842.468
4803.927
5155.464
5955.432
5762.249
5375.969
4797.663
4038.994
3421.542
3023.517
2753.517
2577.957
2487.240
2561.946
2685.340
2868.668
3405.285
4006.628
4352.499
4619.808
4743.140
4633.291
4450.097
4204.135
4047.385
3979.185
4446.428
5359.327
5234.177
4852.207
4312.507
3659.272
3128.938
2733.971
2557.484
2480.858
2384.993
2375.033
2331.829
2265.591
2548.797
2923.806
3310.705
3554.275
3661.925
3661.484
3569.345
3465.151
3416.475
3334.007
3704.547
4715.748
4794.803
4547.689
4035.685
3392.038
2879.561
2538.555
2396.345
2400.271
2345.543
2510.456
3138.200
3218.363
3626.145
4117.895
4551.504
4866.215
4983.602
4658.966
4580.738
4733.180
4761.811
4714.884
5005.867
5874.711
5741.843
5338.653
4643.949
3833.374
3067.721
2779.774
2656.309
2550.675
2525.613
2800.116
3467.942
3595.284
3872.272
4305.231
4646.269
4930.830
5127.660
4881.042
4888.893
4986.618
4993.979
4890.956
5138.259
5961.651
5871.953
5453.646
4785.495
3971.076
3190.810
2968.129
2804.308
2715.970
2700.038
2902.545
3539.528
3641.623
3862.230
4295.222
4579.589
4827.185
4984.212
4648.642
4612.319
4691.636
4645.573
4604.729
4891.792
5783.982
5709.556
5343.089
4670.795
3878.060
3272.361
2919.266
2698.199
2598.961
2593.803
2758.711
3261.807
3446.440
3774.162
4238.258
4586.780
4929.947
5131.169
4889.215
4820.575
4997.301
5036.514
4944.528
5201.168
5964.883
5792.586
5450.191
4924.150
4050.918
3291.417
2879.177
2739.369
2614.430
2592.916
2842.915
3369.370
3579.512
3930.081
4421.704
4712.351
5002.673
5169.523
4987.397
5013.117
5107.917
5083.102
4997.988
5269.966
6089.244
5908.173
5479.046
4903.299
4147.185
3418.318
3029.958
2753.701
2620.798
2562.927
2636.601
2836.188
2978.241
3428.432
4021.502
4445.755
4694.791
4887.962
4760.993
4461.105
4232.683
4098.924
3976.941
4380.103
5378.933
5346.014
4997.314
4541.230
3942.037
3495.847
3191.475
2907.862
2735.780
2677.401
2645.465
2638.053
2632.614
2974.794
3361.737
3564.614
3737.364
3856.598
3874.055
3718.037
3525.627
3386.455
3303.072
3808.691
4770.119
4840.382
4669.804
4265.375
3720.302
3162.762
2871.767
2714.607
2633.755
2532.818
2515.335
2590.156
2520.332
2753.158
3153.799
3492.166
3734.118
3974.071
4012.373
3879.722
3668.773
3620.280
3582.885
4026.184
5107.156
5254.287
5021.345
4479.930
3864.761
3346.361
3045.198
2675.816
2418.445
2359.908
2632.701
3293.114
3631.846
3881.395
4416.498
4756.575
4995.063
5076.813
4855.326
4884.210
5028.396
4890.097
4846.959
5174.996
6020.505
5860.077
5548.499
5049.823
4260.137
3349.376
3229.358
3040.805
3003.485
2940.059
3121.960
3621.448
3858.539
4236.685
4603.418
4904.371
5073.427
5258.588
5086.216
5044.761
5195.420
5105.126
4985.799
5269.978
6079.193
5902.418
5507.616
4895.517
3960.322
3134.798
2770.944
2673.635
2578.688
2592.283
2776.127
3253.732
3566.193
3901.058
4382.830
4600.424
4863.251
5125.813
4947.232
4961.288
5088.280
5122.487
4996.750
5058.338
6019.426
5986.884
5753.892
5333.016
4546.860
3778.626
3410.453
3294.242
3077.897
2928.692
3137.617
3689.323
3865.477
4299.718
4837.503
5177.894
5450.676
5646.447
5423.228
5452.070
5598.304
5580.292
5458.445
5652.246
6568.148
6435.568
5991.371
5402.543
4655.120
3933.606
3517.813
3269.952
3014.425
2905.178
2934.240
3068.080
3217.571
3709.624
4332.203
4707.900
4940.072
5118.052
5071.620
4849.649
4631.242
4510.652
4450.781
4815.972
5760.795
5697.602
5331.348
4733.828
4121.834
3524.613
3130.803
3013.976
2891.609
2816.968
2842.988
2796.562
2733.599
2938.140
3262.087
3513.125
3660.535
3838.845
3853.565
3739.673
3582.186
3539.118
3564.465
3919.825
4990.049
5088.490
4923.486
4538.949
3882.032
3350.802
2952.900
2790.024
2703.925
2728.112
2915.709
3297.167
3435.213
3750.087
4256.586
4610.773
4901.618
5077.351
4903.894
4853.748
4963.270
5025.278
4989.669
5220.739
6139.547
6067.275
5587.908
4971.054
4054.214
3235.012
2883.615
2679.386
2601.285
2569.729
2706.578
3163.870
3413.902
3867.975
4388.115
4754.711
4991.546
5176.324
4995.839
4921.820
5004.546
4960.813
4921.405
5185.545
6207.101
6091.406
5702.749
4977.122
4115.153
3383.375
2872.144
2657.597
2524.127
2484.671
2660.043
3115.128
3501.473
4077.915
4609.661
4881.709
5079.014
5290.502
5048.970
4978.844
5087.779
5043.075
4943.106
5121.903
6117.913
6074.154
5667.309
5021.131
4174.201
3269.033
2836.221
2732.837
2580.198
2470.825
2611.633
3181.636
3558.692
4026.623
4554.581
4943.184
5251.088
5444.161
5220.753
5191.799
5297.210
5253.042
5105.579
5164.780
6112.142
5936.996
5482.600
4900.198
4111.154
3261.384
2740.722
2557.965
2497.453
2456.220
2511.881
2876.174
3228.519
3778.249
4234.610
4555.490
4844.354
5054.328
4869.559
4784.031
4896.994
4884.470
4770.807
5040.255
5896.041
5796.790
5463.974
4807.841
4041.543
3267.596
2911.882
2699.683
2534.539
2458.236
2556.212
2748.169
2834.517
3287.718
3777.111
4035.788
4238.422
4364.623
4270.174
4109.801
3933.041
3839.350
3785.531
4161.412
5266.909
5230.989
4874.780
4352.495
3669.716
3068.363
2622.851
2341.614
2156.964
2065.888
2040.302
2038.566
1984.382
2346.489
2767.019
3054.640
3245.172
3457.843
3477.941
3437.886
3283.598
3179.148
3139.448
3626.473
4824.230
4918.315
4710.818
4327.906
3643.983
2994.483
2555.010
2328.901
2140.288
2105.790
2321.527
2740.853
3115.003
3671.802
4188.257
4533.506
4777.752
4932.337
4791.555
4744.659
4970.558
4939.879
4848.185
4982.221
5905.775
5919.669
5571.913
4939.005
4053.190
3192.886
2718.007
2570.390
2433.827
2407.009
2519.966
2875.466
3199.766
3843.718
4361.321
4649.999
4992.850
5176.691
4955.028
4924.892
5079.114
5063.564
4895.397
4943.912
5931.934
5928.166
5559.207
5025.837
4255.805
3498.733
2950.044
2732.929
2565.405
2462.354
2574.586
2921.588
3145.450
3726.356
4278.510
4484.183
4708.064
4906.549
4679.174
4665.413
4850.598
4907.891
4701.638
4826.587
5831.645
5773.153
5454.044
4991.174
4173.631
3241.138
2634.631
2345.688
2210.754
2191.253
2428.503
2770.707
3057.307
3614.593
4111.725
4364.891
4612.604
4842.110
4727.569
4733.897
4797.779
4788.468
4736.192
4962.915
5927.008
5867.474
5502.189
4988.399
4067.641
3230.994
2649.478
2343.856
2248.557
2229.035
2387.401
2799.393
3151.421
3698.955
4293.686
4568.921
4803.759
5077.569
4914.662
4806.300
4917.676
4960.201
4819.838
4889.806
5909.745
5770.506
5409.944
4843.549
4021.133
3210.469
2962.701
2829.038
2642.733
2589.469
2655.477
2905.603
2986.520
3460.902
4013.669
4301.414
4515.938
4634.316
4516.795
4274.674
4068.794
3899.945
3801.891
4029.887
5245.069
5191.899
4879.811
4493.329
3773.039
3102.588
2709.781
2507.231
2371.074
2328.346
2254.532
2196.948
2043.657
2284.130
2584.547
2912.216
3036.445
3302.545
3360.634
3175.374
3019.301
2934.489
2840.579
3135.449
4440.266
4590.275
4423.301
4005.880
3441.958
2786.168
2456.808
2318.692
2200.534
2193.989
2321.380
2572.248
2758.266
3313.431
3937.671
4296.923
4633.630
4832.577
4649.901
4620.633
4670.890
4593.831
4452.422
4456.484
5499.293
5363.764
4837.699
4558.050
4020.662
3360.749
2836.918
2542.581
2296.993
2209.676
2210.962
2249.077
2016.986
2266.071
2685.289
2976.578
3225.958
3467.257
3495.598
3355.211
3154.692
3017.917
2950.960
3299.037
4602.467
4757.436
4582.346
4158.657
3463.917
2857.845
2434.523
2199.459
2090.128
2066.967
2213.089
2661.003
2926.179
3473.029
4048.029
4331.399
4668.926
4907.033
4628.818
4569.221
4660.321
4730.818
4658.230
4787.608
5859.719
5789.750
5430.537
4952.584
4089.999
3264.539
2715.118
2510.693
2336.873
2249.533
2398.312
2690.217
2878.038
3393.401
3858.645
4151.838
4404.641
4642.872
4484.491
4509.638
4669.736
4681.000
4600.745
4710.580
5870.512
5905.294
5520.890
4949.840
4145.844
3280.294
2895.953
2626.520
2455.087
2453.181
2526.099
2866.218
3134.307
3653.791
4206.955
4546.552
4761.141
4889.496
4660.451
4621.306
4742.138
4790.927
4730.063
4930.287
5919.437
5948.351
5538.050
5135.299
4310.551
3477.492
3021.443
2813.559
2597.346
2492.228
2569.644
2689.025
2793.701
3234.992
3589.777
3912.774
4139.288
4234.886
4138.374
3927.359
3803.621
3771.629
3655.945
3711.505
4956.721
5218.639
4941.960
4510.941
3821.995
3222.401
2862.779
2790.050
2610.013
2480.903
2410.476
2316.694
2083.975
2386.765
2660.645
2924.724
3148.031
3308.590
3412.581
3295.750
3131.754
2954.949
2881.148
3151.100
4580.865
4787.202
4574.925
4106.801
3494.890
2900.498
2512.339
2338.417
2164.192
2066.090
2275.730
2649.943
2928.404
3462.586
4027.484
4310.109
4668.778
4786.069
4620.103
4571.794
4647.850
4636.954
4512.274
4583.126
5669.425
5766.048
5466.989
4907.314
3978.602
3058.136
2757.592
2506.020
2328.089
2300.651
2403.277
2736.294
2924.094
3350.735
3924.812
4304.752
4567.631
4755.816
4526.557
4393.700
4481.455
4436.902
4296.604
4380.589
5504.988
5631.297
5315.225
4841.962
3937.481
3092.902
2634.195
2383.078
2260.721
2250.445
2450.878
2852.334
3069.782
3615.567
4229.577
4383.748
4642.334
4833.644
4641.609
4575.539
4728.218
4745.110
4619.704
4693.485
5686.440
5721.092
5596.265
5233.870
4392.100
3452.441
2949.431
2685.058
2518.069
2490.725
2669.773
2982.416
3200.172
3713.510
4214.870
4393.247
4583.655
4791.507
4614.707
4559.591
4698.844
4678.971
4501.371
4566.564
5602.027
5606.895
5291.717
4896.888
4092.612
3185.795
2920.284
2769.674
2633.520
2599.500
2769.532
3168.254
3468.237
3970.919
4507.915
4755.137
5090.092
5291.721
5069.356
4966.605
4959.684
4902.462
4801.926
4895.600
5901.705
5892.874
5566.379
5204.315
4419.527
3636.203
3091.732
2785.364
2655.386
2581.693
2680.712
2870.759
2963.369
3393.412
3922.336
4247.922
4479.195
4607.829
4473.105
4237.422
4093.508
4009.449
3873.191
4069.961
5213.379
5334.128
5080.866
4685.595
4092.064
3472.349
3193.126
2957.262
2712.024
2465.891
2468.730
2424.759
2312.790
2598.204
2983.195
3260.935
3395.949
3550.883
3506.330
3414.220
3279.482
3181.604
3080.575
3408.056
4678.609
4834.652
4660.459
4290.383
3604.700
2960.099
2787.042
2606.497
2371.776
2392.854
2571.672
2917.069
3183.546
3792.547
4355.089
4720.029
4933.777
5115.217
4943.916
4763.292
4803.204
4758.580
4630.553
4612.775
5588.691
5634.731
5323.748
4859.870
4007.943
3196.453
2912.152
2635.192
2508.255
2464.756
2583.185
2857.409
3122.525
3649.803
4075.648
4286.856
4583.349
4795.196
4627.594
4554.173
4586.454
4497.066
4323.427
4397.582
5402.234
5539.373
5266.671
4794.397
3858.545
3212.234
2835.649
2515.810
2313.377
2341.793
2533.742
2774.791
2973.764
3544.680
4130.892
4491.169
4732.668
4885.750
4791.723
4860.011
4884.771
4756.292
4660.529
4578.721
5624.734
5674.565
5417.742
4966.841
4090.917
3253.578
2620.130
2258.723
2038.721
1912.306
1974.605
2140.675
2259.034
2723.883
3236.250
3528.408
3708.318
3732.207
3557.438
3263.657
2902.097
2710.622
2563.187
2749.239
4118.180
4261.185
3848.287
3412.452
2964.303
2529.399
2317.174
2159.588
1927.976
1802.255
1713.080
1685.061
1625.324
1644.193
1667.653
1719.923
1967.467
2166.652
2225.034
2153.880
2005.346
1873.725
1829.646
1974.541
3247.979
3501.623
3252.509
2887.086
2398.948
1961.067
1700.636
1562.247
1468.923
1425.938
1412.415
1508.031
1439.398
1835.446
2378.688
2780.498
2986.577
3159.045
3183.145
3081.057
2990.398
2858.806
2756.419
2981.490
4202.566
4419.357
4182.633
3807.029
3199.614
2578.108
2148.166
1900.558
1775.288
1713.552
1692.786
1717.892
1550.145
1784.384
2157.517
2463.710
2691.850
2846.485
2849.710
2800.957
2644.623
2538.588
2433.511
2553.522
3847.644
4164.356
3977.436
3502.245
2877.157
2284.416
2241.147
2133.531
2042.577
2049.430
2092.719
2282.641
2445.201
2908.168
3372.353
3698.272
3990.783
4269.050
4238.248
4212.005
4296.789
4191.417
3981.175
4014.779
5181.447
5358.924
5018.653
4460.829
3621.836
2927.709
2933.468
2700.367
2450.031
2372.695
2492.445
2587.526
2566.492
2871.499
3458.760
3725.634
4022.167
4160.130
4040.017
4054.366
4032.464
3971.059
3838.274
3830.604
5005.937
5237.932
4906.392
4376.610
3635.828
3087.968
2659.032
2416.397
2305.275
2268.005
2395.447
2582.472
2595.433
2993.133
3465.480
3792.601
4090.154
4181.921
3891.285
3775.169
3802.404
3732.108
3579.101
3625.060
4812.244
4943.379
4683.549
4202.702
3463.681
2847.263
2454.692
2162.264
1939.441
1849.104
1917.660
2102.742
2050.020
2320.124
2812.604
3000.341
3184.390
3265.297
3179.427
3029.657
2778.617
2665.940
2628.682
2717.223
3997.343
4253.858
3908.577
3431.864
3018.882
2685.124
0
0
0
0
0
0
0
0
0
0
0
0
0
0
0
0
0
0
0
0
0
0
0
0