4224.64603
3916.76549
3649.41612
3727.94469
3584.2136
3396.69125
2861.64135
2884.16728
3071.5482
3296.41943
3414.74642
3466.96791
3491.57722
3311.11015
3381.84191
3301.57508
3217.10535
3259.70118
4228.90376
4575.99987
4347.70063
4114.80031
3723.55686
3460.87129
3246.6839
3133.67778
3017.84374
2934.01361
3057.76272
3130.4936
3269.44831
3788.06773
4217.87876
4530.24633
4795.5761
4930.48137
4876.48894
4833.89357
4882.53386
4907.44477
4847.57661
4867.83733
5653.3176
5840.53637
5542.32308
5218.81545
4708.96781
4377.46661
4101.69542
4004.8285
3826.22993
3735.11076
3812.46957
3855.84471
3873.39777
4289.74096
4893.71354
5240.01739
5613.23512
5728.59462
5629.39473
5545.95816
5573.59727
5531.73462
5381.40289
5336.04277
6060.62509
6200.72903
6001.3158
5699.75137
5031.17787
4532.53494
4156.77919
3891.89698
3703.32859
3550.84983
3585.51455
3701.22758
3615.67219
3991.28258
4558.42224
4917.16075
5186.85858
5429.75086
5378.31491
5273.91264
5070.27392
4984.12544
4889.61979
4914.14355
5848.87539
6166.60744
5913.65137
5591.14735
5048.44141
4488.4237
3908.54967
3520.82793
3241.06111
3183.7433
3157.95007
3182.91089
2881.60929
3069.48564
3494.05632
3907.77202
4164.78207
4295.33537
4260.75731
4133.8218
3994.00625
3922.07535
3835.01543
3991.50795
4955.92377
5233.25826
5080.94651
4827.82831
4275.19915
3775.85177
3421.30475
3081.75421
2791.3856
2751.59179
2788.87156
2922.22821
2821.03137
3014.36121
3645.3528
3988.58367
4309.01212
4534.66935
4587.54937
4521.02081
4333.66413
4219.82316
4142.518
4455.48704
5316.6311
5561.87685
5268.95409
4800.65904
4390.22628
3865.98885
3561.11521
3301.11239
3088.09878
3173.16945
3251.97146
3445.31526
3663.80748
4037.25144
4603.02513
4903.85386
5144.56833
5365.11752
5652.57234
5695.76749
5766.785
5681.95657
5441.24795
5299.67719
6019.24522
6053.04875
5649.50592
5195.03327
4473.90587
3887.2733
3561.00554
3534.83267
3466.78987
3493.98646
3506.07277
3494.31112
3563.23058
4006.00111
4508.7867
4791.45439
5092.89368
5308.31136
5216.2458
5171.05718
5293.49523
5336.14874
5245.19251
5192.2209
6085.95255
6139.10863
5798.4448
5063.65816
4284.44875
3661.44123
3235.1968
3218.69174
3141.71331
3226.64242
3186.89298
3470.59165
3679.32367
4179.6483
4762.52973
5086.69646
5405.74811
5592.89401
5432.07575
5458.53961
5551.70907
5500.31552
5200.63725
5100.62844
5992.49657
6175.78171
5868.17763
5232.47146
4512.45112
3977.12943
3994.06079
3951.44245
3818.08164
3675.58177
3592.86384
3920.95328
4083.92873
4643.97384
5249.35251
5462.5406
5636.74804
5931.1878
5736.74287
5684.83268
5673.4855
5667.35543
5560.47391
5436.92528
6151.0429
6244.70995
5941.22659
5382.83073
4719.29418
4098.62554
4068.96755
3976.96966
3879.85718
3823.42722
3884.80021
3900.58223
3937.31942
4301.29979
4622.84704
4924.44793
5201.83708
5343.77132
5245.76954
4950.8624
4779.80237
4672.87928
4693.77802
4815.34968
5711.39937
5896.90926
5618.90708
5078.85877
4572.73116
4315.69655
4315.76606
4069.85928
3880.18176
3811.20728
3816.77504
3887.23003
3660.02322
3834.2767
4104.5664
4325.87377
4546.8515
4741.02785
4862.71899
4927.47061
4785.62574
4663.44775
4627.96153
4635.65185
5499.51151
5835.56614
5727.56713
5217.39857
4905.77584
4440.3418
4070.66203
3769.78938
3616.87111
3525.30376
3651.15989
4047.11551
4162.84934
4542.40445
5264.06492
5605.36411
5980.05096
6346.74854
6220.1036
6172.16561
6266.73019
6166.13663
5929.46473
5699.33108
6327.22731
6487.95844
6260.46274
5773.00953
5239.27456
4608.82446
4634.27415
4287.6682
4109.20823
4043.04293
4233.07673
4691.09471
5006.26773
5320.52317
5648.56067
6099.27722
6458.60104
6786.68634
6604.19234
6445.17657
6576.91657
6586.5772
6438.38871
6125.26441
6531.08166
6478.95768
6337.75942
5915.47245
5417.28946
4730.51786
4229.56357
4013.60367
3890.39554
3791.7017
3945.92543
4316.256
4538.03572
4873.46198
5337.93565
5668.59647
5961.88907
6105.66089
5924.13755
5884.57933
6041.8142
6006.9347
5849.06474
5698.8518
6327.51652
6487.82722
6244.48155
5799.41845
5149.31587
4586.68389
4603.96344
4433.25286
4253.67017
4164.55944
4341.15078
4841.91936
5113.92202
5329.79484
5800.69831
5949.2551
6065.27056
6308.63609
6127.45644
5991.19826
6117.68596
5962.17416
5924.7574
5810.39694
6504.11686
6693.26442
6348.45148
5775.93242
5120.44711
4723.03024
4297.66905
3992.09731
3809.8107
3851.96735
4077.707
4524.26487
4659.56962
4846.06079
5364.7374
5634.44629
5963.1862
6154.60392
6017.12938
5955.56512
6119.84548
6151.09838
6070.15405
5821.54534
6323.08396
6561.43507
6222.00649
5890.47335
5326.55908
4868.71887
4717.27003
4514.60431
4155.75077
4064.93875
4113.4528
4318.0442
4380.14359
4700.91308
5036.82391
5444.90058
5867.63873
6094.03646
5996.86289
5714.60579
5545.39252
5269.13
5154.48646
5140.38033
5976.46245
6183.97711
5845.78281
5325.43096
4751.52718
4322.70805
4231.53618
4012.22229
3765.83119
3612.00968
3568.04069
3600.25038
3392.86927
3606.42477
4157.76155
4372.65041
4510.21294
4628.22823
4691.34521
4614.02305
4463.69137
4351.9481
4249.74468
4280.39652
5307.49314
5718.98355
5605.51923
5217.26719
4654.33265
4175.3555
3796.71358
3606.12391
3536.02513
3457.52772
3469.72505
3935.66833
4322.42807
4753.84502
5339.42789
5639.83231
5891.04318
6151.90201
6117.4258
6113.94012
6279.34268
6253.53055
6089.06439
5864.72995
6491.2185
6827.33605
6532.73418
5981.7713
5169.05203
4367.28294
3893.6719
3672.25227
3519.89905
3607.04348
3831.37586
4499.95545
4809.12557
5240.73455
5819.55218
6094.14172
6256.18379
6491.66993
6249.30675
6211.43202
6355.12532
6340.40847
6161.66341
5883.14164
6644.74721
6860.69236
6504.06869
5937.7833
5196.2808
4502.55081
3966.71138
3729.41598
3565.43603
3567.11738
3797.86134
4296.00657
4548.24047
4997.59596
5461.00562
5744.10887
6049.49196
6238.61714
6049.81858
5996.4644
6135.09226
6104.82675
6006.00277
5892.99827
6511.34556
6698.62553
6375.56243
5792.16499
5000.64234
4364.97435
4281.61589
4172.1575
4126.7685
4084.36787
4127.04494
4608.44099
4914.0078
5277.51446
5812.18977
5972.85211
6421.81392
6716.64763
6552.36973
6436.42726
6615.1361
6547.85086
6403.14375
6216.68723
6778.34562
7075.77371
6832.67271
6343.39712
5391.71483
4770.57194
4578.1631
4347.69646
4120.19075
4025.67502
4237.49167
4847.07935
4892.53732
5088.86076
5452.8314
5761.72575
5978.66719
6148.14601
5989.89275
5957.02107
6117.7745
6155.89228
6123.12821
5961.76634
6600.87161
6929.61613
6661.05243
6166.61645
5616.94687
5181.29147
4864.0929
4642.83327
4487.71189
4357.3631
4383.88826
4558.81995
4624.77518
4848.98748
5235.52711
5575.17317
5798.89725
5870.17906
5647.36194
5412.274
5237.22593
5178.8303
5048.3398
5102.65185
5915.29754
6127.28364
5860.07288
5370.18539
5037.58167
4785.33128
4218.8877
3792.61054
3583.21759
3589.08845
3536.4228
3453.98507
3289.05156
3422.94768
3599.34419
3926.91092
4205.52765
4407.51291
4422.76673
4281.84487
4032.5558
3842.37235
3669.35249
3653.84602
5010.24211
5588.1164
5490.1389
5104.40646
4580.11576
4267.82858
3954.54183
3689.25957
3663.93692
3560.43922
3759.46299
4447.62399
4694.79442
5086.47682
5649.32124
6028.08518
6358.86975
6610.75057
6327.46881
6264.8656
6503.53534
6640.61152
6577.06408
6390.72424
6895.22266
6985.4153
6679.19839
6124.27737
5334.12198
4605.04103
4185.06155
3959.64847
3744.99037
3599.27684
3879.87172
4655.48899
4857.32859
5181.65924
5701.03285
6007.4467
6365.54399
6518.66815
6293.47702
6270.86861
6440.68622
6437.69799
6252.03914
6120.43455
6766.39127
6947.07308
6623.90732
6098.97206
5358.32775
4634.59543
4319.447
4294.69333
4302.973
4105.77283
4145.96664
4765.50506
5061.7519
5321.31795
5697.64744
5895.24902
6422.8296
6678.71093
6399.79355
6360.58686
6474.17673
6471.56245
6339.47511
6042.34036
6723.36756
7035.51033
6754.6643
6105.6995
5350.44504
4641.49088
4029.11465
3674.47453
3473.41463
3342.48309
3520.70653
4149.46367
4455.004
4832.9529
5407.97427
5822.02614
6231.99114
6341.37452
6093.1223
6141.11963
6273.9383
6198.14676
6120.73187
5876.80673
6404.30868
6668.11385
6408.99022
5868.60701
5164.75474
4548.48913
4007.37164
3753.66387
3556.29436
3465.34193
3710.33081
4444.9667
4725.40656
5055.39957
5598.79659
5820.16588
6070.11649
6083.03485
5836.74716
5805.43589
5948.68832
6004.80942
5867.42573
5550.7551
6182.66238
6512.95949
6208.26546
5796.96778
5163.44126
4537.06784
4249.5736
3967.41696
3765.40208
3621.16148
3655.11132
3867.86444
3932.77189
4421.35037
5114.97156
5594.39725
5978.19483
6175.19737
6082.95663
5895.01769
5724.55166
5545.72147
5330.58423
5266.04003
6305.11934
6716.53425
6352.00474
5858.96591
5113.54682
4544.99898
3945.20212
3616.75526
3464.76644
3329.90355
3306.72382
3348.71668
3166.61875
3351.10976
3816.77656
4199.72155
4477.35796
4731.25626
4879.40207
4870.60955
4734.22789
4669.32815
4557.01731
4527.09313
5414.02509
5911.0224
5833.07111
5311.24446
4578.76677
4018.04629
3755.64418
3596.02834
3590.35204
3570.25305
3588.30885
4269.04954
4486.12954
4813.12091
5359.99973
5683.39549
5969.08778
6203.83886
6039.60103
6029.81255
6187.27623
6214.38649
6063.19641
5863.76303
6478.14745
6766.46932
6522.58248
5937.04418
4988.34197
4022.669
3637.52261
3435.89691
3321.98764
3283.25014
3489.9895
4232.15916
4445.55799
4718.13552
5302.35367
5613.84086
5892.25972
6125.9097
5964.10132
5913.16049
6086.30699
6049.37018
5948.15517
5780.41573
6425.89967
6713.28689
6390.82253
5885.21507
5039.21731
4192.54926
3636.73509
3375.59936
3226.79878
3169.95587
3422.11541
4131.09589
4312.36779
4660.59577
5225.48545
5527.90479
5877.65992
6133.88542
5878.76559
5857.08793
5998.06288
5948.95862
5770.58117
5603.62208
6299.81435
6574.30954
6243.67127
5790.46483
4826.17076
4035.872
3582.68331
3423.70812
3257.98259
3202.63593
3459.33111
4214.40191
4435.32956
4726.48997
5330.95334
5742.43952
6053.81611
6211.50372
5984.54249
5991.47492
6132.81471
6033.85799
5897.04673
5666.36203
6320.4368
6665.05875
6304.64612
5740.78056
4756.08017
3890.04587
3415.29012
3230.0133
3203.41222
3158.97449
3391.78363
4196.71831
4438.27118
4861.31084
5334.04203
5671.12152
6047.93484
6250.88453
5972.11785
5933.29633
6145.70663
6176.05655
6118.71447
5878.35117
6294.75892
6589.22155
6423.45371
5978.56647
5270.28247
4710.49919
4110.09075
3775.26858
3508.53326
3380.46175
3464.86525
3695.86542
3871.66696
4272.35455
4885.00999
5345.63369
5714.17389
5937.58506
5810.75748
5614.61778
5457.60253
5339.40372
5107.94776
5035.51563
5893.01928
6283.76248
5939.21446
5465.45133
4786.33175
4135.10363
3754.0884
3385.63544
3119.37987
3019.54836
3006.04278
3066.37257
2913.97934
3192.40018
3586.04933
4122.33131
4565.45947
4765.29177
4909.50742
4801.24371
4639.34483
4540.99555
4458.67577
4475.0396
5403.71544
5985.8
5917.83847
5488.83676
4965.68529
4224.12441
3741.24465
3473.94951
3259.4009
3217.65279
3463.54889
4262.02637
4514.87563
4841.15973
5474.56625
5827.67623
6232.61594
6474.47434
6184.53648
6204.78867
6366.65068
6379.11485
6189.24867
5918.7131
6526.98944
6937.79175
6678.29917
6043.48445
5126.40773
4382.24315
3967.33316
3732.56814
3698.95227
3705.84086
3838.88511
4517.62861
4646.5843
4812.5018
5389.02324
5507.18768
5818.88341
6003.23233
5862.57347
5974.13339
6145.44832
6140.5156
6018.59876
5817.49131
6503.84065
6846.27713
6534.67417
5937.33959
4990.25953
4294.1271
3752.75644
3533.94512
3438.08408
3425.57785
3687.82178
4496.34782
4658.33367
4841.60038
5279.94074
5532.45845
5895.51198
6032.71645
5746.92353
5708.34898
5901.28829
5888.58133
5863.00726
5736.46143
6409.48037
6845.53085
6543.87836
5903.97582
4985.81295
4122.56246
3721.30042
3535.89687
3419.9372
3488.30108
3568.12684
4288.14057
4571.34058
4862.41354
5349.95926
5636.03387
5947.60876
6119.88987
5894.1366
5882.81044
5961.70488
6009.31098
5843.65158
5657.6944
6399.52134
6733.86403
6406.1665
5703.25904
4760.45573
3904.29647
3618.75089
3473.95234
3379.77984
3366.60352
3626.01029
4342.92353
4569.63436
4850.16893
5286.97353
5550.51643
5964.32229
6179.70818
5878.84963
5891.71932
6024.59928
6011.55917
5783.90758
5575.52895
6294.98923
6653.85786
6317.57399
5704.77947
4831.29834
4181.08609
3879.62792
3584.695
3480.95237
3514.05141
3592.84361
3790.69787
3965.22081
4375.65309
4911.31255
5362.84839
5726.64002
6034.5701
5978.31081
5701.73793
5396.03006
5203.28156
5016.54834
4943.88424
5807.75423
6246.86993
5950.8566
5358.00791
4578.1102
4032.35592
3654.88407
3395.02755
3255.77728
3152.88999
3138.24801
3195.50978
3065.55392
3320.44042
3643.65802
3931.3422
4217.42038
4404.80493
4484.40987
4412.30607
4262.17851
4143.84073
4099.39917
4214.62321
5113.26768
5574.0507
5471.95678
4869.85562
4273.40172
3664.97956
3688.33114
3574.81038
3449.14073
3440.7535
3719.66601
4287.20616
4532.36961
4793.6554
5279.99949
5558.43254
6007.17509
6377.97401
6066.68457
6093.27666
6339.60819
6320.07618
6169.41086
5924.9333
6473.1036
6718.73585
6463.10968
5842.94474
4789.65551
4198.63243
3794.27642
3484.87979
3367.2715
3309.36643
3586.71987
4360.5513
4516.31404
4775.38737
5184.26608
5442.31754
5760.50833
5964.0357
5814.71877
5932.61253
6194.9665
6103.29638
5920.78104
5782.13345
6552.58846
7085.03733
6811.11324
6104.15025
5185.82861
4379.93609
3846.70082
3632.54645
3390.28457
3226.51541
3447.30137
4251.23493
4397.57358
4568.72649
5057.34443
5301.40111
5586.07497
5751.31541
5573.2388
5587.25779
5717.63773
5789.50748
5820.99691
5561.28806
6229.66477
6583.70847
6311.34156
5638.36681
4748.45516
3971.05508
3596.93411
3389.34086
3310.46374
3281.06652
3554.68004
4270.2004
4410.1397
4702.76157
5171.07446
5530.6021
5860.32257
6041.1187
5800.10421
5750.70222
5981.14574
6072.892
5903.83147
5520.39851
6254.81907
6612.37753
6379.6796
5752.3411
4792.09056
4080.30557
3734.78387
3627.2892
3536.30115
3476.24908
3659.39106
4222.44197
4473.02886
4877.5359
5281.2154
5617.26185
5985.15292
6261.73098
6080.6508
6063.48587
6168.18617
6199.01537
5902.57633
5496.0167
6267.3165
6546.41715
6200.94489
5529.51307
4774.66874
4062.29415
4022.52572
4088.32352
3990.24001
3956.28254
3943.43062
4054.68922
4197.79675
4706.74982
5398.88525
5806.87878
6249.80686
6472.82103
6337.32287
6132.49688
5899.19856
5678.44669
5521.58493
5487.27814
6229.12012
6577.74169
6318.82947
5763.14654
4891.96869
4203.9574
3922.04993
3669.28901
3372.99183
3176.1258
3233.03516
3263.62717
3315.88594
3729.68502
4087.14905
4217.61991
4461.40764
4665.36213
4705.60077
4638.26519
4480.31533
4428.39084
4287.35658
4332.05204
5278.60292
5856.49198
5654.99622
5167.16279
4685.7942
4152.95046
4148.71349
3865.68408
3735.17901
3783.26667
4128.52984
4925.49906
5195.41532
5464.55084
6045.17724
6291.80354
6764.97403
7026.55474
6768.99402
6835.65263
6948.46501
6769.05021
6628.33682
6256.87602
6933.52568
7420.70178
7122.66184
6407.72806
5543.41678
4845.65393
4434.96014
4116.46951
4063.13866
4084.08767
4137.97338
4787.84206
5098.89471
5347.56117
5759.40844
6025.72466
6062.30444
6327.62852
6051.40511
5942.0113
6119.26321
6226.9278
6205.73782
5935.98121
6486.16114
7030.80703
6936.39364
6499.19655
5456.16672
4361.9056
4184.60113
4040.33101
3924.19334
3904.07986
4045.4843
4429.54554
4595.50633
4786.35733
5220.26034
5606.45002
5943.68909
6128.5967
5975.81962
6001.10919
6067.62277
6177.93042
6023.59515
5766.97652
6571.98717
6992.53625
6645.46319
6026.36833
5127.99391
4531.5919
4048.03714
3950.22751
3952.86386
3802.20028
3972.1652
4542.86372
4772.96997
4927.91786
5355.81183
5548.95753
5832.63748
6176.52386
5925.38716
5836.07314
6008.58155
6004.55596
5972.0565
5937.70788
6600.77652
6823.34864
6449.94926
5799.55772
4993.22859
4159.93714
3718.35282
3524.47389
3442.84862
3452.37972
3731.44723
4527.42545
4757.44317
4999.29482
5387.84473
5639.31911
5979.29241
6188.33138
5988.62863
6016.08895
6258.75832
6293.62207
6106.80991
5901.37813
6505.37062
6652.53747
6393.29537
5866.45726
5198.28369
4567.55629
4444.43468
4429.87413
4289.54199
4174.63766
4218.50302
4424.76628
4525.57332
4578.13333
4886.93979
5140.40029
5415.53385
5571.69777
5527.20283
5306.00284
5103.75139
4905.90973
4731.91406
4761.57384
5601.24725
5937.50858
5673.35196
5183.9857
4817.81325
4366.83281
4096.7906
4016.93442
4001.62067
3906.647
3840.25724
3889.4585
3689.97994
3925.54577
4385.68525
4662.52969
4620.76363
4723.94788
4713.17723
4492.16814
4320.24833
4212.86207
4071.98636
4241.25788
5024.11873
5569.87262
5536.25043
5379.0565
4984.21563
4414.23025
4064.71961
3819.98274
3644.80587
3618.73172
3839.48264
4570.75948
4842.15671
4824.53911
5023.92527
5297.61875
5527.39721
5700.919
5423.78889
5378.66383
5531.69838
5626.68192
5597.73696
5598.45566
6157.73096
6420.76384
6139.45535
5522.55215
4674.393
4209.41059
4047.24153
3925.56282
3838.95305
3855.67402
3948.1725
4556.6887
4656.72129
4777.95489
5038.04359
5238.63219
5549.79108
5806.99784
5637.41391
5628.69237
5736.68976
5753.18638
5643.82532
5492.87957
6233.97836
6595.23021
6320.66516
5715.60522
4898.9981
4300.89123
4087.40647
3899.34562
3879.4413
3873.81571
4137.17645
4736.4576
4968.23751
5274.07984
5567.73473
5637.42054
5966.47254
6148.98527
5982.54666
6049.29008
6064.81829
6001.48892
5871.74709
5765.9134
6403.13805
6712.03059
6422.36159
5835.6348
5041.13984
4594.05145
4302.91036
4187.86939
4086.46528
4080.79013
4232.91863
4776.24962
5087.75484
5393.5671
5660.85363
5577.03296
5861.056
6168.55006
5926.24141
5955.21554
6046.38501
6032.97873
5881.80344
5839.5823
6490.39085
6811.56136
6472.04965
5798.6822
5401.48234
4844.33865
4560.30456
4433.43155
4203.96573
4128.19971
4295.41375
4856.24116
4946.35382
5118.9709
5491.25519
5644.99523
5877.89761
6181.28829
6011.45666
5961.57448
6117.50642
6100.56969
5958.10422
5921.16158
6768.44926
6901.08163
6460.50459
5939.14203
5262.22322
5019.42829
4684.95546
4486.56269
4285.23569
4117.05656
4268.57247
4670.51858
4945.32329
5263.92002
5868.13024
6208.08291
6378.87292
6391.82834
6443.20383
6342.51636
6149.86721
6015.376
5798.8373
5863.60898
6521.5335
6625.51304
6415.17369
5998.74547
5454.53587
4900.32022
4609.98928
4295.04696
3995.61581
3920.16465
3914.79656
3936.92703
3857.4109
4081.40789
4417.77075
4602.11712
4713.72453
4802.87299
4687.0147
4505.13206
4452.44128
4431.98477
4666.08026
4810.18958
5618.48704
5930.639
5824.79062
5337.69804
4745.07339
4374.49059
4063.44448
3777.66591
3642.2676
3709.70118
4029.7398
4755.08878
5030.19801
5281.25751
5704.55166
6033.06428
6375.12372
6605.41062
6526.79493
6539.07646
6610.80889
6440.22575
6359.11918
6261.94275
7055.02076
7254.53106
6981.18525
6270.56521
5253.65485
4694.73805
4444.40375
4362.8927
4273.00098
4198.15903
4525.9626
5333.93871
5572.21064
5827.76623
6068.32312
6070.41171
6278.89075
6419.36775
6375.15148
6392.07614
6358.88408
6321.07182
6277.63954
6244.62093
6621.76624
6957.04496
6697.88034
6080.32337
5477.41554
4776.0715
4459.13723
4278.74514
4163.0256
4171.59127
4464.48895
5184.82142
5418.78807
5690.52122
5805.31359
5954.57884
6242.62416
6454.67025
6197.02984
6233.68597
6441.14701
6336.35711
6270.83298
6224.43549
6766.24995
7055.40415
6713.46276
6048.18266
5392.64623
4728.55074
4334.43013
4157.17575
4009.89591
3950.9836
4170.59451
4928.13566
5123.10548
5333.02684
5707.94648
5938.70352
6287.94091
6423.18801
6140.24428
6134.19689
6214.68461
6190.13414
6157.64083
6083.46669
6834.10985
7008.4101
6743.18899
6091.93026
5290.05944
4812.48607
4293.27497
4077.4921
3962.49037
3953.97847
4205.74983
4885.75545
5042.1526
5308.54992
5717.71375
6076.66968
6278.56225
6539.02878
6403.80993
6368.99793
6510.49241
6550.81347
6567.79809
6522.42312
7179.65466
7506.91279
7203.58109
6567.36129
5673.00353
5046.77049
4561.4567
4280.26471
4118.15163
4017.09077
4106.94863
4220.34972
4242.38269
4723.75338
5238.31006
5506.98056
5817.63494
5649.24535
5481.1469
5251.92492
5250.04397
5344.49911
5276.69709
5294.8262
6202.59885
6466.6127
6095.3461
5430.39681
4748.54207
4300.61076
4276.17937
4247.30832
4075.8269
3947.9951
3933.10287
3990.36037
3853.56779
4153.75435
4424.25775
4595.34705
4856.07134
5067.00474
5090.51473
5000.37355
4880.31653
4790.63065
4606.45999
4716.64388
5693.73965
6224.95754
6125.67934
5590.12255
5015.83105
4388.44504
4244.78472
4199.1298
4057.63752
4015.94343
4255.47645
4988.89335
5136.1189
5435.30445
5870.60691
6310.75888
6809.28179
7082.77753
6938.11209
6917.96995
6973.0234
6984.75027
6894.68555
6687.35448
7257.60176
7499.63968
7279.6829
6665.56867
5767.11789
5086.13782
4739.26923
4549.56241
4426.74608
4391.03867
4508.54635
5053.34204
5139.80951
5427.18229
5861.67923
6189.34075
6591.69176
6849.37744
6610.47278
6554.21256
6690.00111
6657.8078
6490.11514
6251.33014
6878.95816
7366.01299
7256.60045
6756.9045
5724.26294
5046.99286
4637.27937
4452.00702
4331.03818
4258.84209
4495.08365
5052.94001
5132.59496
5407.77711
5893.65496
6217.81133
6421.27674
6453.5438
6363.88379
6451.64858
6548.63108
6457.94729
6515.19961
6433.878
6829.25309
6988.53357
6903.00903
6524.62658
5595.82803
4867.69511
4676.69709
4444.97553
4246.96026
4177.27571
4345.26722
4943.75855
5238.08134
5504.34485
5834.48206
6076.93611
6302.49719
6521.22773
6295.13114
6367.42378
6536.51543
6525.74203
6468.00783
6452.18752
7174.38052
7349.41085
7221.01441
6758.36766
5951.82037
5126.16185
4720.96532
4540.25923
4444.41996
4407.30296
4637.90442
5300.65542
5445.03012
5733.40429
6135.63226
6348.10051
6716.57261
6988.88997
6776.02224
6723.73792
6885.87311
6924.0299
6853.95324
6521.5598
7021.69677
7367.62103
7164.44575
6752.80461
6074.71144
5498.33627
4956.19629
4657.71952
4469.44012
4275.22775
4454.55176
4767.14457
4933.77229
5242.66125
5600.38599
5889.99729
6109.67953
6291.2599
6140.89941
5981.3597
5868.24775
5739.40883
5821.04641
5740.18602
6572.77871
6882.04826
6714.94416
6002.61597
5474.70896
5291.42004
4888.43784
4494.35598
4263.69525
4129.24612
4144.65233
4083.59706
3890.57007
4139.85159
4614.60273
4872.68429
5026.59418
5070.2972
5104.60099
5058.60797
5103.49526
5222.0226
5174.69661
5078.98036
5610.97786
6014.53591
5862.46567
5750.89197
5149.04228
4640.83531
4187.08978
3956.96974
3801.71318
3708.23999
3729.37723
3713.14342
3616.69912
3873.50685
4280.95629
4637.43545
4951.41162
5184.42912
5303.4505
5201.24305
4921.36118
4700.03679
4581.11928
4644.16507
5664.67131
5969.28895
5847.97614
5310.85503
4606.93863
4117.18033
3858.79816
3776.28627
3722.83212
3776.11581
4046.66512
4699.57575
4795.26795
5176.16226
5615.00234
5854.81138
6054.33579
6069.03871
5959.55469
6018.91254
6094.36261
6073.12823
6042.11326
6064.35668
6562.34209
6895.97963
6827.69336
6216.85027
5471.16335
4848.05576
4533.28683
4363.92953
4310.47714
4326.08679
4536.52358
5185.13876
5384.8609
5555.90924
5821.26468
5830.98936
6120.77395
6371.43339
6153.03064
6061.14447
6199.89899
6176.51944
6073.62296
6124.39723
6733.56246
6906.49417
6598.53475
6082.32626
5405.38307
4730.61819
4392.64868
4245.0849
4078.08999
4068.59242
4352.81629
5109.50601
5164.95349
5517.94371
5927.66797
6184.01378
6391.43725
6453.30847
6343.43727
6351.06797
6424.22733
6391.15112
6315.57548
6189.24415
6766.74032
7007.01754
6720.23234
6252.11825
5621.85498
5007.91123
4566.78003
4300.76094
4140.88616
4121.04885
4405.28726
4969.11755
5005.14639
5301.17261
5736.86734
5958.59256
6036.86256
6167.83071
5991.97926
6053.93209
6192.05526
6078.04256
5902.9378
5692.5059
6365.03477
6721.30481
6426.78595
5877.91533
5143.25077
4605.97901
4204.22933
3941.51783
3802.49398
3725.43168
3837.05895
4022.4829
4156.71032
4635.53996
5235.00167
5619.62796
5929.82464
6032.80747
5978.20805
5771.97757
5616.48777
5494.42891
5285.11061
5227.08366
6045.4555
6354.43814
6070.6473
5569.02824
4907.57569
4348.13537
3903.63501
3669.0123
3657.20379
3695.27154
3741.5839
3533.92707
3436.87998
3651.66947
4034.13388
4310.2235
4501.36325
4680.5845
4760.96134
4639.80769
4431.66804
4306.59597
4197.02897
4246.51429
5053.91198
5476.56978
5370.35949
5050.18486
4615.36431
3974.65659
3958.24189
3837.15214
3723.40878
3681.76985
3940.82465
4580.59771
4709.41519
4990.28633
5558.98863
5781.31399
5870.26226
5918.74062
5833.66847
5807.95889
5929.96031
5868.4804
5719.7753
5648.42239
6354.14878
6786.32979
6521.21407
5980.96785
5271.47073
4463.13509
4145.38106
4084.93486
3955.73518
3930.9592
4185.81601
4852.7191
4950.21117
5185.58248
5595.84062
5768.19565
5954.77325
6130.81025
5883.29866
5891.7995
6091.58712
6089.14859
5954.53465
5814.0175
6520.3215
6904.29095
6737.88134
6104.85176
5411.42034
4606.57878
4174.94797
3909.49671
3692.04625
3571.0005
3826.00479
4388.70792
4421.37906
4708.34117
5251.91581
5671.16918
5899.93905
6195.42247
5967.36251
5945.67587
6106.74044
6146.80171
6012.18913
5816.38929
6463.84625
6789.56249
6527.87307
5982.54531
5106.86915
4334.82459
3774.72009
3571.23989
3547.02082
3564.89285
3698.00827
4322.74693
4446.52797
4754.22349
5263.31229
5437.30691
5772.25721
5976.60368
5595.33688
5581.90576
5716.77404
5681.79577
5457.43015
5237.75602
5901.32191
6158.64644
5779.46904
5238.1461
4317.80869
3660.59134
3404.18967
3218.27954
2970.82548
3134.5511
3401.68563
3936.6282
3991.30346
4315.40285
4873.37457
5235.05667
5524.76584
5639.65326
5307.20294
5193.60236
5373.88954
5325.35408
5068.59608
4862.9103
5558.83394
5752.86989
5396.17981
4827.1774
4027.743
3449.30841
3140.83882
2928.79131
2841.046
2800.63101
2968.178
3195.2105
3325.19055
3849.61925
4174.25668
4584.56539
4973.29794
5216.20033
5201.12677
5032.653
4872.25859
4789.63111
4446.1395
4419.47196
5355.46156
5572.09865
5226.51778
4820.622
4261.01523
3708.67376
3491.80299
3362.2335
3197.53957
3148.93577
3124.99367
3059.45306
2877.46011
3276.03905
3459.64708
3525.7099
3729.77842
3896.39719
3958.52782
3900.46821
3759.52728
3768.37175
3730.8827
3727.96399
4600.04384
5056.0565
4960.56638
4523.94766
3901.0943
3357.55124
3426.52361
3337.67032
3193.69059
3241.91044
3352.11931
3929.63161
4011.72542
4313.83825
4776.99136
5040.11374
5450.9813
5778.325
5505.98385
5430.18682
5639.48681
5950.60769
5977.50355
5806.86524
6548.33586
6869.5232
6472.01456
5789.17868
4956.45839
4259.10933
3960.14343
3774.19676
3572.34985
3489.41731
3733.41268
4397.00335
4532.1146
4963.92145
5225.4072
5418.49034
5771.71487
6008.74466
5701.30823
5686.92945
5767.00627
5802.14109
5624.50075
5517.54779
6272.81981
6561.01593
6317.2749
5743.05195
4815.56693
3878.47955
3679.71227
3500.77657
3344.28604
3369.07489
3671.66001
4336.27181
4316.10977
4695.13087
5086.63423
5473.98923
5805.0661
6113.37268
5952.35086
6047.74216
6178.60899
6171.83833
6038.39159
5867.0192
6547.77542
6833.77779
6439.6899
5737.62518
4956.74711
4335.43366
3790.97999
3560.95403
3369.68857
3343.5468
3576.13742
4242.0784
4404.85925
4735.42256
5267.10822
5523.55189
5691.96683
5849.27811
5495.95044
5426.77986
5561.52692
5645.64186
5507.34585
5305.91339
6172.25292
6538.53191
6108.4831
5494.75814
4758.30669
3973.52546
3570.02819
3569.23189
3551.9952
3536.92146
3774.58626
4266.22766
4345.41151
4699.66264
5187.59636
5404.45982
5706.92859
5911.55943
5695.49474
5696.94843
5874.75101
5889.67926
5684.78923
5492.66246
6297.88537
6501.81436
6180.78543
5478.71506
4795.92318
4211.63227
3786.08778
3662.21444
3651.32079
3580.05651
3698.04527
3886.95451
4025.64789
4559.25617
5107.37161
5347.72155
5631.03743
5676.32919
5453.57089
5231.71244
5063.54393
5019.20346
4839.04845
4717.16702
5664.03083
6116.99817
5807.11393
5235.16132
4573.49488
3887.30105
3616.69113
3605.07217
3470.29231
3295.28517
3339.20983
3161.63297
3057.01862
3518.38953
3900.11618
4246.72921
4390.0725
4380.42655
4260.35241
4104.05538
4000.03776
3928.99251
3838.47054
3879.5276
4750.95
5239.76674
5118.11659
4777.99241
4191.76654
3770.05887
3555.4216
3633.60393
3579.65508
3647.5267
3675.33265
3933.62933
4144.438
4752.47142
5440.61962
5859.35544
6103.30691
6183.88836
5960.80162
5758.82718
5904.00658
5802.09611
5632.86208
5412.43068
6146.67721
6361.68525
6050.56448
5414.95565
4684.72836
3919.89912
3499.4403
3572.6646
3513.12279
3445.86515
3591.36625
3798.59182
4003.11624
4502.31786
4938.12825
5234.98513
5440.1582
5791.02445
5616.16726
5493.25977
5532.01269
5462.3719
5320.04051
5216.09468
6034.97659
6188.4636
5800.67172
5139.85435
4407.90596
3602.14312
3325.51324
3379.28627
3341.52145
3248.21916
3389.1704
3651.0771
3816.57322
4384.24695
4885.66542
5048.67378
5212.81898
5441.64368
5402.70158
5247.82829
5177.41797
5024.01216
4812.09442
4738.79935
5630.11659
5891.08365
5552.49013
4891.28127
4401.14211
3706.38839
3363.46582
3309.17291
3214.92001
3102.73249
3091.39399
3090.42222
3058.30024
3390.2792
3716.48497
3811.39072
3977.88181
3966.68488
4026.3618
3903.58047
3755.21694
3632.30496
3520.01625
3509.66971
4609.11702
5122.12638
4906.45532
4405.22819
3841.14069
3473.79954
3405.97158
3394.05859
3351.5266
3288.63921
3301.62639
3024.81524
2784.61735
3086.75114
3407.31287
3500.37205
3646.89483
3739.31223
3897.80289
3713.15531
3554.56419
3408.62618
3321.66893
3417.30239
4308.08484
4562.28836
4381.33041
4095.08054
3778.33822
3344.11941
3289.30231
3280.95318
3289.59304
3242.0137
3164.53908
3089.86906
3078.29495
3556.94089
4088.4516
4434.75648
4571.57008
4660.20154
4660.08735
4483.51553
4367.14044
4292.73278
4191.60416
4273.26919
5195.39108
5438.19291
5131.79798
4718.75084
4193.5817
3642.80262
3489.11065
3229.50906
3047.9998
3008.96275
2851.85345
2757.00486
2612.61808
2898.55544
3331.55285
3691.99293
3922.87402
4034.72064
4116.34862
4017.94808
3888.76403
3806.12202
3757.21442
4078.46341
5346.8385
5965.1791
5723.68405
5166.21367
4607.45268
3991.24609
3750.13597
3451.57908
3294.86926
3373.60208
3456.46113
3909.99591
3966.30566
4603.74179
5212.12948
5483.01407
5745.93693
6085.01942
5829.63189
5539.96713
5643.0438
5596.67802
5593.59537
5518.39191
6393.51979
6558.82805
6154.04801
5446.26873
4549.7329
3753.1332
3848.82551
3815.00396
3626.99765
3541.31095
3769.27797
4463.75963
4591.86187
4650.92952
5042.32295
5161.50403
5479.81612
5704.94521
5456.21138
5347.26649
5615.41102
5753.08962
5683.47654
5689.20704
6473.24481
6732.10582
6269.56702
5482.29155
4764.86866
4236.46296
3763.32191
3708.14969
3592.39537
3577.8872
3834.65212
4489.46212
4645.44462
4735.131
5140.77879
5470.03948
5933.84386
6157.68688
5904.41016
5957.61142
5946.96085
5928.65355
5803.83331
5723.72096
6525.67314
6718.84273
6311.9767
5563.6436
4853.40103
4164.17517
3530.56035
3598.40205
3537.3725
3527.427
3805.58974
4409.31668
4484.67568
4658.94301
5049.23113
5335.20914
5581.917
5861.52957
5653.24737
5633.96712
5701.93779
5809.58652
5761.49549
5624.5288
6602.68839
7061.45633
6674.39452
5976.30674
5061.00175
4311.42454
3940.98302
3810.08481
3714.84398
3680.65381
3950.53027
4621.15362
4610.15902
4764.09665
5273.47835
5627.6975
5978.1814
6262.81389
6057.40551
5992.97988
6310.11941
6269.39104
6137.08643
5949.12981
6791.71121
7093.64109
6607.0963
5957.81012
5148.5567
4515.66881
4103.43367
4022.9461
3927.49763
3743.64412
3818.74821
3992.46473
4110.56694
4466.72678
4997.11123
5291.2813
5575.20996
5804.6668
5684.11529
5469.77092
5230.48772
5089.90707
4976.26218
5157.18073
6167.4923
6270.44825
6022.77566
5648.45862
4931.68212
4346.71293
3829.12222
3390.1146
3289.656
3420.30888
3412.29726
3405.66471
3189.63471
3354.93704
3736.77995
4055.43892
4289.11584
4493.44389
4499.85019
4342.54754
4014.84934
3716.23598
3537.89131
3569.86164
4711.83958
5253.31252
5135.99101
4851.76668
4254.49671
3589.80807
3491.35171
3322.39556
3166.54363
3140.08502
3380.27391
3980.74633
4368.49402
4639.47014
5136.51358
5606.06709
6002.13597
6285.42881
6132.20476
6168.16215
6354.311
6391.61413
6293.89461
6162.31655
7079.68063
7413.85933
7041.69437
6166.78774
5148.47451
4351.55776
4048.83222
3855.0481
3795.85988
3747.67715
4023.47508
4639.64892
4807.95243
4894.54799
5239.02803
5663.05324
5964.86034
6301.78695
6037.6402
6095.48019
6299.10021
6241.34698
6102.56838
6002.76093
6786.85539
7035.22703
6692.28795
6008.5765
5146.73083
4524.62637
4221.98734
3981.71923
3835.03368
3784.68718
3999.91644
4628.40371
4822.90631
5168.80348
5356.72849
5761.0723
6072.74003
6224.00186
6024.24081
6006.32404
6139.05942
6068.63543
5899.20157
5802.71518
6588.81129
6769.86694
6311.99704
5526.48093
4631.34922
3984.10924
3548.07731
3267.97561
2984.46659
2930.48941
3044.54722
2858.19035
2833.25753
3155.09859
3531.0582
3876.28865
4098.22858
4325.57392
4316.2896
4093.35405
3912.8756
3825.81595
3787.05536
3812.33939
4928.75695
5349.63494
5064.45137
4518.77383
3969.35802
3418.45146
3066.43991
2891.65236
2699.05015
2667.47031
2842.2128
3336.70435
3955.51394
4497.46292
5065.37606
5448.04914
5815.1786
6003.48255
5829.36509
5780.49556
5851.12366
5795.9194
5688.78875
5570.39561
6459.26018
6698.02868
6183.3018
5551.73105
4805.60305
4178.61898
3804.57905
3432.20857
3262.30174
3216.79203
3304.17506
3446.77116
3509.71925
4048.00764
4630.99451
4984.8845
5331.91449
5501.26018
5386.90583
5250.81217
5077.54921
4947.90089
4708.3354
4828.25381
5846.02215
6154.99303
5763.49095
5097.97197
4325.57456
3679.95397
3435.24502
3143.84033
2900.94234
2786.7418
2776.77285
2719.4463
2628.37043
2904.32208
3278.78946
3595.09383
3696.85894
3826.97351
3963.80841
3924.94205
3699.36514
3545.30683
3321.22386
3455.92609
4658.40826
5121.81268
4977.72343
4455.97246
3837.15252
3182.96979
3161.43551
2922.48394
2848.35844
2862.71471
3050.75196
3561.67089
4086.09867
4633.35493
5172.70208
5652.70548
6070.97779
6271.2166
5987.19536
5846.66369
5941.49122
5920.72062
5876.22538
5728.50419
6590.45
6893.87699
6526.16489
5808.45256
4869.44567
4129.53748
3664.87869
3425.73407
3250.0596
3208.05694
3440.11409
4046.73806
4280.79101
4692.61369
5178.2495
5529.17119
5967.6951
6128.59323
5808.47333
5870.81691
6016.02758
5963.47709
5836.69117
5719.49245
6497.65465
6718.58988
6281.46489
5446.88725
4487.20669
3828.99756
3523.26206
3249.46187
3021.69917
3025.12908
3344.4357
3891.10866
4085.69281
4408.72157
4914.42163
5167.44229
5499.21429
5671.6261
5340.2121
5183.41606
5247.78086
5241.68566
5146.65479
4964.19022
5744.72201
6092.07365
5802.11223
5146.77942
4223.69091
3503.96922
3147.5165
2939.1142
2743.80583
2729.83074
3058.54061
3733.3042
4072.23064
4414.27028
4777.11361
5117.23713
5459.72554
5689.07429
5472.47541
5458.86909
5748.43844
5753.67677
5622.99939
5594.86967
6290.84606
6412.89307
5905.8348
5304.22994
4390.98766
3681.90016
3452.99928
3238.50945
3063.06807
3021.63091
3327.88826
3904.69942
4066.25202
4440.05318
4932.40324
5368.75417
5749.01458
5948.43274
5692.15456
5689.08595
5802.75038
5746.99827
5689.39354
5654.22286
6561.74033
6724.38157
6292.0332
5715.9947
5052.27785
4481.64779
4330.61259
4127.29143
4034.71527
4055.9204
4133.89331
4222.77691
4424.38283
4983.25829
5500.70084
5833.27573
6113.90484
6235.33827
6117.13617
5846.25562
5678.60414
5623.87198
5478.23114
5479.00027
6346.34901
6666.17235
6361.61305
5860.42796
5177.39675
4643.32944
4354.96273
4086.02367
3828.44834
3709.24912
3678.06878
3611.61014
3399.45997
3671.44697
4078.38752
4431.15308
4719.90629
4839.18614
4722.15891
4514.23941
4345.40192
4222.98967
4184.27239
4317.52351
5221.52255
5689.64198
5624.71124
5313.72905
4726.7322
4134.73052
3771.32165
3576.61103
3505.03186
3444.78943
3682.66944
4305.99389
4537.18979
4914.87177
5440.99999
5802.26529
6131.93468
6386.82809
6187.18789
6177.29449
6312.9911
6290.15598
6175.81673
5954.06725
6559.59352
6794.00749
6465.05127
5755.58596
4839.83057
4081.02195
3827.61225
3711.72599
3600.56674
3600.84936
3631.09811
4083.00044
4255.00206
4628.91544
5079.16322
5468.35511
5829.5357
6056.3531
5794.88292
5722.58005
5785.16022
5780.77132
5700.47385
5497.24903
6277.54248
6647.18535
6299.45826
5570.12545
4736.80817
4010.66046
3840.02484
3646.22481
3450.48074
3528.93208
3729.26202
4185.92976
4392.29914
4847.71419
5254.24722
5478.51909
5735.91454
6019.58912
5783.90184
5667.70689
5791.98826
5727.9001
5606.42331
5498.61686
6145.70629
6270.21039
5856.64246
5244.36273
4521.21304
3853.80061
3395.8502
3188.98248
3167.95253
3135.14681
3143.73512
3628.04679
3855.29024
4313.2183
4819.85512
5090.55265
5366.7938
5445.58728
5248.1706
5169.41593
5350.44999
5296.30501
5315.19943
5314.86174
6124.77444
6239.36198
5836.7159
5240.53484
4390.38866
3725.59425
3472.66242
3249.8211
3305.53898
3188.03618
3282.5238
3702.88617
4004.79125
4548.56567
5035.02312
5453.4853
5753.76705
5941.05716
5676.52899
5567.85588
5673.55366
5639.65076
5521.60949
5580.4045
6409.59805
6543.42862
6094.87153
5381.39625
4548.54684
3875.25576
3564.63172
3299.83018
3373.0182
3373.99491
3393.0326
3560.28741
3761.2108
4183.89267
4779.2787
5111.69049
5353.0921
5574.28049
5194.16964
4925.57593
4719.75011
4532.81877
4371.35698
4317.46575
5165.72502
5577.48066
5290.42401
4772.18233
4274.15688
4266.17332
4341.14876
4066.61327
3888.48184
3757.8391
3738.95269
3658.06986
3543.11368
3839.50329
4223.57441
4458.2843
4721.29697
4859.23019
4765.43544
4700.1897
4473.44422
4293.7262
4225.39197
4349.7522
5307.84455
5792.66568
5610.63
5204.5124
4649.4255
4071.77139
3917.59121
3750.72684
3633.68742
3537.29663
3789.26166
4319.64998
4537.08918
4959.44413
5566.79969
5922.11188
6146.23394
6312.15736
5764.53535
5656.02122
5700.90468
5604.55016
5406.31689
5190.19351
5737.34457
5965.71541
5589.05777
4905.30303
4106.80966
3352.04214
3106.30138
2976.65204
2788.17188
2717.6127
2934.68584
3510.02162
3766.99981
4173.84927
4592.4625
4957.37374
5375.2655
5605.86212
5447.90785
5416.51423
5349.10807
5257.83022
5157.72134
4999.56793
5711.98508
5938.41947
5526.26779
4870.3871
3997.71513
3350.78979
3091.38457
3009.61549
2870.60115
2826.83021
3085.77591
3591.95243
3958.6565
4336.45422
4751.79876
4997.84501
5518.5377
5788.33065
5448.98692
5259.94089
5242.92902
5141.78322
4923.5194
4797.79649
5619.12687
5933.52548
5420.84395
4707.83031
4095.52713
3434.87682
3055.10061
2821.34922
2698.85107
2683.40028
2913.68775
3529.99611
3748.77398
4198.01065
4632.68227
5013.45367
5316.50558
5537.73842
5310.01429
5245.42661
5345.58357
5314.38511
5218.31026
5120.74992
5831.4462
6062.95336
5739.21821
5105.36793
4193.78643
3520.14647
3015.1122
2838.75885
2707.17383
2684.39222
2889.50837
3544.76274
3760.97835
4201.50047
4650.382
4967.03532
5332.04351
5575.16386
5434.60569
5378.69653
5495.31149
5385.00776
5180.91591
5083.53533
5771.38039
6307.41973
5936.32464
5374.81232
4618.59837
3907.63659
3709.46147
3459.90965
3353.05891
3272.28084
3368.5038
3499.96571
3647.96298
4164.2062
4838.29921
5147.884
5396.90281
5671.63355
5686.60191
5447.85696
5305.54105
5158.3019
4892.41964
4798.92843
5609.94831
5950.93616
5694.78163
5212.50637
4564.89462
3970.29482
3459.0481
3078.73669
2949.8401
2826.59591
2804.72787
2712.6052
2709.16534
3029.03499
3445.58968
3798.55412
4004.58837
4245.04291
4377.2843
4235.8181
4054.2895
4084.73427
3966.43045
3963.2737
4968.29408
5461.05196
5327.52499
4932.73211
4262.23277
3649.22559
3347.82918
3086.29026
2913.57614
2888.49325
2969.19618
3333.2785
3618.79076
4112.10988
4661.55767
4945.34054
5307.61504
5558.81403
5321.85425
5301.94161
5427.36435
5407.33002
5273.27309
5109.91979
5904.90719
6319.33231
6027.71167
5434.04099
4547.36058
3832.17954
3444.93688
3150.51309
3030.58103
2919.77769
3167.48771
3613.60693
3735.81623
4083.83587
4597.94642
4925.65971
5221.23893
5502.03356
5261.00038
5245.65499
5428.22944
5423.38286
5247.44427
5067.84612
5742.77689
5984.17122
5546.36055
4965.5676
4011.99235
3452.28278
3003.80883
2779.22965
2666.61586
2653.26564
2926.27773
3535.2171
3731.9755
4173.82955
4713.24237
5066.72712
5461.55334
5692.74755
5396.3287
5371.95575
5488.53811
5426.39191
5340.37446
5276.53609
6009.99288
6198.80917
5846.20787
5138.53707
4280.50131
3596.97505
3080.79163
2902.45007
2773.14689
2762.51672
2988.57688
3633.40188
3814.76325
4206.46107
4679.53897
4986.05434
5314.59535
5535.38597
5351.68382
5355.06777
5517.71448
5542.26523
5348.07506
5184.47105
5857.4439
6100.60254
5686.34678
5068.70425
4207.47182
3581.78397
3096.90663
2921.68018
2827.14495
2838.74822
3051.83891
3688.87361
3899.42014
4311.73205
4851.82
5175.35689
5502.61627
5833.08887
5583.51148
5605.11905
5749.28453
5797.30483
5632.1411
5413.86481
6026.67225
6177.53345
5886.95481
5404.60701
4710.24214
3964.66734
3265.56245
2949.24703
2763.04694
2627.86644
2653.34061
2771.48392
2971.75936
3514.33887
4123.30934
4576.02052
4901.04985
5057.3621
4976.11848
4767.26641
4525.89689
4523.30348
4391.7732
4289.90495
4988.75422
5251.00782
4974.24925
4508.62572
3932.73448
3349.54376
2909.78783
2613.83372
2440.08278
2442.07225
2546.01481
2711.09328
2729.91848
2720.748
3048.84623
3348.26647
3457.71773
3600.96231
3633.3846
3560.44892
3391.33864
3359.38615
3261.29211
3268.40252
4002.27745
4325.55161
4150.39629
3803.61186
3277.45542
2752.98144
2361.95851
2163.06102
2023.92838
1946.53382
1982.15669
2028.41567
1983.62041
2405.75538
2911.33817
3314.31279
3667.76278
3881.01762
3976.26321
3751.66369
3545.6182
3443.99086
3399.54621
3382.42471
4273.05669
4733.56754
4447.02594
3884.51394
3233.50709
2703.05105
2314.99503
2121.55643
2021.50058
2011.63497
2254.23292
2917.23013
3179.74303
3634.73663
4170.84427
4531.52879
4892.41264
5067.93351
4906.98767
4968.91824
5114.96584
5115.33172
4982.0567
4796.96411
5539.26842
5889.9627
5929.76212
5309.071
4636.82692
3970.04589
3437.17664
3105.09504
2890.92141
2812.48546
3080.81003
3692.26961
3893.87315
4235.13848
4736.97459
4983.70877
5240.80902
5431.62285
5315.11028
5458.72934
5590.4896
5518.55812
5312.25844
5129.40227
5856.29755
6327.41204
6003.89027
5306.71046
4448.80744
3672.72681
3121.58818
2929.09804
2748.26486
2734.0459
2980.01313
3589.16075
3772.60549
4285.09502
4828.13352
5135.04842
5473.76071
5675.93632
5348.37296
5465.17336
5629.57703
5786.11117
5526.31786
5344.49666
6091.77116
6439.49918
6128.78647
5479.07099
4651.34616
3714.48782
3301.53781
3048.90092
2903.97302
2857.88458
3076.9141
3704.77925
3929.51755
4389.32604
4863.80153
5208.01871
5576.91032
5785.43864
5631.64275
5737.53433
5879.12437
5864.60189
5704.34626
5538.01822
6207.30078
6467.02692
6037.96093
5294.14846
4473.65134
3803.45615
3441.89783
3168.8088
2931.30708
2884.14674
2927.38932
3050.0745
3220.96315
3758.25066
4310.4357
4645.64383
4987.09334
5143.53043
5075.30152
4855.55986
4685.34751
4542.6372
4437.41317
4536.1648
5383.53624
5593.69261
5256.59534
4658.72074
3995.66272
3491.03782
3091.25237
2847.92425
2685.08798
2605.09697
2587.9866
2526.27476
2502.75721
2741.86617
3113.76486
3439.00396
3652.84733
3833.39356
3872.68469
3805.71751
3687.88963
3608.13488
3493.26768
3580.97887
4545.3403
5082.94661
4998.60257
4698.37912
4083.71458
3465.11955
3205.71686
3100.34274
3024.0605
3060.19267
3128.4274
3634.32867
3850.97331
4293.60776
4862.2037
5244.58615
5576.07667
5793.54122
5635.8594
5676.62854
5807.58069
5774.87798
5620.80717
5442.50434
6221.96327
6614.47402
6244.03779
5606.29137
4696.88599
4073.90075
3964.82733
3871.21815
3767.41149
3813.97998
3919.97122
4279.34122
4333.67144
4591.15408
5123.57812
5502.566
5922.93989
6058.07758
5819.06717
5581.68599
5708.05307
5797.68391
5719.12063
5600.13056
6178.75102
6467.12641
6028.20032
5462.79664
4579.43353
4136.61226
3584.10238
3293.91036
3120.20339
3098.88571
3317.60483
3859.03899
4024.34224
4405.08959
4839.51779
5148.99004
5458.96071
5696.21614
5464.05498
5467.45606
5724.10802
5717.48438
5641.47721
5481.54541
6104.44537
6473.86275
6161.06604
5551.44348
4825.42467
4054.50949
3598.72099
3349.67039
3203.38262
3191.74034
3438.71122
3966.91611
4205.53048
4638.61315
5131.72414
5471.14798
5840.6081
6010.57809
5905.07437
5952.90599
6100.50939
6073.20727
5900.01347
5540.65457
6165.16955
6480.00326
6149.29957
5502.95166
4700.27529
4041.00851
3583.56132
3361.74578
3235.6788
3199.69995
3418.62348
3865.90603
4119.64379
4673.75099
5338.02888
5738.79846
6090.25352
6318.02738
6083.09637
6020.80435
6155.90147
6139.06861
5945.87734
5655.50787
6174.19586
6423.93778
5966.46971
5426.12784
4697.5823
4035.77584
3630.27158
3350.99666
3076.54601
3027.82714
3182.33866
3346.66476
3548.70393
4161.61848
4759.10633
5151.57904
5292.01278
4990.92452
4780.8868
4812.80458
4704.01288
4727.60315
4605.60168
4703.124
5430.98953
5755.21517
5473.55934
4987.57473
4326.74703
3706.07416
3321.40653
3086.8558
2936.32805
2840.8648
2949.06699
2990.46534
2949.6748
3288.2516
3631.85257
3895.97147
4106.44917
4306.4855
4325.52632
4227.01178
4011.46464
3846.70736
3828.64927
3874.84853
4735.83305
5278.85143
5141.37199
4742.11005
4188.83667
3612.08384
3462.22514
3410.61147
3295.1119
3285.14658
3395.28416
3641.37789
3949.90933
4493.92941
5162.82402
5560.8158
5954.48021
6218.63864
6075.24242
6057.45105
6263.57622
6196.29604
5871.94168
5606.54339
6080.08731
6511.13469
6287.00015
5675.49615
4812.75315
4219.92363
3991.88881
3932.9086
3996.40331
3875.36932
3767.47104
4094.07926
4434.99586
4746.19717
5280.81094
5657.38848
6009.56442
6312.68813
6223.26177
6209.64293
6332.41637
6291.76764
5962.31842
5599.70568
6269.65523
6669.3539
6318.2744
5675.02558
4866.14237
4163.40515
3729.11099
3542.01959
3707.61293
3692.53343
3686.64831
3877.7006
4180.36391
4750.71427
5266.93054
5477.02617
5758.75196
6040.27325
5819.92184
5855.5452
5940.01262
5865.68642
5517.43777
5153.6949
5842.34776
6342.45896
6012.90374
5343.25332
4612.6302
3838.64919
3507.74645
3507.46578
3578.11496
3429.83117
3347.91296
3465.70595
3892.44574
4411.08087
5138.69
5656.9017
5933.53701
5527.43961
5243.72225
5558.61442
5843.97349
5823.98148
5594.02827
5351.92235
5991.64407
6383.30741
6004.21358
5298.84466
4491.01485
3867.11983
3462.21106
3317.51061
3302.4419
3267.42204
3390.12084
3579.64588
3859.11118
4588.08936
5203.36503
5545.72693
5881.16563
6113.35786
5881.66212
5851.73902
5964.61214
5942.60137
5733.49936
5543.7107
6150.02749
6484.4886
6081.20464
5445.89002
4706.0564
4061.22278
3551.8904
3401.92226
3314.95781
3316.40098
3463.88282
3509.71392
3594.44091
4120.30697
4569.77032
4920.13683
5215.97905
5428.82918
5251.73162
5213.39415
4995.81006
4891.05981
4739.45433
4733.08705
5548.97491
5920.34987
5551.21478
4973.86272
4408.66048
3959.6782
3588.64713
3405.01333
3380.24555
3410.37768
3432.68855
3460.77014
3484.04731
3910.94226
4143.44425
4252.36484
4435.13923
4499.9176
4496.28115
4377.21364
4420.69266
4332.88638
4354.0985
4282.29268
4832.90064
5245.17916
5042.84675
4736.38481
4360.83538
3941.90656
3368.50385
3290.41349
3353.25792
3186.7324
3172.76009
3297.76589
3263.44947
3448.42065
3750.25113
4175.15625
4476.16274
4758.06693
4824.21173
4744.77882
4585.81142
4407.45413
4253.4531
4206.07835
5154.77695
5624.94769
5379.0948
4875.44173
4356.56208
3721.27451
3286.14391
3069.70927
2890.38095
2811.74251
2914.45429
3325.1524
3771.7081
4438.55386
5056.93122
5382.65631
5767.20104
5949.59466
5947.56321
5924.02057
5867.43861
5429.66209
5192.07461
5197.10721
6013.59037
6279.7234
5890.97996
5136.97606
4380.33999
3821.47071
3427.93679
3236.4508
3266.47896
3238.2976
3349.82018
3809.94114
3968.18568
4522.35747
5097.4483
5442.81404
5725.18017
5949.13455
5747.25755
5688.70144
5809.31163
5769.18257
5613.67226
5560.05986
6134.00681
6424.08462
5913.31914
5198.72179
4389.16734
3884.83635
3642.78054
3579.7872
3489.30421
3492.13597
3675.46726
4044.98154
4258.07547
4841.15048
5284.19342
5496.14208
5847.48946
6034.03158
5875.6321
5863.0263
6008.12899
5958.53066
5732.73821
5566.29401
6205.93267
6568.26617
6116.2025
5465.48841
4918.83357
4461.81561
4320.04378
4224.48979
4118.3189
4118.44794
4280.7855
4658.65314
4886.8657
5357.02467
5838.39582
6226.27076
6362.88129
6494.49593
6483.21495
6353.69772
6320.10202
6272.90595
6283.30292
5912.65733
6250.2291
6678.18566
6425.29064
6091.30877
5642.75756
5143.55057
5004.1271
4826.29943
4555.72838
4470.15139
4465.78741
4724.36497
4743.23426
5064.07731
5610.40047
5978.77407
6269.51674
6451.79542
6186.76311
5906.47558
5672.97353
5253.22839
5057.58825
5109.62529
5921.01059
6504.61985
6260.86704
5769.24488
5213.07278
4818.75816
4510.52783
4317.51456
4132.12371
4003.50548
3944.93386
3844.42732
3673.56046
4091.13998
4497.77229
4785.62181
5017.25508
5208.86155
5271.35308
5185.07306
5034.44971
4934.13777
4841.06174
4741.52345
5450.80803
6033.57711
5955.7365
5628.28374
5113.56353
4510.00452
4106.03317
3966.54047
3797.60289
3706.22261
3723.71541
3893.79176
3723.08881
3985.12202
4254.21073
4561.78472
4583.77862
4748.99009
4792.5486
4853.55626
4756.94424
4863.49247
4803.57596
4821.55565
5456.58485
5836.427
5581.6897
5143.11212
4666.72349
4299.51657
3734.46525
3505.24489
3535.09589
3555.42231
3698.05138
3867.96916
4186.88537
4981.32262
5354.72622
5772.23597
6204.3872
6408.07456
6224.59003
6087.42435
6076.84655
5998.33019
5804.65475
5597.29125
6137.69934
6553.29213
6230.36426
5555.98983
4727.50789
4151.88527
3790.65324
3659.0995
3545.98681
3560.93022
3729.96989
4036.96553
4194.684
4604.12738
5176.26318
5692.90538
6072.54163
6341.0102
6157.31359
6020.06653
6083.13191
6041.35584
5981.61931
5796.37387
6177.10477
6746.15602
6418.05194
5882.95101
5111.83935
4364.38357
3700.27901
3520.11123
3383.49653
3373.15735
3527.12474
3904.63235
4267.54487
4937.29355
5559.9229
5903.50904
6089.5299
6313.06542
6294.28601
6274.65273
6365.50945
6316.43231
6258.06819
6000.20826
6702.37734
7220.1265
6931.09902
6234.60178
5500.73177
4956.31143
4320.31032
3965.80073
3930.48112
3837.68159
3887.5502
4305.54526
4643.19037
5328.198
5890.10345
6247.92213
6523.38108
6759.18701
6616.48052
6161.2839
5527.47891
4940.27109
4737.32707
4913.91093
5902.17949
6459.99439
6152.91918
5560.38086
4986.44473
4506.08987
4139.13084
4018.18528
4060.95539
4086.83532
4167.48881
4204.66291
4357.68057
4593.98465
5123.92913
5595.61066
5976.67443
6220.81579
6086.86493
5810.40583
5628.923
5415.28472
5211.38989
5079.0653
5751.93272
6220.57448
5921.03295
5526.32794
4969.11897
4443.89733
4155.16778
3942.53932
3830.19445
3807.31568
3798.99833
3854.58353
3730.83267
4001.45687
4311.68779
4584.93863
4808.20254
4922.78047
4951.32806
4787.66668
4603.43149
4467.2664
4309.79653
4305.29602
5224.21932
5893.03504
5657.14092
5250.24227
4685.53485
4368.29036
4005.44408
3812.35679
3524.83068
3351.67329
3444.83458
3782.31462
4021.38771
4594.77262
5186.52962
5576.4116
6036.67917
6541.81116
6323.21713
6155.77986
6167.34825
6106.78851
5977.08076
5733.25265
6364.26892
6836.35268
6452.36888
5670.98153
4815.7161
4363.40834
3801.43029
3579.53661
3433.77457
3328.83743
3486.76681
4031.71213
4175.10143
4621.55514
5135.53115
5478.96248
5806.95349
6016.60024
5789.02769
5862.61788
6092.41194
6128.41237
6000.09889
5644.0626
6022.94826
6484.93865
6193.62625
5552.65322
4718.45386
4219.42154
4045.64204
3832.22447
3756.8884
3762.9782
3965.11421
4620.08328
4716.70776
4931.17822
5372.54881
5754.73697
6081.34489
6286.12221
6020.62178
6102.10691
6312.60726
6344.626
6272.68169
6091.39194
6337.77921
6612.79445
6310.91578
5679.67598
4887.44403
4193.39254
3841.63009
3946.30277
3841.71699
3579.69285
3737.23101
4230.2746
4426.452
4863.86196
5415.02591
5739.69126
6007.03894
6180.81561
5945.80809
5949.68575
6069.58727
6055.32966
5966.01328
5773.82572
6241.28365
6685.85085
6417.74946
5770.84474
5004.0883
4404.21848
4434.9296
4327.60563
4095.68875
3966.84702
4211.67495
4762.21966
4990.40932
5389.067
5806.07839
6173.67258
6530.09063
6614.94331
6513.23323
6484.68561
6592.02577
6533.87453
6472.91737
6311.49208
6892.15222
7169.62384
7033.39337
6550.29977
5910.7305
5239.19246
4883.85595
4786.39945
4673.69545
4618.98287
4690.93935
4810.6248
4971.39872
5458.48877
5721.40354
5816.38767
6054.39504
6196.52801
6052.0737
5848.81205
5923.07036
6011.50064
6005.26366
5907.49332
6621.15163
6845.84912
6659.69355
5887.11867
5596.83624
5167.30267
4617.44389
4370.98863
4328.63457
4222.56368
4191.93663
4064.18608
3872.27795
3954.97558
4223.04098
4457.12296
4814.15769
5023.82366
5095.89877
5002.4795
4848.20083
4763.20778
4578.63981
4603.37562
5311.03056
5762.43852
5623.29726
5279.70373
4693.54785
4148.49957
3885.49112
3851.47305
3788.83971
3828.53536
4046.35313
4535.41835
4815.17723
5253.21868
5727.26906
6043.28852
6370.53971
6586.54675
6312.60074
6333.58343
6419.31515
6485.57685
6347.70942
6084.23075
6444.12275
6826.76799
6525.99226
5938.40318
5116.62396
4449.18101
4447.66803
4226.19103
4141.89783
4272.01018
4552.45866
5163.04977
5186.81414
5424.01596
5708.87527
5846.27248
6209.59752
6360.43125
6066.84866
6065.59055
6169.78484
6226.46668
6314.30664
6097.18218
6482.06706
6856.53658
6492.59352
5923.74188
5215.89867
4944.77879
4595.04361
4409.51093
4335.35932
4336.95346
4566.66316
5040.59181
5185.34509
5409.16823
5611.52682
5820.38655
6159.33027
6282.55054
6050.12874
6024.63602
6120.25433
6038.43765
5845.51968
5628.34442
6169.98553
6673.4638
6337.21998
5738.19148
5314.27706
4784.58288
4431.66221
4306.15498
4208.55678
4202.37172
4376.0118
5051.68988
5305.12205
5662.57861
5916.74767
5888.93194
6201.05424
6310.85556
6042.82079
6090.7061
6167.23532
6128.22017
6063.88335
5867.38087
6438.43352
6787.57988
6493.48133
5957.1623
5483.37669
4889.33269
4672.32658
4402.71465
4217.70283
4276.42815
4507.33292
5011.20622
5214.34096
5372.86627
5748.02271
5911.51755
6314.28457
6492.98374
6074.09328
6008.58718
6131.89122
6072.99055
5968.80846
5729.22824
6286.02042
6766.08386
6428.32593
5973.94222
5499.3921
5232.60718
4857.40182
4564.6064
4425.41619
4431.79821
4541.38742
4529.22153
4695.52459
5094.37581
5318.05337
5594.99292
5731.7675
5921.25636
5780.81545
5677.52382
5517.84838
5373.68515
5246.29841
5119.2861
5665.03254
6285.73916
6022.39304
5507.08464
4884.43177
4479.95274
4159.20403
3912.80962
3728.35029
3652.3187
3619.25852
3588.97482
3500.25855
3901.71914
4304.6439
4529.60019
4639.58569
4769.21526
4749.04306
4579.74567
4502.49974
4387.05105
4386.2012
4383.26565
5014.40196
5355.86612
5216.15381
4800.43125
4444.05396
4074.40751
3652.27531
3491.94819
3491.77868
3525.24339
3808.41811
4414.15924
4671.93536
4922.02938
5228.33995
5428.1146
5698.0625
5831.3336
5637.56144
5586.07613
5711.87339
5744.04327
5614.61074
5492.99277
5931.91839
6475.54696
6160.36719
5603.42997
5215.89554
4835.59723
4569.9661
4514.25153
4469.27612
4454.4867
4521.72243
4952.82659
5024.97057
5200.04135
5540.55021
5862.10074
6238.50129
6459.40493
6177.0424
6225.11583
6413.2628
6306.01775
6051.3339
5658.09486
6210.05183
6739.7259
6466.10478
6038.85516
5452.82546
5007.67281
4558.75453
4511.09273
4485.0397
4397.27262
4490.36398
5031.24759
5282.56292
5653.86385
5870.03548
6193.95437
6391.86085
6547.12535
6318.22847
6295.21605
6344.52292
6275.47094
6157.23488
5891.94259
6349.20042
6760.6375
6495.09529
5965.36311
5324.87919
4825.86737
4482.3912
4427.03998
4413.10222
4391.52295
4456.26893
5001.41265
5186.72271
5485.83915
5679.89003
5972.69672
6356.36259
6540.11959
6280.45304
6344.28293
6532.12927
6610.77071
6431.53557
6062.22605
6519.51628
6925.49343
6575.32711
6105.65222
5303.83925
4851.03113
4516.91709
4383.76037
4266.65523
4229.74455
4336.69784
4848.4993
5183.0042
5455.44189
5882.44855
6156.62662
6423.03667
6568.46985
6358.08172
6407.91006
6541.99531
6629.12561
6510.89584
6216.85508
6672.72876
7107.51879
6733.65558
6137.15046
5527.85076
5091.4722
4526.91844
4308.22965
4073.24005
3975.96636
4205.74801
4330.90121
4458.69282
5044.08606
5475.52671
5703.19327
5977.03996
6135.32902
5919.33122
5719.04309
5497.94854
5418.54737
5411.54903
5146.27349
5751.4103
6191.42999
5876.25943
5353.54196
4791.92287
4134.45056
3686.97089
3751.40665
3690.76031
3660.57849
3716.07775
3702.24951
3614.02147
3870.3547
4034.43892
3904.93903
4087.58118
4233.1406
4270.01817
4197.1019
4158.74614
4260.16804
4350.7363
4139.69809
4793.50292
5497.48872
5402.30381
5011.20343
4452.83035
3970.75898
3597.01628
3673.21957
3700.42089
3647.4155
3694.28652
4082.50239
4243.73306
4731.60788
5127.27288
5408.13574
5693.11919
5922.49218
5682.71359
5696.0113
5843.28586
5863.94522
5721.08152
5444.4798
6120.65135
6617.24656
6189.66109
5615.36644
4787.40174
4294.02789
3762.3361
3575.44768
3493.99148
3397.03987
3490.70437
3979.82703
4311.58063
4719.42221
5019.03737
5381.53289
5788.82903
5891.13314
5616.95832
5627.88432
5805.11395
5795.81241
5584.49448
5322.00563
5905.12881
6372.26013
6009.34534
5311.12433
4636.09361
3987.35326
3460.03845
3255.96264
3158.82114
3179.10554
3380.38872
3868.92442
4007.19476
4377.81936
4918.2206
5215.98171
5608.08435
5772.22431
5569.90117
5537.14228
5878.17736
5847.68755
5625.81966
5367.19343
5916.90003
6327.94552
6032.818
5435.93995
4638.91604
4003.93453
3683.30183
3443.33311
3300.82986
3227.21353
3409.50975
3879.19497
4184.66206
4579.02486
5094.7155
5401.66196
5741.78375
5984.51873
5735.71803
5739.92163
5939.79982
5945.9577
5749.25251
5487.12755
6052.98014
6473.95068
6166.94376
5490.60985
4658.63188
3915.11939
3548.65407
3338.03446
3296.60521
3340.21439
3450.62563
3963.82047
4174.69563
4535.96512
4979.44066
5308.678
5605.92109
5788.34465
5615.87331
5564.8026
5577.55443
5550.40698
5430.77811
5213.57624
5738.04457
6089.12737
5786.55259
5250.57025
4558.77297
3962.1314
3817.77468
3535.87675
3379.49306
3288.37155
3308.02421
3479.26378
3594.76818
4222.64844
4917.39504
5082.6629
5328.86492
5416.3368
5344.64137
5152.99551
5001.87601
4996.43088
4913.98371
4792.30177
5471.22567
5955.95811
5795.97285
5299.19052
4628.56661
4086.5936
3583.34794
3435.12863
3312.72222
3273.03097
3292.54757
3354.0037
3291.68368
3604.66373
3899.52677
4134.64456
4265.9965
4462.94987
4531.93597
4426.37662
4205.92941
3999.57147
3947.96154
4058.55052
4808.13367
5296.45559
5195.55474
4857.55299
4329.02948
3796.84138
3549.59548
3504.751
3350.15959
3442.04104
3621.03115
4064.44238
4191.38483
4667.36902
5145.89373
5437.72091
5832.11892
6069.909
5821.83482
5807.0756
5916.57042
5895.36989
5777.45136
5446.73879
6061.21375
6515.24253
6168.81663
5555.99147
4873.41894
4236.95537
3866.7481
3633.88672
3583.33314
3465.0673
3494.0545
4083.25924
4243.85066
4682.9756
5202.87539
5517.56317
5828.38931
5969.27767
5552.28817
5480.72546
5574.72202
5504.62908
5437.84396
5249.02933
5863.43597
6303.18491
5982.23256
5394.50524
4816.48842
4170.93777
3895.51231
3760.24516
3688.64133
3671.47933
3770.58804
4189.85533
4263.74264
4522.64543
4867.78898
5159.98224
5487.35948
5740.48018
5468.76603
5461.05598
5632.98238
5526.08523
5344.48688
5115.7397
5832.00785
6140.57345
5644.50031
4949.37287
4259.3471
3749.15076
3269.25878
2921.01657
2772.45646
2867.95346
2872.07756
2823.8465
2764.7932
3119.25768
3557.4933
3968.93989
4390.8267
4714.4893
4772.9777
4509.24773
4428.27318
4309.37415
4056.58327
3976.53321
4794.0474
5286.28975
4973.18801
4440.17469
3857.3023
3508.90532
3406.1742
3203.36083
3153.40338
3212.06158
3433.55815
3567.9684
3879.03996
4452.98654
4996.73509
5441.46094
5702.46466
5945.94386
5822.01606
5740.42523
5845.05764
5962.8908
5988.74397
5703.2205
6185.78219
6558.21045
6212.37745
5650.02834
4972.64799
4408.35123
4142.69573
3961.80202
4056.81973
3945.86313
3921.77416
4073.22742
4333.80172
4675.13745
5185.83689
5721.9918
6012.21814
6175.00847
6064.69525
5743.07426
5510.73934
5389.91927
5239.70578
5198.19577
5960.19715
6368.96631
6106.18683
5587.43743
4956.02211
4338.94241
4218.89951
4050.56483
3914.71033
3858.81116
3828.44409
3834.82353
3706.95348
4036.98948
4231.9977
4498.30126
4747.55341
4914.18552
4971.72882
4889.82374
4740.24381
4628.42742
4493.20693
4535.9651
5500.06847
5875.62175
5861.32904
5392.07494
4634.78535
4246.0891
4134.27679
4043.71465
3911.35507
3883.43764
4085.44224
4720.04307
4956.44376
5428.07423
5853.53477
6170.56098
6418.65504
6461.78466
6211.31476
6219.90979
6291.44071
6374.32135
6244.77273
6059.12321
6625.62189
6986.17111
6670.53614
6048.25449
5407.12748
4960.44221
4581.32773
4410.581
4234.63322
4168.70634
4383.6088
4699.63594
4830.70524
5124.9421
5386.9633
5600.32766
5884.38925
6044.9097
5842.62728
5854.3181
6027.57289
5932.99414
5821.54906
5681.26294
6290.11918
6673.48763
6463.51613
5885.34211
5290.03129
4834.11654
4337.68673
4107.0757
4120.37543
4127.34432
4296.93825
4678.02816
4803.95081
5203.96067
5422.71139
5822.19025
6082.43689
6247.95606
6027.2065
6086.81935
6306.90996
6278.8471
6175.2634
5981.57834
6550.67811
6948.80339
6688.72055
6121.65841
5304.7618
4586.47241
4236.29248
4259.80904
4126.65014
4059.13953
4264.23451
4861.58476
5103.85898
5494.36019
5577.70964
5711.30999
6061.35251
6208.05564
6083.85402
6066.7888
6255.00286
6296.72723
6178.31692
6146.44546
6917.45426
7192.31451
7165.08551
6564.17551
5903.85804
5275.32211
4590.12078
4446.97616
4194.36325
4038.45943
4276.57419
4889.73866
5028.79515
5356.92953
5634.67204
5886.22893
6149.47078
6354.58053
6060.42029
6134.6997
6313.85926
6387.2622
6172.46433
5926.33064
6455.64843
6683.34516
6460.05252
6054.88394
5500.17072
5087.9396
4748.9527
4526.58632
4499.29376
4536.94571
4589.23222
4659.63831
4753.92603
5378.00151
5651.1519
5846.48564
6276.87187
6485.21443
6360.37643
6179.10507
5974.25138
5851.29074
5689.77263
5630.1563
6433.76826
6758.08259
6541.64817
5970.02772
5355.38067
4910.0797
4552.87022
4331.29207
4176.3281
4096.08263
4070.42398
4025.82066
3847.58607
4285.413
4657.29625
4955.55929
5181.99043
5360.59882
5397.11861
5179.95963
4983.70673
4898.62734
4803.6629
4865.33762
5660.17857
6073.11406
5924.9977
5555.39013
5080.55457
4444.96223
4242.98748
4079.78509
4028.33781
3899.1034
3916.4145
4040.07284
3969.60636
4160.75148
4638.74566
4842.19119
5116.25973
5360.43032
5457.88977
5353.77491
5175.47689
4946.89999
4872.06931
4973.74321
5770.58229
6167.42619
5926.82273
5417.5692
4862.84641
4331.74531
3941.0504
3853.65889
3914.75918
3910.99174
4013.579
4541.90073
4718.50511
5120.58859
5658.62988
6004.99748
6321.94537
6450.64103
6273.07839
6337.41157
6467.14488
6408.03211
6126.50121
5994.06952
6680.61714
6967.91337
6630.61879
5984.03314
5117.54371
4555.58587
4340.69009
4285.16761
4281.1552
4248.08309
4380.1829
4997.20074
5150.10176
5437.71019
5710.59045
6062.9519
6407.1534
6517.23871
6206.5348
6223.52796
6415.30582
6290.91221
6129.60778
5908.96591
6655.98617
6904.56152
6682.7865
6051.77872
5368.89131
4790.44176
4400.91701
4362.71053
4331.56255
4286.86369
4388.60681
4898.78156
5110.64604
5370.39547
5685.95942
5998.16346
6148.94338
6387.98753
6109.41949
6175.93075
6359.29967
6423.27399
6310.75591
6137.70133
6805.98277
7094.03174
6842.72365
6325.95259
5599.38502
4913.46175
4511.77668
4469.20683
4353.74593
4363.23338
4603.43143
5116.47661
5266.19474
5647.86088
5956.169
6209.58104
6457.47853
6773.90808
6518.53709
6482.86528
6600.10846
6629.64402
6487.37409
6356.61094
6948.9008
7225.60442
6906.22017
6310.19978
5651.71707
4940.05024
4768.53814
4678.01889
4470.83986
4510.32952
4571.74894
4553.48413
4757.79836
5043.37355
5521.66822
5917.76708
6201.43098
6404.62934
6261.36999
6035.09232
5901.63317
5825.76131
5710.55169
5721.58355
6698.26318
7078.22407
6753.68314
6193.80013
5593.53531
4732.83039
4283.66769
3835.96561
3548.84601
3411.46276
3365.57884
3303.24263
3354.32631
3558.15991
4024.77734
4346.71138
4588.22588
4801.70761
4849.16795
4785.37032
4632.49148
4521.51272
4413.91235
4459.63078
5503.04333
6103.54998
6027.29853
5575.47628
4854.84803
4176.98878
4095.20177
3940.3414
3816.70482
3780.19265
3868.34251
4364.29426
4640.75709
5152.83284
5643.04255
5901.40764
6156.35793
6222.12325
6059.67894
6031.6542
6142.38145
6159.964
6101.31375
6019.93043
6707.12822
6950.72106
6734.17798
6074.16317
5201.26125
4402.12876
3994.42359
3817.7399
3694.20706
3659.56512
3884.89535
4611.39695
4826.68417
5278.57837
5780.54969
6105.45037
6460.75694
6687.62485
6437.18535
6410.67161
6534.19897
6526.21795
6428.72114
6204.06872
6951.679
7146.66981
6762.04273
6236.77509
5403.01161
4701.10657
4195.34053
3988.63452
3840.44174
3741.9066
3873.6907
4477.77208
4579.79204
4978.86345
5461.32641
5670.27208
6054.19266
6262.6097
6034.24411
6042.70744
6225.11847
6217.87684
6141.77658
6003.32738
6690.4616
7022.78203
6606.04961
5940.51336
4964.10348
4379.2298
4019.99908
3711.37493
3627.91197
3613.47047
3788.26573
4425.86626
4592.9814
5063.00366
5480.109
5708.68668
6003.19278
6190.28643
5889.00168
5889.60844
5966.05099
5913.37853
5738.80245
5724.84499
6563.45844
6897.59682
6535.47722
5842.03948
5055.99312
4461.35153
4282.10629
4134.35604
4014.81632
4060.92871
4239.40468
4753.96313
4929.00594
5248.7686
5650.69778
5995.8134
6343.94779
6475.07816
6238.93387
6219.80213
6370.83265
6424.34582
6255.71028
5985.17516
6632.08703
7006.0264
6737.56331
6093.81663
5535.1336
5050.64961
4742.14743
4495.84267
4336.24956
4260.46519
4297.48033
4274.20794
4551.52911
5108.6378
5680.81924
5842.00514
6142.14546
6306.58875
6134.07614
5948.50008
5899.02154
5897.68752
5800.47111
5938.52967
6739.8164
6898.87533
6684.9147
6280.29695
5693.3
5128.48178
4577.21736
4266.97443
4120.00367
4135.06963
4177.48724
4095.33278
3980.1571
4263.2429
4396.28986
4527.62709
4650.7502
4814.20594
4903.4808
4879.61516
4737.44607
4779.06386
4611.33602
4648.98784
5550.09205
6141.30388
6042.30446
5587.39794
4927.38083
4589.77866
4426.62851
4240.06699
4110.1729
4095.77783
4333.45992
4673.14341
4794.91181
5248.19814
5752.30656
6103.47619
6280.69827
6479.34184
6332.13892
6336.1625
6483.06783
6502.30855
6370.65856
6107.9987
6931.8468
7258.1504
7106.13478
6537.28738
5582.07112
4861.68396
4356.67621
4056.6476
3874.942
3823.1871
3964.03172
4559.39617
4759.92967
5123.65315
5626.6736
5931.39185
6214.79379
6430.05128
6242.89901
6242.49824
6330.40725
6300.60353
6219.71921
6110.41967
6865.59598
7040.61616
6747.20336
6087.38673
5209.02554
4514.60024
4015.20662
3843.96485
3738.61474
3620.60848
3799.36573
4342.54177
4451.39978
4771.54955
5293.8381
5749.1934
6092.80546
6308.34794
6004.57829
5929.2637
6037.9772
6102.52352
6136.52412
6088.44686
6845.66658
6921.21868
6624.05384
5821.12902
4835.40134
4066.41361
3677.41243
3527.41416
3391.05378
3374.23945
3613.9698
4185.99202
4367.29676
4720.04517
5192.29595
5391.67501
5733.14363
6021.23982
5697.04349
5687.59436
5749.19732
5797.79452
5758.80471
5639.43303
6424.96535
6645.43424
6375.53151
5643.1537
4759.80095
4075.15303
3741.78119
3612.57634
3561.85251
3580.99688
3820.79688
4362.11711
4530.75589
4899.64345
5393.87539
5597.21997
5875.94832
6073.4247
5876.53332
5894.92605
6080.09663
6107.97602
5941.42669
5712.01891
6538.2225
6727.18072
6270.13317
5821.01948
5094.66147
4793.06613
4274.13703
3934.96273
3882.37866
3753.35699
3775.98498
3916.98277
4077.98392
4617.21483
5238.99443
5438.10675
5760.43229
5812.16044
5728.37685
5567.83948
5516.84631
5475.3957
5360.81637
5360.30755
6085.97604
6168.30592
5945.33497
5488.50164
4902.65861
4444.13719
3979.24175
3754.94019
3659.4342
3678.58229
3736.79626
3765.22588
3598.25276
3875.36453
4257.46004
4641.33464
4913.42474
5090.95882
5153.39686
5078.20069
4904.50865
4787.4752
4734.81156
4776.17208
5745.55782
6007.43806
5784.41893
5346.34785
4718.41581
4075.40696
3955.30762
3794.55888
3686.58156
3642.7466
3875.50221
4446.71599
4436.1555
4908.93392
5345.17091
5676.77681
5959.92497
6100.777
5921.03914
5948.79256
6165.58748
6145.52451
5984.29957
5912.0202
6680.62406
6803.54766
6618.24595
6058.41827
5245.4015
4617.52345
4227.95958
4017.05096
3824.01037
3769.91659
4015.6517
4691.70685
4928.11585
5093.58024
5536.85027
5869.9724
6141.93667
6452.21398
6245.12727
6275.87998
6425.79023
6439.68648
6321.48702
6121.24864
6925.01346
7107.80067
6763.26707
6105.07843
5402.15156
4932.48119
4662.69388
4400.94107
4206.67169
4127.33153
4304.13284
4993.91343
5341.64228
5637.02596
5828.46118
5967.65867
6245.88843
6477.78391
6201.34448
6215.10217
6363.42134
6357.59925
6285.67573
6217.50592
7031.14364
7155.47638
6784.1032
6227.58144
5527.43103
5131.05807
4667.55038
4397.68519
4228.97617
4194.97857
4442.99056
5120.36897
5281.32389
5608.22984
6011.43309
6044.14455
6356.27379
6352.9061
6044.41322
5996.51018
6033.32851
6077.80641
5993.53215
5932.43089
6780.70048
6848.33182
6488.12682
5912.19672
5540.08183
4960.2441
4519.41669
4303.25112
4114.15104
4110.00535
4296.31671
4997.82932
5148.54905
5470.99949
5879.76415
6041.96304
6163.12162
6294.06878
6235.43177
6149.60566
6261.38568
6222.20548
6108.11488
6156.1977
6845.05745
6926.852
6579.32386
6062.46185
5510.05001
4963.73659
4420.17656
4224.86286
4072.15653
4009.72586
4093.52066
4261.07562
4429.68527
4963.37511
5563.3782
5970.22694
6290.80922
6448.39391
6333.32779
6123.17873
5959.40528
5856.33532
5692.98739
5682.10676
6589.19515
6663.69979
6464.45877
6008.89153
5445.97314
4871.96366
4710.0554
4299.3823
4284.52355
4253.7589
4111.29347
3972.06508
3861.77963
4211.42947
4561.90281
4880.22121
5180.04836
5416.08864
5475.91805
5389.32936
5171.13525
4940.59203
4898.88585
4960.28315
5982.56643
6324.45247
6170.1387
5821.99792
5220.97217
4710.04513
4158.4815
4128.96767
4056.65065
4011.00216
4146.41696
4740.06675
4954.04127
5317.92061
5730.24076
5876.91789
6080.44412
6233.6973
5956.0693
5952.3283
6314.74663
6321.72862
6267.30096
6418.23519
7143.77006
7172.03277
6759.41881
6312.61547
5688.68929
4908.63532
4467.12894
4146.04158
4085.97872
4089.15312
4355.16595
4943.55609
5013.45328
5273.63375
5782.01811
6005.82482
6158.0684
6240.65065
5910.6038
5882.97039
6042.89589
6084.59078
6009.98961
5937.28875
6829.78588
6989.77504
6648.00537
6016.73478
5230.92706
4972.38575
4378.14733
4136.10019
4073.31556
4039.44506
4247.91557
4877.01199
5015.20431
5264.71961
5639.63804
5930.05347
6251.93351
6427.34171
6176.82259
6119.74739
6159.90902
6040.11823
5839.07126
5804.33157
6702.70255
6816.17858
6491.91071
5992.93443
5439.14438
4715.98461
4555.4501
4434.48717
4392.27494
4372.64944
4587.10728
5130.3013
5231.4822
5407.71116
5800.86451
5972.95451
6156.94098
6331.8755
6099.12094
6160.00192
6293.5781
6249.93288
6176.77063
6155.15467
7128.74823
7332.3139
7146.75766
6476.69533
5788.6916
5101.19122
4631.89599
4427.71547
4298.70962
4325.02005
4556.99046
5057.22889
5279.5548
5500.03511
5829.74996
6038.93424
6335.07251
6461.79296
6257.04523
6146.19667
6236.14983
6239.22943
6286.39433
6192.15626
7168.64137
7325.56462
6987.28448
6492.89204
5801.06113
5185.31796
4774.53571
4600.53106
4463.14152
4421.76274
4506.4881
4663.39514
4733.68083
5183.0615
5804.09782
6101.89882
6360.60447
6551.43704
6546.32433
6384.52394
6221.43844
6121.05739
6026.92069
6114.28401
6960.85445
7081.53236
6752.06482
6284.08088
5700.40339
5263.69744
4862.79726
4588.20796
4329.88632
4152.26132
4232.62499
4064.70637
3818.58732
3857.14987
4098.89498
4303.60395
4561.86218
4707.3132
4780.49046
4683.83395
4514.44478
4390.61523
4383.28073
4534.16693
5750.91412
5997.1808
6136.51927
5924.73136
5239.50601
4629.86283
4474.07405
4296.01801
4261.5445
4267.5495
4542.95467
5204.92669
5381.70339
5850.47329
6459.67002
6757.24423
6962.72504
6923.69967
6606.78233
6572.61017
6515.57556
6514.40262
6324.32381
6280.17918
6801.14225
7005.3681
6839.02703
6292.98576
5590.58866
4989.50631
4599.93848
4383.37469
4242.79233
4122.24853
4470.24792
5123.28689
5252.88029
5590.40022
6306.13858
6558.53461
6815.92748
6998.58371
6748.28136
6866.10838
7044.48324
7010.91562
6964.17111
6924.25279
7479.22691
7495.13283
7286.21522
6881.90434
6242.11545
5372.79055
4952.27667
4645.9128
4451.84077
4468.40863
4715.66085
5352.69416
5542.71389
5969.06897
6563.11812
6875.22211
7252.06542
7396.21469
7114.85705
7162.1051
7311.48559
7299.33339
7245.60518
7068.0665
7618.51059
7770.58355
7534.32213
7211.31965
6365.90726
5589.90707
4882.31371
4434.31354
4208.39437
4142.46259
4367.58307
4974.6483
5090.45446
5497.35628
6147.74171
6437.94583
6826.00197
7049.84883
6792.99469
6784.98274
6939.73941
6912.43896
6784.38653
6813.69526
7424.46
7419.40797
7008.49766
6486.40303
5738.02504
5043.65089
4455.34532
4104.75832
3872.65038
3839.88396
4036.72088
4784.44649
5035.6895
5433.95196
5991.76521
6319.69559
6601.07119
6704.67113
6495.72539
6471.85338
6627.23393
6561.34712
6380.36415
6238.08177
7059.08173
7015.91428
6641.22648
6009.27814
5333.97276
4727.73076
4419.1078
4262.82943
3969.04922
3973.13901
4048.16448
4194.00537
4290.93008
4972.32309
5733.21334
6131.08021
6416.83318
6371.11828
6193.15216
6015.07186
5831.66824
5603.73834
5444.66628
5401.37418
6492.0944
6583.48734
6352.68305
6060.51353
5480.16479
4884.81391
4372.30506
3935.70882
3641.80697
3483.62461
3319.09522
3216.81186
3039.03659
3161.02314
3769.43036
4252.10796
4470.23031
4664.38007
4667.63867
4405.42028
4273.37108
4004.32769
3945.18048
4228.55553
5414.22791
5621.14799
5462.55169
5105.4946
4599.14062
3959.54737
3963.37087
3760.16285
3666.89426
3706.00752
3813.74802
4318.55983
4549.72552
5059.23632
5730.77395
6057.83265
6412.47595
6518.49244
6281.55691
6361.50577
6642.12866
6625.5483
6590.2911
6441.869
7057.21363
6981.35784
6658.92234
6048.50994
5152.1779
4338.34331
3894.23525
3750.53862
3591.93119
3543.50897
3870.34008
4572.37078
4760.94734
5169.38124
5879.51171
6275.42613
6659.58217
6790.21395
6500.28682
6627.39339
6900.3131
6839.94094
6455.9741
6334.96692
7108.75775
7120.47032
6837.9387
6371.75082
5548.71653
4734.50364
4482.56625
4331.03837
4078.89673
3968.66422
4176.03504
4732.08657
4584.46141
4773.45674
5254.31526
5545.0516
5930.36424
6072.48356
5929.67492
5994.33298
6230.05177
6170.23155
6034.8921
5998.3671
6609.94278
6521.03132
6320.0129
5967.65599
5158.54765
4449.21081
3855.76852
3490.80567
3337.7824
3284.35819
3632.17183
4291.97601
4411.52101
4783.44402
5318.0104
5640.66122
5928.92486
6193.03025
5946.10199
5890.10779
6290.41834
6215.06947
6086.78565
5963.99681
6699.95764
6538.5062
6201.57115
5824.74016
5033.95584
4355.58726
3852.29629
3601.71692
3426.34903
3482.76052
3692.20247
4221.66236
4456.86944
4920.31122
5499.13597
5764.87997
6139.3028
6430.04707
6059.43971
6008.53052
6064.18909
5997.87249
5829.13146
5887.51953
6463.1703
6328.16344
6001.69734
5679.23718
4914.52223
4342.88016
4122.74069
3885.61381
3696.94997
3651.63082
3725.17836
3863.75012
4065.328
4584.10386
5168.52196
5549.81794
5935.22577
6135.06373
6006.68618
5712.96025
5530.8337
5405.35714
5284.488
5395.07195
6264.99665
6157.0482
5899.37887
5442.40354
4863.01181
4304.79413
3858.11494
3431.91493
3123.78035
3074.47668
3159.63714
3057.64378
2857.0432
3220.55542
3720.84391
4067.84447
4328.14079
4480.25368
4505.59016
4420.3138
4205.48971
4089.27147
4048.16488
4259.90068
5485.0234
5641.3021
5459.50935
5024.57713
4425.98845
3954.45879
3617.12112
3360.88337
3213.53449
3166.87917
3344.55555
3722.47842
3956.94067
4615.59902
5254.64311
5602.86829
5935.46449
6156.24569
6009.17783
5879.91897
5951.64057
5966.68193
5818.02712
5940.49244
6834.86422
6888.37318
6719.61666
6323.29731
5747.79107
5168.39333
4900.29792
4542.01442
4375.54189
4384.09392
4535.62735
4931.56485
5293.16341
5525.01576
5972.82139
6269.59284
6444.97442
6508.4886
6277.00176
6228.79821
6199.87883
6085.60901
6016.84218
6271.08768
7033.41958
6991.61528
6591.17586
5957.3376
5291.69502
4970.78664
4645.43084
4326.15866
4091.94136
4009.10533
4137.66674
4358.45602
4638.67052
5283.49962
5778.33188
5762.79432
6209.67743
6422.38292
6333.97245
6263.99016
6277.5613
6032.05765
6062.30453
6032.23511
6557.49134
6422.96864
6039.62683
5463.27032
4842.34271
4238.17569
4239.82221
4119.33962
4188.74264
4291.08165
4370.50646
4321.73847
4315.16834
4547.56504
4925.10327
5207.80966
5365.19691
5674.14976
5563.47432
5594.94241
5659.98636
5689.68308
5588.7923
5491.5246
6362.72751
6258.76079
5973.32574
5604.01881
5007.33668
4589.15722
4389.47483
4227.03342
4051.07703
3995.1416
4167.82893
4647.8871
4785.83021
5325.67525
5876.97445
5998.74746
6306.54568
6373.10646
6291.60475
6080.47873
6023.51957
5911.75367
5923.92725
5919.42047
6515.12922
6321.41726
6060.76592
5821.72658
5396.12811
4770.99792
4508.91159
4455.14758
4292.5783
4183.19091
4305.17307
4389.11067
4501.52868
4755.54048
5165.40611
5360.8923
5541.8505
5617.28521
5382.04252
5108.17451
4974.1117
4865.02664
4852.03056
5100.2442
5879.19866
5859.48383
5532.73792
4994.20443
4483.52918
4260.82628
3967.45663
3954.81934
3917.10127
3869.92321
3820.90644
3843.93684
3761.62751
3925.81841
4209.88898
4371.63952
4634.40044
4739.0551
4769.90839
4664.94141
4552.58856
4456.81061
4452.08472
4451.59095
5088.76976
5093.42473
4964.81517
4762.17625
4668.87711
4292.09967
3668.72647
3288.15365
3106.65442
3150.3644
3219.57127
3201.62993
3117.06625
3500.93984
3771.15837
4221.32908
4587.40406
4808.90998
4884.13233
4752.79809
4515.51028
4392.20807
4261.92691
4566.47132
5664.51401
5757.71917
5517.71259
4866.59491
4317.22795
3812.16463
3923.28555
3825.68024
3727.23952
3769.97684
3950.70634
4330.83152
4635.53353
5018.13917
5437.85457
5590.4676
5882.35898
6099.2488
5813.31133
5779.10474
5954.7911
6067.80291
6164.23793
6339.22141
7260.95242
7129.956
6624.62453
5969.78044
5246.21699
4674.26408
4326.01795
4112.24067
3930.06077
3890.3201
4098.52733
4751.48249
4924.20522
5331.08165
5725.56037
5869.40248
5993.78601
6187.74836
5904.54019
5915.8012
6050.97201
6107.48161
6031.59384
6149.4989
7091.83737
6962.70538
6644.59976
6083.31001
5370.44156
4742.1783
4232.24523
4058.17257
3979.74556
3983.06951
4117.30624
4514.39862
4704.10773
5052.72615
5565.73579
5909.98289
6270.65959
6357.91656
6082.9065
6175.24907
6283.679
6216.3849
6070.44771
6199.70104
6966.34194
6804.88339
6560.44859
5947.33717
5114.84793
4501.25152
4031.78465
3837.81857
3702.20477
3793.89528
4095.57114
4783.68391
5070.70185
5358.33531
5847.75385
6126.96034
6425.54269
6556.6584
6305.74207
6260.83054
6369.20452
6389.48153
6307.47065
6410.44578
7075.12299
7002.29322
6668.54749
5969.16544
5531.96535
4802.48306
4223.84154
3924.28414
3769.99853
3795.4233
4119.93048
4391.154
4518.4273
4862.65719
5171.13458
5418.4221
5587.0723
5712.76593
5646.67747
5444.66107
5318.33525
5146.99596
5075.50334
5436.99319
6395.40042
6430.97865
5983.79696
5462.15005
5262.96989
4806.67932
4143.19247
3799.39962
3594.43949
3588.1226
3563.21462
3469.58859
3321.39487
3502.33348
3797.88268
4068.25858
4336.21597
4538.67915
4617.41122
4495.30566
4284.22259
4063.11573
4030.035
4422.00595
5485.30018
5615.9461
5285.09401
4670.205
4196.187
3742.80913
3815.10811
3715.89345
3634.65474
3734.76558
4002.0913
4426.85125
4384.30743
4592.07083
5013.349
5295.06101
5608.25303
5841.36286
5620.33512
5659.52747
5805.0446
5811.53123
5687.74345
5826.28111
6601.06029
6577.062
6187.45686
5480.89112
4887.18382
4307.18829
4151.50709
3919.18778
3970.54929
3952.38663
4152.83994
4681.93459
4868.46702
5182.54755
5632.57832
5997.30948
6336.52024
6436.20492
6203.50139
6181.58626
6394.49384
6410.21753
6302.57297
6294.98854
7276.1003
7264.07032
6887.65862
6138.05118
5223.10811
4605.11326
4104.58165
3886.53771
3801.5033
3782.92625
4171.64184
4912.54709
5061.898
5269.70044
5716.05432
6061.37391
6374.46502
6561.95036
6314.43206
6312.12268
6503.34756
6459.51488
6401.3996
6516.94732
7168.82197
7082.61015
6708.74831
6049.66608
5237.43435
4781.69449
4667.45858
4495.45301
4333.71864
4241.68927
4411.62084
4826.22934
5003.81012
5284.13698
5775.63536
6058.58998
6388.3537
6664.64816
6384.8914
6424.322
6585.05993
6573.93254
6351.47039
6544.71975
7242.62265
7195.00464
6947.34214
6322.41207
5487.99393
4745.80586
4276.98009
4038.36052
3900.57099
3869.60785
4127.7888
4691.84407
4876.86482
5185.84977
5600.82617
5971.00219
6291.24655
6458.16271
6303.55743
6456.5186
6709.69553
6633.21642
6433.34615
6543.63367
7332.26525
7114.92539
6724.5209
6096.14124
5411.24951
4827.30139
4324.32692
3998.61053
3793.5327
3727.83743
3816.1838
3975.55897
4191.54845
4769.11461
5357.34653
5730.31662
6133.97959
6340.14753
6126.37819
5903.79876
5670.04134
5511.69861
5414.39287
5705.48974
6584.81004
6566.6618
6228.08985
5672.5099
4948.01879
4368.3686
4005.60448
3874.14675
3750.29001
3633.70912
3560.22
3544.77263
3424.68534
3770.11485
4196.02497
4528.89127
4768.52849
4902.40336
4885.54665
4769.43913
4668.90607
4567.54049
4456.20968
4778.99924
5672.51297
5736.93871
5540.51024
5104.70825
4487.85022
4030.80767
3658.28129
3396.84591
3203.03324
3153.66446
3324.86004
4057.15951
4320.48049
4692.67376
5214.02846
5509.23591
5947.95453
6191.32657
6005.67804
5996.62113
6227.14323
6313.40868
6184.40368
6232.3478
7094.52415
7027.32465
6619.00498
5927.96308
5052.9842
4287.56677
3687.14284
3590.14193
3503.7573
3493.47155
3658.13594
4415.71495
4571.76284
4996.11011
5503.20241
5949.84213
6316.101
6577.97754
6360.82604
6389.53706
6576.17145
6489.49353
6343.46904
6438.60169
7190.47279
7123.55453
6740.04755
5990.69698
5153.83327
4475.78551
4059.43736
3867.09441
3761.38083
3693.59863
3912.77738
4517.56732
4676.11172
5076.06222
5554.90069
5934.42187
6305.46606
6532.28606
6324.44469
6290.94852
6457.04936
6436.93746
6378.16696
6431.16053
7151.13883
7126.4441
6701.97153
6056.35045
5206.44725
4481.10277
4189.7624
3811.65388
3773.40279
3776.06489
3965.5794
4586.14349
4782.52277
4994.7793
5368.5716
5628.97068
6063.74525
6269.11546
6009.56307
6020.91743
6188.29471
6138.05248
5975.63452
6144.87921
6710.78574
6504.9199
6145.32013
5638.72201
4843.86471
4252.86228
3941.45512
3686.13977
3497.28676
3419.80107
3662.97023
4150.86547
4246.69967
4663.09946
5171.73655
5490.11507
5911.24158
6051.96028
5803.15639
5738.86029
5777.07362
5721.20881
5574.5675
5594.86292
6292.34828
6120.37031
5713.0749
5146.32658
4552.47231
3979.83434
3851.49707
3726.01829
3543.14703
3444.10623
3545.53076
3579.88532
3719.31281
4280.62265
4957.24228
5426.08958
5834.36825
6037.0349
6018.82128
5809.47503
5613.39399
5515.09793
5425.95114
5645.62259
6800.99755
6889.09808
6538.24303
5679.78918
4944.96286
4297.61401
4005.53678
3829.72307
3701.36162
3603.1909
3514.79884
3442.79687
3196.17134
3506.02054
3893.85976
4180.51459
4381.63644
4540.29283
4572.04688
4511.40943
4380.31006
4508.23956
4431.5792
4744.18783
5947.51551
6032.7782
5668.06571
5271.39179
4749.95536
4268.65
4011.42194
3818.55564
3519.62484
3443.68792
3653.66074
3621.58769
3516.04601
3849.61067
4218.2234
4661.16775
5038.82258
5229.26131
5176.02196
4961.70053
4742.18032
4633.55913
4507.47347
4857.65711
6055.93412
6183.70536
5863.87183
5264.76677
4607.6482
4430.44766
4217.72544
3979.01082
3921.8853
3985.5617
4157.93598
4505.88559
4782.79513
5159.46441
5638.35563
5825.12724
6142.88638
6357.53953
6128.93992
6178.01418
6334.82679
6516.44524
6387.95699
6595.11011
7261.8439
7129.11227
6864.38778
6295.8794
5551.68043
4817.06826
4305.45876
3954.84448
3764.33868
3748.27145
3976.56598
4656.05191
4979.56092
5317.82332
5977.88564
6325.49402
6600.985
6723.84532
6482.03456
6509.5623
6606.35781
6971.3743
6868.21262
6921.09344
7607.99528
7544.28633
7247.06903
6416.99701
5402.79292
4767.79439
4474.41027
4215.30127
4105.1333
4064.19736
4222.70379
4899.64415
5037.16593
5436.01615
5750.42227
5958.41635
6396.6589
6536.24909
6398.73498
6389.33337
6615.21057
6689.45962
6510.05247
6720.20463
7390.14684
7185.19309
6857.97972
6194.90587
5192.31727
4508.38861
4461.28939
4342.15969
4201.03847
4165.52423
4330.21796
5011.13667
5201.52724
5430.58999
5956.96928
6253.96109
6544.76813
6734.90703
6498.0668
6442.80604
6613.04648
6586.46439
6502.11346
6662.50943
7315.42922
7201.45016
6834.64051
6449.85072
5698.70705
5187.77562
4788.01335
4476.05008
4213.16941
4136.80797
4211.67592
4406.79737
4594.95321
5132.15921
5766.31697
6164.07964
6478.5914
6731.9952
6598.06461
6376.75666
6193.4497
6088.44005
5907.83243
6253.24189
7071.88044
7000.71559
6919.65598
6439.58778
5805.04254
5226.19654
4794.06943
4495.57585
4167.64611
4109.11859
4061.92831
3934.94174
3827.01812
4083.40692
4509.63741
4783.92704
5013.03401
5162.17105
5183.83923
5086.12269
4883.56221
4675.30144
4540.33865
5015.94427
5997.19418
6036.63435
5768.4609
5250.2394
4654.22713
4458.98906
4416.23891
4133.92151
3979.32093
3971.1382
4122.61012
4467.46125
4565.84665
5030.22259
5515.10329
5849.49292
6153.0935
6362.12758
6137.8194
6129.94218
6323.07835
6350.57934
6336.47857
6702.36065
7535.76726
7354.02581
6834.27066
6051.32445
5178.13923
4470.49276
4174.40232
3969.36455
3865.93129
3897.66179
4187.23494
4883.76072
5168.26033
5440.62535
5911.57955
6158.86324
6356.47531
6572.08328
6434.95751
6442.72355
6553.31868
6534.88787
6548.55809
6727.59821
7361.47674
7191.61214
6741.45026
6050.32108
5273.87157
4650.30403
4704.14105
4591.32972
4527.17406
4584.63056
4682.71778
5174.10401
5096.73502
5415.59219
5834.8919
6059.93696
6299.99406
6441.6088
6160.10908
6109.30417
6296.34589
6321.38738
6221.27495
6451.39051
6922.99048
6704.80606
6392.59032
5820.1712
5047.09797
4484.88369
4337.27639
4202.76122
4147.97698
4188.1069
4472.06184
5120.10469
5325.20206
5438.56908
5682.97365
5993.2854
6149.2869
6359.05009
6106.30438
6069.62858
6237.65986
6319.89442
6241.49874
6410.34767
7025.50883
6799.31002
6439.727
5841.98318
5260.83237
4754.76579
4285.41039
4088.8007
4033.19771
4048.37734
4320.19643
4922.06336
5180.9255
5574.27837
5821.45186
5972.87551
6222.59459
6397.36606
6239.38482
6212.95638
6379.81805
6394.1439
6320.27802
6382.93575
6974.06049
6685.15541
6344.66966
5809.00542
5198.92442
4734.61406
4555.48041
4382.63793
4172.47432
4145.92224
4341.35897
4588.88041
4767.04353
5324.00232
5835.19113
6103.38048
6336.92331
6411.82635
6355.04194
6185.64958
6210.89957
6150.66277
6047.01222
6192.0755
6728.44453
6606.85515
6269.60258
5747.71007
5371.14614
4954.37982
4811.94377
4765.86947
4519.65735
4266.88437
4143.67392
4143.50194
4027.70003
4363.98433
4816.47305
5407.56155
5635.28613
5738.91574
5844.94466
5740.46023
5620.57854
5518.1827
5423.34969
5594.83817
6402.07247
6443.21185
6331.28253
5965.12852
5481.67234
5052.11415
4642.67283
4426.96137
4286.30354
4204.9001
4236.14644
4236.57609
4336.42166
4846.03609
5428.59033
5798.75709
6043.90375
6201.1193
6248.49672
6195.1469
6045.08575
5926.21434
5871.53703
6270.14757
7102.04937
7165.626
6929.45357
6662.0231
6080.49456
5486.55685
4849.75481
4443.22846
4288.15775
4135.7712
4420.76438
4982.34208
5249.35459
5648.97915
6166.76425
6397.95298
6753.64359
7022.89741
6698.8602
6589.29789
6621.28773
6560.68847
6469.3671
6615.6761
7269.66778
7135.07172
6854.12904
6291.84409
5587.75342
4840.4684
4626.14924
4428.26401
4245.64689
4272.87663
4475.93357
4765.59986
5014.70134
5298.9717
5649.35541
5776.01119
6003.86643
6221.20396
6012.76781
6035.06264
6246.86934
6240.6669
6209.98347
6456.65594
7055.06015
6871.64282
6683.14474
6400.75268
5582.22684
4819.87382
4686.57972
4496.05281
4380.88874
4239.30199
4455.4046
4913.78438
5067.06807
5449.53903
5889.43532
6166.63233
6570.85971
6759.50029
6565.61558
6520.6119
6787.57936
6853.4062
6872.09271
6965.87319
7260.08046
6974.1266
6651.30013
6222.8988
5428.36228
4789.00647
4452.66203
4380.29339
4154.29176
4156.1211
4393.54471
4881.25215
5260.79591
5753.96093
6247.36237
6441.82618
6580.98541
6731.96247
6579.37676
6560.05943
6760.66407
6831.35367
6732.95001
7060.71278
7530.74069
7245.14532
6859.23828
6540.54704
5830.33053
5191.02157
4906.2681
4679.83482
4539.10954
4413.41731
4471.64067
4602.3967
4710.26662
5274.54321
5848.68857
6092.81476
6252.84267
6414.10065
6358.26845
6127.90787
5952.59383
5824.56626
5684.55652
6001.48641
6793.7558
6685.81191
6332.25476
5854.41914
5252.44557
4754.31343
4443.79971
4368.90949
4183.97506
4072.93505
4056.64916
4060.86836
3918.02982
4288.56646
4803.44503
5152.94228
5428.79176
5637.92389
5601.63748
5550.82222
5397.81317
5296.45221
5203.77294
5329.67934
6061.58105
6105.93313
5953.91038
5818.85798
5551.41466
4874.97795
4237.02142
3941.94208
3754.33719
3716.32678
3937.98603
4458.96911
4850.97503
5438.63575
6042.4739
6275.0307
6433.86144
6575.98583
6490.93737
6492.92959
6588.45556
6633.39851
6384.11534
6537.24685
7186.431
7133.57322
6816.44824
6357.54262
5511.36041
4934.08659
4544.14655
4320.55171
4181.32327
4120.17922
4276.6192
4751.89544
4983.7122
5491.47241
5898.99603
6233.20178
6544.98439
6702.40336
6527.08486
6400.84915
6498.11741
6455.21858
6316.2636
6423.74984
7215.18818
7245.92675
7016.04354
6403.83722
5550.76438
4818.78084
4375.32534
4172.08573
4247.40496
4241.41503
4320.70054
4669.23362
5031.37733
5576.18482
6076.61053
6361.38882
6604.94073
6759.70347
6597.60159
6493.89644
6569.43041
6600.17454
6491.07153
6733.95362
7211.47688
7105.01297
6807.42345
6389.46749
5567.84273
4771.4512
4280.5961
4010.46301
3933.88668
3895.59492
3972.26644
4383.29275
4659.19029
5198.55432
5798.07676
6107.65669
6340.66595
6502.13098
6234.11208
6179.82443
6329.63545
6358.50587
6099.94477
6227.91284
6983.82252
7023.46662
6585.17816
6131.80783
5465.31697
4787.94061
4255.13023
4035.69974
3963.90804
3983.70176
4240.45098
4635.18699
4971.57614
5497.33057
5910.9873
6261.27734
6635.8332
6812.99193
6594.12418
6557.87743
6654.79114
6659.50828
6544.25873
6464.72086
7175.86839
7078.9328
6774.44362
6303.28142
5663.81098
5083.55504
4722.27593
4559.75142
4434.20648
4501.52353
4527.06898
4654.10641
4639.68086
5279.87462
5966.94115
6334.23662
6605.47157
6756.60924
6640.26092
6459.34187
6272.29154
6112.19219
5966.59661
6251.09458
7123.77173
7066.65645
6748.00422
6346.2534
5731.40787
5193.41202
5059.56084
4790.39606
4558.17104
4407.2575
4347.24745
4335.30376
4224.59979
4513.30752
4755.71884
4660.90018
4823.98219
5037.3978
5073.3318
4989.11351
4865.16702
4741.98794
4650.48412
4891.48958
6046.35196
6186.98676
6059.62095
5984.54674
5697.3335
5211.87616
4787.07408
4593.16164
4408.34038
4326.54385
4478.39548
4903.65622
5150.79935
5627.06727
5928.92386
6311.85627
6672.44807
6900.10379
6731.42055
6714.51917
6830.71302
6799.48582
6733.04709
6786.00301
7713.91326
7691.7562
7311.23753
6749.8351
6203.26638
5445.14417
4945.00653
4657.86345
4481.9441
4398.98831
4396.82653
4672.57864
4943.05799
5511.92689
6034.41926
6311.65783
6567.88258
6688.17972
6625.84253
6581.0294
6746.02478
6686.60597
6567.31126
6613.08637
7317.80735
7308.51867
7004.69374
6537.59881
5674.80374
4913.6108
4470.62419
4289.76241
4056.96877
3871.47494
3926.01642
4378.1381
4690.02827
5321.21808
5857.22692
6136.5068
6361.12045
6468.13598
6368.96017
6404.4605
6562.09348
6371.31531
6295.66602
6525.24109
7301.07446
7319.06962
7075.72924
6442.95493
5667.62683
4936.39418
4516.01357
4165.80043
4005.78162
3898.97186
4063.20251
4602.81867
4889.12782
5363.9974
5876.70519
6266.36766
6487.9432
6715.14451
6546.04613
6506.08879
6474.56001
6381.39091
6192.54058
6378.8633
7196.37284
7117.82481
6780.60282
6240.69063
5514.9081
4902.42324
4332.81029
4045.22999
3868.36569
3779.98229
3890.08241
4268.32025
4646.56859
5157.98734
5675.59729
5872.5217
6068.22994
6110.51013
5872.57396
5805.74634
5921.47203
5862.01508
5707.18094
5829.95201
6689.56874
6598.91129
6259.28728
5806.82099
5099.53508
4425.10289
3968.27621
3743.39011
3531.88778
3408.62835
3511.80982
3770.55243
3901.18021
4530.84353
5134.40818
5484.10453
5736.43735
5773.44517
5660.9897
5490.37964
5334.75417
5246.44433
5179.95185
5503.84176
6329.89368
6361.46145
6097.8339
5572.6397
4918.07181
4287.05766
3847.51009
3556.01073
3428.6191
3240.03918
3249.40619
3280.55862
3207.2145
3457.91216
3801.36678
4153.78277
4487.1982
4660.30084
4676.256
4593.16649
4477.36973
4369.40744
4344.59264
4616.67969
5418.5984
5398.15838
5053.96938
4868.74703
4483.46452
4015.67875
3646.34031
3342.19523
3063.16243
2904.43199
2949.62728
3029.23378
3108.79672
3453.66406
3821.71155
4203.89534
4692.56603
4878.68769
4968.97549
4881.02898
4709.90848
4598.05736
4458.56386
4671.47757
5639.11446
5786.26172
5523.2437
5149.15372
4564.14999
3975.77991
4091.69961
3970.83976
3881.34074
3836.6555
4020.05319
4343.85067
4456.38331
5021.59288
5601.22828
5908.55989
6090.66131
6179.08219
6031.16401
6009.16861
6084.10095
6118.8851
5989.47933
6222.72378
6881.34967
6849.98477
6501.63864
6035.5665
5157.11816
4449.11905
3955.95425
3694.81939
3580.79389
3540.42917
3725.60534
4093.10613
4327.71632
4847.17262
5407.88564
5638.48361
5836.18022
6068.94877
6023.80777
5991.03979
6074.98338
6069.62841
6005.93986
6176.41637
6841.33606
6763.95492
6419.83191
5839.33286
4973.35196
4418.12507
4247.82511
4050.9993
3963.12197
3979.04636
4132.24707
4491.87554
4697.97119
5241.83296
5742.89849
6014.10773
6183.43958
6275.41758
6196.48052
6104.91924
6210.57144
6228.82698
6164.56051
6249.57877
7126.10724
7101.40528
6739.10665
6256.09886
5504.11018
5143.85059
4784.35717
4539.01406
4065.97239
3956.0403
4315.56023
4682.49358
4763.91689
5180.722
5677.36898
6007.88927
6409.05179
6572.79897
6325.04655
6296.88551
6428.58027
6512.36085
6415.27035
6494.80572
7261.62594
7185.00423
6872.13897
6282.89581
5686.12074
5048.85303
4656.731
4262.09424
4117.52646
4146.41454
4238.21094
4391.83835
4449.84768
4975.49079
5578.87905
6106.28967
6498.47934
6692.76868
6496.79999
6178.28106
5845.85007
5598.14195
5447.52451
5723.05004
6515.82396
6587.72914
6301.68659
5859.47415
5211.87387
4578.58391
4125.72028
3837.40731
3699.09863
3767.4079
3792.2883
3697.38637
3703.26405
3869.07154
4037.13767
4260.1227
4485.80071
4660.4667
4758.38845
4663.18583
4453.01513
4346.10461
4272.29964
4586.76761
5511.43274
5705.4895
5550.4371
5142.98915
4553.2748
4222.61932
3973.95321
3691.02408
3526.21322
3592.57903
3856.72273
4296.30715
4469.78351
5003.18339
5533.94231
5830.79943
6155.93619
6396.27452
6210.79586
6210.43392
6367.84883
6346.87397
6149.17059
6135.14644
6890.25024
6869.55778
6538.88937
6151.63115
5468.56387
4957.18281
4445.66818
4155.28006
4082.46786
4047.69326
4119.04841
4217.76275
4329.37794
4793.20469
5431.89446
5710.90156
5992.15818
6136.78649
5989.53955
6021.64492
6113.64898
6238.32818
6107.46233
6007.9013
6811.77661
6725.14322
6408.84278
5988.57373
5465.1758
5044.28861
4808.27497
4545.4645
4325.89973
4254.8059
4415.0752
4739.36943
4940.36796
5530.24807
6104.79645
6350.90289
6581.6006
6783.90282
6609.75643
6576.92758
6750.12616
6738.9829
6527.9562
6545.73045
7122.48977
7126.97215
6937.29324
6498.36479
5666.7185
4958.87166
4476.45704
4253.13756
4156.37846
4255.15509
4456.88588
4639.64565
4868.53193
5402.50907
5929.80153
6322.73602
6598.58713
6791.81616
6617.06488
6603.80137
6740.55611
6747.05337
6565.42042
6608.35602
7240.27485
7273.2264
7165.79794
6706.38278
5933.51201
5260.18797
4873.84164
4644.49731
4486.58925
4436.15764
4584.26932
4860.86585
4948.1683
5437.65396
5696.04687
6038.18404
6348.89318
6487.30109
6289.30991
6198.41194
6156.06724
6033.45303
5948.03597
5899.34398
6696.08281
7055.00505
7103.88817
6725.72137
6158.81684
5592.36462
5524.71022
5311.17148
5110.75438
5123.99922
5171.69314
5298.51155
5311.44484
5782.12496
6353.81593
6775.38314
7015.65974
7223.3899
7111.55632
6926.40522
6783.47874
6697.64553
6532.48904
6668.82921
7698.10829
7700.12804
7412.27143
7024.50146
6531.7472
5968.07016
5401.40742
5266.23127
5010.01282
4821.71129
4656.12678
4656.56981
4409.8551
4670.65269
5141.21132
5508.87608
5857.57698
6012.7455
6050.68383
5951.35554
5775.15833
5683.5039
5560.93464
5633.89428
6879.30265
7020.37281
6936.43861
6633.86671
5987.7494
5339.81412
4877.73286
4650.26261
4496.83021
4463.85367
4597.4329
4713.74135
4894.79719
5439.21972
6213.52579
6537.51088
6894.50411
7134.50799
6938.68228
6854.50284
6957.72759
6927.60551
6737.16949
6628.65999
7571.30351
7626.03001
7385.31147
7003.86195
6261.30836
5569.68682
4985.46064
4625.97556
4332.26166
4222.97829
4422.5873
4639.60928
4829.04166
5292.83065
5656.86162
5932.9108
6075.86511
6292.74183
6108.6552
6004.51561
6099.13153
6044.18011
6045.00671
5929.49801
6718.22604
6813.37551
6577.00516
6312.76411
5835.98312
5359.03974
4684.17572
4395.33736
4281.95744
4214.53453
4251.78537
4320.52795
4283.08575
4565.06289
5272.16122
5723.83429
5879.00472
5831.45909
5645.10222
5400.17672
5122.70049
5003.25316
5009.66
5119.83711
6298.76462
6355.65089
5927.57892
5437.18425
5002.25236
4813.1134
4624.56576
4454.19368
4276.56097
4066.95845
3953.3258
3833.51942
3348.15367
3165.01929
3431.71164
3730.19713
4004.76784
4146.57269
4186.75338
4117.46145
4050.04196
4028.2585
3979.24966
4108.18268
5292.64603
5529.46371
5352.97331
4950.22108
4410.9237
3938.93714
3930.84689
3748.82417
3705.18442
3723.20477
3809.37477
4013.95348
4084.34484
4371.59282
4991.92568
5374.23622
5783.68349
6050.31253
6113.38901
6134.15474
6217.71799
6052.60738
5599.46246
5564.68156
6625.17071
6860.69944
6602.29319
5996.64319
5348.5061
4771.23225
4481.13719
4300.66919
4211.00048
4106.11509
4149.17051
4262.40028
4067.76342
4218.18205
4739.36112
5151.93487
5596.04744
5837.38126
5793.75479
5628.901
5487.17265
5378.99626
5207.78284
5216.28095
6457.96643
6668.30077
6422.39764
5811.26492
5178.78098
4608.29553
4432.50555
4243.53054
4022.74369
3900.62145
3863.89508
3822.65468
3365.22479
3636.48553
3968.81018
4320.46607
4616.32485
4774.92325
4818.58616
4752.63246
4625.05787
4543.18979
4480.59464
4565.81854
5720.64687
6000.42879
5874.95614
5505.50428
4913.40576
4337.87352
4219.18317
4091.58555
3957.53533
3863.80363
3992.99395
3974.24646
3835.02302
4312.24317
4835.66653
5311.67714
5648.87273
5898.51268
5804.33356
5687.28157
5722.41967
5649.07434
5483.04199
5392.23834
6328.13571
6512.72857
6231.37641
5661.53041
4921.38548
4386.38631
4299.77031
4066.34529
3864.02842
3828.23107
3887.94925
4081.932
3952.48095
4476.40269
5060.41884
5396.97144
5686.82851
5864.82883
5729.21343
5611.58547
5661.83557
5601.78359
5402.10944
5284.33183
6244.54937
6450.55068
6200.32888
5703.97126
5094.40816
4426.74551
4072.51777
3883.27481
3684.53
3618.2604
3666.38846
3619.78835
3401.57193
3802.90305
4461.83415
4756.74454
5074.73209
5106.32772
4827.72908
4605.82068
4426.39815
4287.69359
4211.30141
4287.27974
5427.34203
5667.28439
5296.96508
4827.43456
4400.89342
4055.85972
0.001
0.001
0.001
0.001
0.001
0.001
0.001
0.001
0.001
0.001
0.001
0.001
0.001
0.001
0.001
0.001
0.001
0.001
0.001
0.001
0.001
0.001
0.001
0.001