10.66
0.06
1.22
0.36
1.15
0.05
0.00
1.72
1.10
3.94
1.73
1.27
1.08
0.60
0.00
0.00
2.76
4.07
44.89
97.72
37.55
11.23
7.99
7.69
6.70
7.82
8.22
7.25
7.50
8.74
7.41
10.61
10.59
10.67
10.30
1.83
0.64
1.87
1.53
1.80
0.00
2.16
93.27
224.73
190.90
59.83
4.34
0.15
0.72
0.15
0.95
0.68
0.98
3.46
0.37
1.00
3.54
16.02
17.98
56.63
41.94
41.72
56.10
26.82
3.78
1.01
83.26
191.50
190.77
138.04
45.73
1.83
0.12
0.60
0.15
1.05
0.46
2.67
1.96
0.81
74.71
103.38
19.15
1.78
1.59
1.59
1.99
1.60
1.18
9.24
114.81
232.43
222.53
138.31
75.41
15.67
0.16
0.62
0.26
0.34
0.47
0.06
0.06
0.08
1.48
80.03
71.80
57.83
24.75
1.60
27.45
29.16
6.73
1.42
108.67
201.10
63.04
0.99
1.66
0.03
0.03
1.17
0.06
0.50
0.82
1.09
0.09
0.03
132.91
201.86
126.69
12.11
5.91
12.01
30.06
36.92
11.14
2.13
69.31
231.71
231.90
128.30
5.25
1.12
0.09
0.06
0.18
1.09
0.52
2.37
0.06
2.60
3.50
3.81
1.44
2.37
1.96
1.56
2.30
1.95
1.13
10.44
128.80
231.10
165.00
85.86
8.84
7.88
8.25
5.83
0.12
0.12
0.93
1.25
0.09
1.64
0.86
1.57
2.16
3.07
2.21
2.37
2.29
0.00
0.63
1.38
89.61
232.63
215.68
96.05
1.49
0.43
0.09
1.11
2.96
0.94
1.10
3.26
4.42
0.86
53.18
52.22
31.77
33.43
12.68
2.56
3.02
19.59
17.46
53.49
207.09
405.29
365.01
198.24
59.02
6.98
0.09
0.09
1.00
1.31
1.43
3.43
1.45
0.06
1.90
31.05
79.35
98.32
83.17
68.46
171.78
163.79
99.02
89.11
165.52
253.09
274.79
174.10
73.10
8.02
0.73
0.12
0.09
0.17
1.19
2.35
1.03
1.17
23.44
80.07
152.08
201.30
111.34
75.69
107.61
148.61
121.24
129.17
219.76
292.83
335.31
245.09
100.08
1.94
1.11
1.32
0.11
0.85
1.00
4.89
2.44
0.63
13.13
93.05
132.23
160.77
83.64
77.65
112.33
111.24
63.48
88.23
180.38
281.80
283.25
217.95
54.65
4.73
5.23
4.64
3.73
2.78
4.58
9.23
32.04
0.06
30.31
87.70
125.21
155.38
97.91
75.98
114.80
110.11
76.67
92.38
258.66
384.79
382.84
350.66
262.85
17.00
0.56
0.09
0.18
0.09
0.09
0.43
0.09
1.81
3.28
1.28
2.98
8.42
8.21
0.08
0.44
1.82
0.03
1.82
127.39
213.07
176.34
61.05
2.48
3.01
1.86
0.09
0.09
0.09
0.12
0.09
0.12
1.46
0.44
0.06
1.04
0.03
0.16
1.47
1.13
0.17
0.63
0.92
63.41
82.07
69.50
7.60
0.75
0.06
0.09
0.09
0.91
0.30
2.07
1.73
0.29
1.50
1.33
0.92
11.56
43.66
22.83
21.85
70.22
78.22
46.32
3.26
2.32
2.96
2.65
0.70
1.72
1.53
1.16
0.09
0.06
1.42
0.88
4.48
1.75
0.06
1.06
4.10
45.17
53.11
52.38
58.76
119.92
137.29
74.32
30.24
7.20
25.65
16.21
4.08
7.22
2.72
0.06
0.06
0.06
0.78
0.64
1.94
1.45
1.71
0.67
26.08
102.81
126.29
69.04
107.19
151.03
152.80
136.31
43.71
4.81
1.82
9.54
1.92
0.19
1.82
0.51
0.06
0.12
0.90
0.62
1.73
1.30
0.64
1.74
2.00
4.26
2.78
2.52
2.28
2.17
2.47
1.08
0.67
0.43
2.15
1.04
1.86
0.12
1.10
0.06
0.06
1.08
0.09
0.76
2.22
1.51
1.14
2.84
43.18
73.39
127.70
61.36
25.50
40.36
29.44
0.06
0.76
4.68
52.19
52.22
29.04
1.99
1.80
0.06
0.06
0.06
0.62
1.08
0.12
0.12
0.94
1.35
15.18
25.27
37.25
22.94
0.68
0.43
0.00
1.37
0.87
81.56
144.55
190.48
83.35
159.28
108.39
1.62
1.30
0.84
1.02
0.80
1.24
0.09
2.28
10.27
101.73
181.28
54.24
19.80
2.82
0.78
0.37
0.86
0.03
125.74
219.41
186.88
44.51
1.08
0.09
0.09
0.12
0.09
0.83
1.44
0.47
1.00
0.29
8.29
40.43
39.87
107.28
84.78
100.69
157.09
170.97
150.53
73.03
124.90
148.29
145.39
72.49
62.95
0.34
0.12
0.24
0.12
0.50
1.69
2.34
0.94
1.73
2.00
25.07
7.04
39.10
45.49
46.98
112.61
132.68
76.11
67.29
99.55
81.42
101.71
72.28
59.01
0.17
0.82
0.10
0.20
0.09
0.09
2.78
1.64
1.69
3.32
3.09
39.03
45.40
44.39
84.79
119.29
121.22
106.02
113.28
109.51
148.75
208.76
211.16
76.39
16.21
10.25
8.38
6.09
0.41
0.71
1.74
16.92
2.05
24.70
72.29
143.29
194.44
150.24
101.14
99.82
56.78
41.70
53.49
134.16
145.80
139.91
113.18
52.48
2.38
0.23
0.09
0.06
0.06
1.08
1.81
0.09
1.12
1.45
55.96
140.04
147.05
126.50
98.35
102.93
80.89
17.11
60.26
148.71
138.89
154.94
87.70
57.59
4.43
2.18
0.06
0.33
0.12
0.06
0.94
0.06
0.28
0.19
0.49
58.76
65.21
95.63
73.44
63.99
65.00
61.88
63.39
162.45
214.93
247.86
140.43
90.93
16.92
0.06
0.06
1.34
0.06
0.77
0.06
0.03
1.10
2.17
0.39
0.00
0.87
0.85
0.00
0.00
0.00
0.35
0.62
79.32
150.22
194.84
39.85
2.66
1.26
0.16
1.23
0.62
0.06
0.57
0.06
2.17
1.31
39.65
68.28
56.44
69.94
60.06
62.43
78.25
102.53
53.92
73.33
77.25
80.78
77.62
71.94
62.90
1.05
0.06
0.06
0.03
0.09
0.06
1.60
0.36
1.42
2.72
155.23
193.01
192.51
202.40
207.45
221.01
219.46
155.65
124.32
82.44
82.07
79.52
196.20
80.92
1.17
2.03
0.06
0.34
0.06
0.85
1.72
0.92
0.81
2.40
24.58
71.56
74.07
74.52
75.00
75.64
75.46
73.16
70.50
80.53
83.24
81.08
73.87
60.95
0.39
0.06
0.08
0.93
0.06
0.63
1.78
0.43
0.83
10.94
92.03
89.40
87.94
103.19
79.49
123.96
114.30
71.47
69.68
77.30
84.29
87.38
80.28
67.86
1.95
0.06
0.38
0.10
0.06
0.20
1.75
1.03
0.92
0.52
42.14
76.43
120.07
100.42
85.12
80.92
71.76
69.41
72.18
96.02
83.28
126.57
186.69
114.66
7.49
0.27
0.03
0.06
0.09
0.06
0.84
0.06
1.90
1.54
0.00
1.62
54.97
66.66
65.72
67.75
65.33
65.41
66.80
119.91
202.89
209.00
90.19
66.10
0.06
0.06
0.09
0.09
0.09
1.00
0.09
0.09
1.81
0.36
0.10
0.27
0.86
0.73
0.43
0.00
0.00
0.54
0.04
83.77
181.36
136.03
5.97
1.55
0.15
0.15
0.18
0.15
1.20
0.15
1.33
0.92
1.33
1.80
63.31
70.39
72.53
72.31
72.54
68.84
67.55
65.43
66.43
108.03
84.23
121.37
74.66
62.74
7.85
0.09
0.09
0.09
0.09
0.15
1.80
0.92
0.69
4.48
45.85
68.06
107.22
130.81
134.80
148.11
153.99
135.78
130.22
152.52
185.93
208.30
206.70
139.97
10.15
1.29
1.01
0.12
0.12
0.14
0.40
7.07
1.45
0.06
54.33
67.02
127.09
129.13
133.89
162.13
157.24
130.13
130.09
151.87
160.52
158.67
152.94
141.90
15.48
0.09
0.12
0.09
0.73
1.39
0.12
1.19
0.62
0.73
60.39
67.52
122.14
131.39
138.78
141.90
138.65
134.21
134.69
164.34
164.25
203.34
176.33
142.78
1.63
0.09
0.12
0.19
0.51
0.16
2.96
1.86
0.80
2.10
59.59
74.13
121.90
136.46
143.05
169.95
184.85
141.36
133.55
190.58
169.11
208.73
197.09
158.41
17.17
1.43
0.09
0.12
0.24
0.60
1.04
0.09
1.63
3.00
3.87
42.32
52.47
51.15
49.75
11.80
29.31
24.21
63.94
96.55
129.37
148.37
161.09
61.82
3.29
4.92
0.09
0.12
0.09
0.12
0.09
0.12
0.88
1.10
1.41
2.64
3.14
1.37
1.33
1.28
1.57
0.87
1.52
25.21
130.97
104.54
31.75
1.96
0.09
0.09
0.09
0.12
0.43
1.04
0.12
1.08
0.06
3.33
81.49
129.15
187.14
199.98
197.79
229.40
244.61
255.38
157.77
190.91
179.31
209.36
173.96
148.14
33.28
1.23
0.09
0.12
0.09
0.12
1.46
0.77
0.94
20.62
159.80
224.58
260.04
280.65
286.04
312.18
313.70
260.00
160.53
152.24
159.17
177.84
202.99
151.10
12.35
0.72
0.00
0.00
0.06
3.12
1.11
0.20
0.41
12.98
100.56
159.26
195.23
127.02
85.15
104.52
95.41
69.18
64.68
76.33
81.56
141.05
76.24
64.28
10.76
0.26
0.03
0.00
0.00
0.00
1.52
2.42
0.00
1.21
0.00
17.50
42.75
68.29
68.87
72.00
70.70
66.49
65.30
75.64
80.07
123.60
79.40
61.74
0.24
1.47
6.86
7.81
7.85
8.31
9.49
0.15
0.51
2.37
0.15
21.28
95.69
79.24
82.78
106.86
88.39
71.52
69.59
94.86
89.55
141.31
81.53
63.63
0.06
0.06
0.06
1.10
0.09
0.12
0.65
0.49
1.93
1.41
0.78
0.33
0.70
0.61
1.15
0.78
1.07
0.99
0.00
1.37
9.04
7.84
2.39
1.36
1.11
0.06
0.83
0.19
0.12
0.15
0.71
0.03
2.19
1.29
1.23
0.49
1.02
0.54
1.75
1.64
0.00
0.65
0.00
2.00
30.24
7.01
0.92
0.70
2.06
0.61
0.41
0.23
0.06
0.27
1.88
0.06
3.06
2.45
1.92
2.19
2.30
0.92
0.61
0.89
0.00
0.54
1.32
0.06
0.06
2.84
2.30
0.81
0.06
0.06
0.06
0.06
0.09
0.06
0.56
0.06
2.18
3.10
1.93
0.72
2.12
0.08
0.84
1.66
0.61
1.63
1.78
0.54
0.84
39.36
6.68
14.70
1.85
0.06
0.31
0.06
0.06
0.06
1.17
0.77
1.11
0.00
13.69
89.99
92.39
82.29
82.07
73.98
36.64
42.93
42.69
83.86
71.37
125.05
92.31
60.82
0.06
0.06
0.07
0.06
0.23
1.56
0.63
1.59
1.55
8.08
55.78
90.16
103.12
111.51
99.16
145.36
155.19
114.10
65.28
72.07
76.19
154.23
81.33
53.34
0.03
0.18
0.21
0.06
0.09
0.09
1.26
0.45
1.16
1.20
0.79
49.73
122.63
93.05
81.72
121.91
127.38
70.49
66.92
72.68
77.12
74.36
69.75
63.65
3.13
0.06
0.09
0.28
0.32
0.09
0.30
0.09
2.16
4.51
2.09
0.03
1.34
0.50
0.00
1.13
0.58
1.53
0.38
0.62
0.42
1.79
1.63
0.71
0.09
1.06
0.07
0.09
0.06
0.09
0.77
0.09
1.87
3.30
1.39
1.36
2.00
0.00
0.64
1.18
1.02
4.28
12.48
36.18
119.98
95.96
22.81
1.13
0.06
0.15
0.06
0.27
0.06
0.11
3.07
0.06
1.91
1.70
0.85
2.54
85.98
48.79
88.67
101.64
102.06
83.90
96.99
206.47
163.10
245.82
168.87
144.11
65.55
0.19
0.00
0.00
0.64
0.00
0.34
0.84
1.65
0.09
1.53
2.88
50.79
63.91
67.73
70.28
66.80
67.50
65.57
136.51
159.55
213.81
160.82
142.31
15.56
0.19
0.00
0.28
0.00
0.19
2.86
0.79
3.24
1.95
3.47
2.28
65.98
67.98
70.92
71.90
71.74
69.39
71.35
81.04
84.73
83.23
79.16
63.18
2.60
3.34
1.96
1.84
1.34
0.58
3.25
2.91
2.15
1.58
2.86
7.00
59.55
77.69
78.93
79.93
74.27
67.56
68.57
76.85
81.62
132.66
78.40
64.59
4.21
0.09
0.12
0.38
0.33
1.45
2.49
0.62
1.58
67.24
197.16
217.05
289.23
246.61
217.58
236.06
266.48
209.12
67.01
72.39
76.78
75.75
70.87
59.10
2.11
0.87
0.23
1.27
0.24
1.12
1.71
2.04
2.36
2.72
3.00
0.88
1.04
3.94
2.26
3.66
1.72
2.56
2.98
14.10
56.52
54.65
14.22
2.53
1.46
13.79
13.23
12.76
13.34
12.55
13.19
12.65
14.25
13.55
15.48
15.16
16.38
15.32
15.24
15.22
16.68
16.83
13.25
83.58
181.95
120.71
7.56
2.12
0.18
0.78
0.12
0.15
2.01
1.98
4.39
2.76
1.42
2.42
55.25
114.09
162.61
175.93
174.12
176.05
183.98
141.40
110.16
167.95
169.74
170.08
164.76
154.94
29.20
1.18
0.44
0.12
1.03
2.31
3.98
3.25
0.68
3.47
67.89
93.84
201.24
174.60
172.84
176.56
166.69
93.71
89.82
130.32
135.14
134.22
124.69
141.35
4.36
2.09
0.25
0.00
0.00
0.48
2.53
24.25
0.00
3.19
113.87
140.71
203.59
232.49
232.62
234.43
188.78
172.87
100.22
163.98
176.62
176.48
168.22
156.97
16.71
0.41
0.00
0.67
0.84
0.00
3.13
1.72
1.11
1.47
24.42
57.05
120.36
118.72
113.79
138.72
140.47
103.79
115.69
162.89
168.65
169.97
167.18
157.03
12.55
0.00
0.95
0.00
0.00
1.22
0.92
0.00
1.53
18.03
3.45
4.14
69.09
66.83
68.20
69.01
67.56
67.10
68.62
77.13
80.39
78.68
72.67
67.02
3.54
0.56
0.27
1.47
0.72
0.81
1.41
0.24
2.36
1.79
1.34
1.68
0.80
1.81
0.89
0.37
2.22
0.26
56.16
73.84
74.46
71.06
69.60
61.49
6.59
2.92
0.82
0.18
0.21
0.18
0.31
0.18
1.35
1.17
0.09
0.59
0.89
1.72
0.98
1.94
0.57
0.50
57.62
74.30
78.84
76.88
72.98
66.65
3.61
0.15
0.18
0.15
0.15
0.15
0.18
1.37
1.64
2.42
1.73
7.96
94.05
90.36
78.61
78.76
81.02
72.27
62.15
77.77
80.18
80.15
72.54
65.29
0.98
0.15
0.18
0.18
0.18
0.21
0.18
1.45
1.11
0.83
1.37
1.52
57.95
63.70
68.98
72.30
70.45
71.04
71.52
80.60
83.83
79.51
73.34
63.55
0.12
0.12
0.12
0.15
1.69
0.34
1.00
0.15
1.01
2.52
2.76
24.07
90.44
90.54
105.13
121.76
120.08
74.01
84.85
126.50
134.41
133.83
127.25
122.53
2.72
1.81
0.15
0.39
0.26
1.38
1.39
1.13
2.32
3.30
1.97
3.05
62.74
66.32
76.11
85.02
78.75
71.60
96.27
129.60
136.69
138.34
132.38
118.91
10.11
3.28
1.33
0.15
1.33
0.18
1.29
1.66
1.85
2.03
2.23
0.59
85.80
106.48
112.28
114.27
112.83
109.05
111.61
126.82
133.66
134.57
129.14
123.88
2.04
3.42
3.79
1.25
1.56
0.53
2.14
1.05
2.62
2.99
3.03
1.96
1.51
0.76
2.46
2.01
1.73
3.90
2.56
62.15
76.66
75.33
69.19
64.40
10.89
0.28
0.18
0.18
0.40
0.69
0.31
0.18
0.39
1.05
1.85
0.43
0.57
1.66
1.59
0.34
0.09
1.37
51.70
72.86
75.79
73.63
68.07
60.74
7.78
2.03
0.18
0.18
0.21
0.21
0.24
0.18
1.02
0.12
5.26
33.85
96.05
92.62
92.31
92.86
93.39
91.90
110.31
171.78
177.70
158.66
151.61
137.31
0.03
0.09
0.00
0.00
0.00
0.00
1.77
1.06
1.19
0.33
0.86
6.26
102.54
127.54
129.86
177.87
198.88
144.99
130.23
156.27
164.37
164.12
160.88
149.50
6.42
0.00
0.00
0.00
0.00
0.00
0.00
0.00
0.00
1.99
0.68
1.40
105.27
136.16
141.94
154.31
143.96
129.68
133.70
156.48
164.06
164.26
158.96
141.87
9.32
0.00
0.00
0.00
0.00
0.00
0.00
0.00
0.00
1.91
2.87
0.61
128.10
145.74
137.31
138.56
136.41
133.27
137.66
155.48
162.04
162.91
157.22
99.99
1.70
0.00
0.00
0.00
0.00
0.00
0.00
0.00
0.00
0.00
0.58
33.60
104.52
119.71
121.44
124.84
120.26
89.44
71.65
77.64
82.21
78.32
73.47
69.26
7.96
0.00
0.00
0.00
0.00
0.00
0.00
0.00
0.00
1.77
0.00
0.72
1.10
1.35
0.00
0.76
0.27
1.00
40.74
65.72
70.70
69.04
68.90
62.33
6.08
1.53
0.55
0.00
0.00
0.00
0.00
1.50
6.48
1.74
1.40
0.46
1.72
0.04
1.96
0.82
0.13
1.22
36.86
63.53
66.78
64.81
58.42
53.14
4.93
0.00
0.00
0.00
0.00
0.00
0.00
0.00
0.84
0.53
0.01
8.02
107.92
176.11
181.69
195.85
203.63
177.50
139.56
158.40
168.51
169.62
161.96
141.39
6.63
0.00
0.00
0.00
0.00
0.00
0.00
2.18
0.81
0.56
0.49
8.39
136.67
175.09
176.62
219.43
213.37
184.02
139.91
160.98
172.73
170.62
167.44
145.41
2.42
1.80
0.00
0.00
0.00
0.00
0.00
1.41
0.45
0.97
1.14
79.64
141.97
203.34
214.68
234.75
206.08
142.86
141.82
161.54
171.51
170.78
164.50
152.28
21.60
3.13
0.92
0.18
0.54
0.18
2.21
2.20
1.75
2.92
0.41
43.52
155.49
201.73
206.32
207.54
204.38
143.11
140.66
159.71
169.57
171.14
166.20
155.18
8.68
0.00
0.50
0.00
0.41
1.08
1.64
0.00
1.61
3.23
7.40
70.21
141.96
142.32
114.62
106.98
95.34
71.06
66.17
78.52
81.67
78.61
75.10
67.14
7.45
1.87
0.00
0.00
0.00
0.17
0.60
0.00
1.40
3.49
0.80
0.26
2.50
0.86
0.00
1.40
50.13
64.52
69.96
75.21
77.44
73.80
72.65
64.76
6.55
0.14
0.00
0.00
0.00
0.00
0.44
0.00
1.22
1.49
0.38
0.40
49.40
69.90
66.25
68.49
68.88
68.48
72.63
76.07
79.54
77.96
72.49
67.20
14.80
0.00
0.00
0.49
0.00
0.22
1.61
0.00
2.50
1.51
0.91
1.85
88.78
96.99
105.50
137.81
139.40
125.08
72.74
131.54
191.76
210.84
86.87
63.28
1.94
0.07
0.44
0.32
0.80
1.39
1.28
0.11
0.57
12.13
39.45
47.48
165.26
165.65
146.95
201.63
201.21
160.71
151.13
267.83
313.37
315.94
145.17
78.31
11.28
2.98
0.00
0.55
0.88
0.48
0.65
0.00
1.17
1.01
0.30
1.37
81.75
92.04
90.77
121.27
105.92
76.32
84.43
237.33
307.89
308.41
149.92
80.52
29.49
0.26
0.00
0.00
0.00
0.04
2.57
0.00
2.35
25.12
62.28
112.39
205.56
211.53
199.75
222.97
237.79
208.92
187.25
353.72
418.96
352.40
211.99
66.36
1.63
0.00
0.00
0.12
0.38
0.00
1.64
0.00
1.28
0.85
1.85
1.01
14.00
61.05
61.32
59.72
58.05
60.22
66.59
204.41
279.14
173.84
96.44
60.20
2.49
0.00
0.00
0.00
0.67
0.16
2.15
0.00
0.00
1.92
0.90
0.36
21.94
62.24
63.34
62.24
61.63
61.37
64.61
191.27
235.23
108.93
73.53
63.00
6.98
0.00
0.00
0.64
0.00
0.35
1.08
0.00
1.56
1.04
1.31
1.12
48.97
53.91
53.84
57.29
62.45
62.40
63.53
167.15
248.13
195.72
74.87
64.48
2.76
0.39
0.00
0.00
0.39
1.27
2.26
0.00
2.24
0.79
0.93
1.38
73.41
80.90
70.51
70.19
89.27
91.21
71.24
158.94
239.19
200.07
91.70
63.28
3.56
0.00
0.14
0.00
0.00
0.14
1.59
0.60
1.35
1.73
26.26
56.27
118.18
103.71
138.08
147.99
130.61
80.95
104.39
288.50
334.56
297.94
221.36
156.86
18.09
0.34
0.21
0.45
0.49
0.43
2.90
0.18
0.61
1.85
26.42
54.73
166.22
166.57
157.48
216.01
213.57
129.21
136.97
269.10
316.99
305.17
240.73
133.88
1.56
4.56
0.66
0.18
0.44
0.41
2.28
1.69
0.79
12.28
51.14
50.99
52.27
50.98
51.44
52.05
51.29
52.75
54.60
94.44
131.65
124.12
23.97
0.83
1.90
0.21
0.22
0.24
0.91
0.68
1.68
0.78
1.30
0.09
0.21
2.61
2.45
0.03
0.03
0.06
1.62
0.27
2.28
2.00
0.30
1.05
1.03
2.44
1.63
3.46
0.17
0.29
0.80
0.52
1.15
0.09
1.38
2.09
7.39
101.45
117.96
131.40
127.33
122.08
65.62
66.09
87.52
184.28
276.70
245.76
149.94
249.33
172.00
13.98
3.92
0.92
1.71
1.51
2.42
0.09
1.27
3.77
98.30
97.76
168.18
211.99
211.28
197.67
161.43
142.46
146.19
187.44
207.64
135.03
71.23
62.45
1.28
0.06
1.14
0.36
0.06
1.44
1.98
0.32
0.66
0.94
0.95
1.77
99.85
138.73
144.46
189.17
192.71
154.76
140.92
297.20
220.29
176.30
165.80
153.05
1.41
0.92
0.12
0.09
0.12
0.09
1.72
0.09
0.41
0.88
0.14
53.87
246.13
213.48
183.63
151.87
176.94
145.58
144.02
304.46
261.99
183.84
163.65
151.97
191.01
199.80
22.33
0.12
0.31
0.72
2.31
0.12
1.45
2.04
0.13
0.90
68.96
72.71
75.82
73.36
72.98
71.94
74.34
184.43
181.93
171.75
94.48
63.35
8.78
0.00
0.00
0.18
0.00
0.58
4.23
6.49
0.67
1.20
56.31
63.14
64.41
67.32
67.55
66.53
67.73
65.03
69.54
156.89
151.87
169.50
118.04
69.84
62.12
7.88
0.30
0.19
0.00
0.32
1.90
0.00
1.08
22.60
72.48
72.41
74.58
73.61
74.28
72.60
73.03
72.05
74.40
157.39
244.03
241.04
145.84
128.02
64.42
1.84
0.88
0.22
0.71
0.92
1.33
0.09
0.09
16.61
66.92
71.08
71.51
72.28
75.53
76.80
70.43
72.70
75.34
281.28
349.09
244.55
163.00
123.20
11.37
1.70
0.37
0.36
0.51
1.19
1.07
1.53
1.78
2.12
35.82
60.19
60.84
61.81
61.79
61.35
60.82
62.57
83.77
178.95
234.16
192.58
133.58
231.41
48.08
1.97
0.87
1.14
0.28
0.06
41.82
80.11
80.75
80.87
79.77
54.26
109.55
202.65
208.07
209.05
204.85
197.35
170.31
175.63
180.58
181.52
168.47
139.88
5.15
0.03
0.61
0.87
1.15
2.38
2.01
0.00
3.31
1.23
0.73
2.41
101.36
137.55
145.29
141.14
140.22
134.62
138.94
158.73
165.48
164.89
159.06
133.78
3.93
0.33
0.03
0.66
1.25
1.54
2.51
0.03
2.39
2.35
0.59
3.21
108.65
153.02
159.24
159.02
154.83
146.07
147.13
165.86
172.98
173.23
173.94
164.09
17.18
1.10
0.12
0.13
1.59
3.16
2.34
1.51
3.28
3.15
2.06
2.52
90.65
147.87
154.70
178.14
191.90
151.48
149.88
247.05
279.87
279.33
233.75
196.69
16.69
8.26
0.55
0.09
2.75
0.30
0.15
0.25
1.67
2.44
0.78
2.19
85.26
126.09
130.41
131.64
130.14
125.72
123.81
232.14
236.35
264.93
178.16
137.25
7.33
0.30
0.92
1.15
0.06
1.95
1.08
1.84
2.21
36.65
102.04
168.59
174.58
175.61
226.29
250.29
224.59
149.52
138.95
268.47
259.54
248.92
211.35
156.43
75.43
2.08
0.87
0.72
0.34
2.39
0.06
0.06
0.03
0.03
0.00
0.00
51.28
117.38
120.29
75.49
128.17
125.91
132.02
268.89
311.20
243.50
181.95
159.04
28.66
0.09
0.09
0.06
0.09
0.09
0.25
0.06
0.06
0.03
1.00
5.07
131.56
145.34
151.81
150.54
144.39
140.48
138.22
259.50
275.32
182.55
162.80
153.04
27.19
1.13
0.07
0.00
0.62
1.49
1.54
0.00
2.63
0.77
1.00
1.00
72.01
137.34
138.64
137.76
135.65
133.26
138.07
239.51
380.50
404.35
214.71
164.34
31.31
0.00
0.00
0.31
0.03
0.70
3.13
0.00
3.02
1.72
1.12
1.96
135.95
155.23
158.24
157.93
153.61
148.59
154.33
195.51
187.89
183.88
177.67
151.47
4.67
1.39
0.00
0.87
1.62
0.00
3.74
1.19
2.31
2.38
1.51
1.43
69.40
107.33
72.16
72.99
70.72
68.25
67.03
113.63
103.12
126.18
77.44
66.42
7.16
0.73
0.00
0.05
0.11
1.07
3.80
1.24
0.94
2.62
33.89
2.54
69.84
68.71
66.81
68.85
70.03
67.52
68.54
155.30
148.25
156.41
189.68
111.18
11.28
2.94
0.67
0.00
0.15
2.23
0.62
0.00
2.86
0.76
2.50
0.00
26.94
70.46
68.14
68.70
66.65
66.60
71.77
198.17
167.46
83.77
73.60
62.04
1.12
1.06
0.42
0.00
0.20
4.40
0.34
0.00
1.63
2.13
2.63
1.33
1.70
29.77
66.28
65.43
66.75
65.36
68.65
80.51
81.35
78.82
74.38
64.57
1.69
0.00
0.00
0.00
0.57
2.02
2.36
0.38
0.77
1.27
1.21
0.20
52.85
71.88
74.85
73.40
72.22
70.95
73.51
100.68
93.80
80.81
73.41
66.25
9.16
0.00
0.02
0.57
0.54
1.34
1.79
0.00
1.80
1.82
1.12
11.67
84.33
71.39
72.67
72.89
73.77
70.07
70.27
123.84
123.20
80.39
74.90
64.36
4.02
0.41
0.00
0.00
0.75
0.87
1.57
0.28
2.26
0.56
0.68
1.05
58.81
61.92
63.02
63.35
63.44
60.91
54.07
75.76
109.82
78.93
73.07
64.92
0.25
0.00
0.00
0.64
0.98
1.22
2.64
0.41
2.87
1.28
0.00
3.00
58.97
78.86
81.56
82.73
76.72
76.48
77.00
84.38
87.06
85.34
79.45
70.75
7.10
0.54
1.16
0.03
0.55
1.71
2.17
1.79
2.21
3.35
0.86
2.29
45.80
73.26
111.99
148.27
141.78
139.27
145.11
166.18
171.23
171.14
169.02
145.16
7.15
2.26
0.03
0.74
0.06
1.50
0.83
1.10
0.14
3.17
60.90
67.41
71.03
67.85
68.09
65.67
62.24
57.27
75.57
171.90
190.26
156.35
152.95
126.43
0.06
0.06
0.09
0.59
0.09
0.18
2.49
0.09
1.65
1.02
7.33
50.60
51.73
93.02
121.67
121.38
119.83
118.75
127.19
165.28
172.97
154.30
150.64
140.28
13.20
0.06
0.09
0.06
2.73
2.02
1.48
0.10
2.27
3.73
1.93
0.37
102.23
143.03
151.71
153.42
153.26
145.41
146.66
233.43
278.12
205.95
169.79
158.71
0.96
0.09
0.06
0.29
0.06
0.09
2.79
0.76
2.84
3.00
0.41
1.87
96.48
150.87
148.44
151.43
149.97
143.80
142.43
257.32
259.91
183.22
172.19
160.98
98.19
1.07
0.00
0.60
0.00
0.54
3.59
0.00
1.54
3.16
1.84
0.03
94.10
147.00
155.02
155.37
151.23
146.19
147.28
230.90
227.08
137.86
74.34
67.28
20.24
0.12
0.09
0.74
0.09
0.09
3.48
0.09
1.04
2.08
1.34
8.01
85.83
143.26
148.13
149.65
149.37
143.69
139.87
251.27
257.62
176.22
164.55
153.40
55.48
0.12
0.84
0.09
0.37
0.48
3.51
0.41
1.71
2.86
2.41
16.46
117.79
125.69
127.88
128.29
123.08
121.71
121.40
260.23
330.67
270.05
144.57
133.36
35.82
1.24
0.28
0.00
0.51
0.25
3.03
0.00
1.49
2.08
51.48
98.12
26.13
74.55
79.51
112.40
121.97
120.64
127.46
170.96
300.39
291.91
194.81
137.02
0.25
0.35
0.30
0.30
0.00
0.97
1.22
1.74
1.64
3.53
0.00
2.02
37.59
42.50
43.13
42.90
43.09
44.31
124.77
157.30
181.60
148.47
146.08
132.19
2.78
0.06
0.13
0.09
1.21
1.38
3.06
0.27
0.95
1.72
0.52
99.78
125.66
127.93
135.53
136.01
134.93
129.10
130.94
266.91
321.93
295.33
187.79
137.62
2.33
0.36
0.12
1.47
0.57
1.22
3.35
0.06
2.39
1.88
0.28
43.34
67.48
110.18
123.09
130.99
125.79
124.46
93.35
208.78
210.36
112.97
53.51
41.21
0.24
0.66
0.39
0.73
1.05
1.17
3.80
0.09
3.47
1.33
1.14
63.77
93.55
63.08
67.62
67.89
64.64
64.03
58.61
144.99
211.17
143.16
72.41
65.59
10.73
0.26
0.48
1.05
0.36
0.36
3.21
0.36
2.06
2.21
1.83
91.02
119.19
124.69
128.42
80.24
55.33
92.95
106.81
203.76
276.80
153.03
126.47
119.59
18.46
1.12
0.12
0.12
1.00
1.10
2.34
0.12
2.92
3.31
1.55
76.10
112.12
109.71
112.67
113.66
112.51
111.26
114.60
172.28
213.66
180.09
129.89
287.50
136.14
41.31
20.40
0.32
0.12
0.85
1.75
0.21
69.00
110.71
167.09
258.44
241.95
209.35
163.07
149.83
70.65
67.72
193.19
276.53
349.54
346.77
270.15
303.85
39.69
0.06
0.94
0.09
0.89
0.09
0.59
0.16
2.82
1.47
1.54
27.80
62.29
62.90
62.85
62.93
63.31
61.12
65.16
76.38
84.47
88.99
74.06
53.77
0.09
0.09
0.26
0.82
1.85
1.41
2.51
1.18
1.64
2.41
1.62
95.62
303.53
225.01
163.93
161.73
156.05
151.50
152.33
307.49
375.58
237.75
175.25
165.86
8.67
0.14
1.05
0.27
1.03
2.23
2.17
0.56
1.17
1.84
25.58
119.71
122.57
125.01
131.14
131.53
131.01
126.17
125.01
270.02
354.42
264.07
152.75
114.01
1.40
0.12
0.12
0.12
0.09
0.12
1.77
0.09
36.82
25.59
7.30
70.31
122.68
125.93
78.81
78.72
62.95
62.05
134.14
231.50
353.30
249.49
151.28
134.26
2.23
0.12
1.06
0.12
1.62
2.02
2.14
1.04
1.54
1.25
0.56
5.43
120.70
123.35
125.34
144.66
153.74
124.46
154.46
275.99
397.09
344.78
271.53
160.40
1.12
0.85
1.41
0.52
0.38
0.68
3.23
0.90
2.21
1.47
0.99
77.75
123.07
124.37
129.05
143.99
127.27
121.72
163.72
300.35
341.96
241.94
151.12
128.01
5.92
2.44
0.43
0.12
1.64
1.92
1.45
0.06
2.30
2.65
1.94
1.67
2.03
2.11
1.69
2.10
1.82
2.18
106.68
276.41
360.73
260.09
195.44
129.78
17.50
1.06
0.28
0.06
1.20
0.72
0.97
0.03
1.42
2.07
2.46
2.86
1.30
3.10
2.28
1.56
2.34
1.83
114.65
209.81
272.51
202.73
170.89
159.93
29.98
1.09
0.50
0.37
1.00
2.06
3.11
0.71
1.20
4.06
2.44
105.19
120.98
123.41
124.27
124.57
120.67
117.47
115.13
136.08
142.49
146.82
144.44
131.27
25.02
0.85
0.09
0.60
0.43
1.83
3.42
0.63
2.15
3.46
0.85
61.50
71.62
70.93
73.87
74.91
76.25
72.77
79.73
188.43
265.61
197.35
145.04
133.11
2.31
0.82
0.15
1.20
0.15
0.12
2.67
1.04
2.19
1.21
19.67
89.20
75.38
69.81
74.81
79.23
82.32
79.04
90.86
192.19
225.83
142.21
116.73
98.38
10.68
4.63
4.42
4.76
5.98
4.37
5.31
5.44
5.75
5.42
8.71
6.36
79.39
76.19
77.79
78.18
80.19
76.54
80.78
201.46
277.45
172.11
153.30
134.13
70.81
3.10
4.95
3.32
3.61
4.52
7.27
4.52
7.21
6.18
5.82
7.57
8.35
56.26
60.33
60.63
57.88
58.80
61.61
100.11
117.19
75.59
75.69
55.32
8.26
4.69
5.85
4.84
6.86
5.87
5.58
6.83
5.81
9.03
6.62
6.94
6.27
6.68
6.83
6.77
6.61
6.94
86.43
129.01
132.84
133.14
129.08
119.19
17.61
4.45
3.44
4.45
6.01
4.09
5.33
3.19
3.43
6.02
6.03
5.30
5.47
6.31
6.43
5.94
6.17
5.21
108.29
166.92
178.11
177.57
168.65
148.61
37.65
5.50
4.28
3.59
4.48
3.86
6.98
5.02
5.30
6.00
8.04
114.36
126.11
127.34
133.05
134.72
130.07
119.55
126.74
252.28
330.61
244.69
137.62
119.86
8.50
4.62
5.64
4.75
5.06
4.87
7.94
3.88
9.79
20.24
4.43
107.78
114.73
115.92
122.70
126.12
123.49
113.84
123.09
250.15
357.10
275.37
145.53
120.30
5.35
7.13
4.59
4.56
4.16
3.33
6.86
4.84
7.39
6.99
9.69
101.11
117.95
118.73
122.26
123.75
122.22
119.81
122.86
258.43
312.28
209.22
137.53
123.15
5.73
5.11
4.76
3.81
3.64
4.43
6.43
3.56
5.70
6.80
68.12
57.15
125.30
123.76
107.97
125.60
124.60
124.10
126.17
237.54
314.90
222.28
155.44
138.61
17.80
16.37
15.53
5.58
5.17
2.66
7.55
5.96
7.12
6.80
14.10
106.84
120.86
121.92
125.74
127.70
125.58
124.02
123.54
254.13
315.79
214.77
147.89
137.62
12.26
4.80
5.68
3.63
4.70
5.36
6.71
4.72
7.02
7.29
6.56
53.04
69.90
69.51
68.58
70.05
68.31
69.88
97.01
207.16
223.40
142.07
127.96
120.61
8.32
4.05
4.64
4.04
4.57
4.07
6.42
3.76
5.92
6.24
55.65
68.48
70.06
70.09
67.68
66.50
66.05
67.41
113.69
129.51
138.32
138.02
133.29
124.81
21.18
4.04
5.25
5.77
5.77
6.41
7.75
4.70
7.34
8.26
83.07
154.52
192.97
128.34
126.23
174.12
260.64
274.23
273.73
321.97
323.28
320.43
339.83
290.01
66.56
5.02
4.75
4.82
4.19
3.99
4.39
3.39
5.18
11.20
56.10
173.80
236.21
241.82
246.33
216.58
218.50
194.72
187.32
311.77
335.66
305.60
222.34
174.04
7.93
6.55
4.87
4.73
4.04
3.88
4.77
4.57
6.08
12.31
82.28
156.13
202.33
214.17
192.08
233.36
234.36
160.24
130.30
244.43
260.97
160.74
139.27
124.33
5.98
5.92
5.11
5.31
5.66
5.98
7.13
3.59
4.98
6.10
36.77
74.47
76.36
75.45
78.29
79.34
76.77
76.85
84.87
259.67
334.62
237.08
180.69
159.35
25.57
5.87
4.53
4.53
4.71
5.90
6.96
5.60
7.79
8.61
138.91
174.64
175.46
175.60
174.32
200.20
192.93
170.74
172.99
287.45
283.24
241.55
243.09
161.10
7.80
162.94
84.05
4.43
4.86
4.57
6.48
4.07
5.18
75.66
106.73
128.64
164.21
169.19
172.55
148.82
141.51
102.22
113.67
257.79
294.93
295.59
242.22
130.72
8.26
4.20
6.20
3.52
4.25
3.98
4.37
2.57
4.62
4.12
5.43
48.87
66.43
66.32
65.48
68.18
66.84
71.18
154.58
173.33
179.76
178.22
172.56
147.78
9.52
7.18
6.78
6.19
5.79
5.03
8.72
6.88
8.37
7.62
34.48
75.65
75.69
76.29
76.51
76.77
75.31
73.11
115.43
205.18
233.26
154.11
145.71
105.83
3.77
6.86
5.51
6.18
5.42
8.32
8.29
5.17
9.84
9.51
79.17
78.48
124.37
131.53
136.35
135.27
129.68
124.61
127.17
249.66
351.42
296.42
161.55
95.59
10.13
7.23
7.49
5.12
5.22
4.80
6.64
7.33
6.20
9.76
68.79
86.72
150.78
158.17
162.77
144.39
75.79
74.78
73.62
172.26
225.10
111.89
79.97
60.47
4.49
4.93
5.80
4.60
5.29
40.51
62.43
65.02
70.87
76.66
78.42
59.22
90.79
129.05
131.44
125.03
78.71
75.97
75.94
177.02
192.68
98.72
79.42
64.49
6.27
5.71
6.77
8.35
7.48
7.77
8.37
8.03
9.41
10.00
8.74
68.73
81.53
81.60
84.65
83.54
78.95
73.19
77.59
187.44
219.96
115.74
79.47
65.88
5.55
90.53
109.80
59.96
6.38
5.82
6.94
5.43
9.19
6.86
52.07
69.61
69.61
72.91
72.36
70.49
70.10
67.69
97.22
189.72
227.93
163.66
131.73
115.67
14.12
6.31
6.39
5.03
5.23
5.56
6.23
4.70
6.64
6.14
51.48
64.69
70.22
66.82
68.20
68.02
67.64
65.45
77.33
129.50
143.03
146.27
138.98
103.00
7.36
5.48
4.95
5.27
5.91
5.61
8.28
3.70
6.20
7.02
78.70
123.43
178.13
153.37
146.76
196.84
204.84
201.95
165.77
281.66
401.01
302.96
158.11
121.28
7.17
7.17
6.34
4.70
6.03
5.50
6.16
7.15
8.56
9.56
25.09
71.82
71.53
71.73
73.03
74.86
68.15
65.88
114.72
265.14
427.70
326.18
210.48
153.79
85.66
8.32
7.72
6.55
6.28
6.09
6.54
4.09
6.92
8.82
16.29
89.91
120.08
118.93
122.50
121.33
119.70
114.56
127.51
217.14
248.06
195.38
145.78
123.33
74.67
4.09
5.41
4.60
5.68
4.71
8.15
5.17
6.87
7.48
7.75
6.51
29.46
107.37
12.94
6.90
11.77
55.03
142.63
268.63
334.94
230.95
180.87
154.02
22.88
5.29
4.63
5.27
5.09
5.98
7.18
5.80
7.03
8.52
8.01
7.84
71.09
129.39
166.69
168.71
165.31
161.15
166.04
270.58
346.04
232.79
178.66
299.32
133.57
7.57
6.14
5.38
5.52
6.27
5.48
5.87
7.10
11.62
81.93
97.48
94.79
96.00
98.19
98.59
98.22
98.88
106.20
354.59
463.70
416.00
287.84
127.72
7.30
6.46
6.92
5.95
5.70
6.42
5.70
5.08
4.47
5.69
6.94
6.15
68.81
97.30
98.30
79.62
94.71
96.42
181.46
380.87
475.98
443.21
356.97
201.15
5.48
7.42
6.89
5.87
5.11
6.35
5.98
41.87
27.43
98.56
298.58
300.15
315.90
319.34
286.43
284.00
282.08
264.37
281.64
393.12
454.13
363.28
244.49
130.88
8.70
4.83
5.20
5.58
4.93
5.95
8.32
5.97
7.20
35.75
105.45
157.38
205.86
222.64
204.01
217.43
213.01
138.24
134.86
276.30
383.58
253.06
130.07
111.17
13.76
6.45
6.15
7.72
5.61
6.38
8.79
7.28
7.42
8.41
130.12
142.06
177.55
155.99
158.54
227.32
228.80
211.81
159.78
290.93
380.76
304.65
185.95
90.01
6.50
5.11
5.71
4.47
5.20
6.22
7.30
4.89
7.14
10.04
77.20
111.39
112.59
111.82
115.84
119.36
119.92
115.37
109.61
163.55
221.48
147.79
112.30
99.43
8.77
3.99
5.27
5.30
6.24
8.02
8.58
5.75
6.73
9.15
8.90
8.84
97.37
104.26
107.26
109.59
109.37
105.68
103.49
237.33
291.85
170.95
109.66
90.60
6.18
4.77
6.13
5.24
6.35
5.92
7.06
4.86
8.12
7.79
8.59
7.26
48.61
60.64
63.55
63.72
63.08
63.13
66.06
85.27
90.19
89.05
84.35
77.72
12.50
6.97
4.83
5.55
5.21
6.16
5.25
3.70
5.25
7.81
64.67
68.21
71.17
68.95
68.06
66.30
64.82
67.14
72.63
79.80
84.61
82.79
76.54
70.55
6.76
5.50
5.24
6.52
6.18
6.10
7.55
5.77
7.61
6.88
7.32
8.44
75.84
121.97
101.94
81.03
80.51
77.75
79.37
197.93
240.12
116.75
80.72
73.00
12.70
7.33
5.30
4.24
4.06
4.33
5.18
6.13
5.92
6.38
7.83
67.35
74.17
91.54
122.57
127.49
127.99
117.27
120.61
224.33
288.64
202.24
124.28
112.39
13.39
11.14
5.71
4.77
5.28
6.61
6.82
4.47
66.85
73.16
70.81
99.04
125.59
119.05
117.15
119.78
119.64
116.75
118.47
130.03
132.26
131.32
126.69
77.80
6.02
6.50
7.42
7.82
6.16
6.66
10.38
7.46
9.81
7.02
8.74
67.56
77.74
76.94
78.97
80.50
80.06
75.79
76.31
99.00
97.14
83.12
76.96
58.38
5.68
3.70
6.12
5.78
6.22
5.96
7.93
6.17
7.93
77.27
127.85
133.72
133.02
129.75
132.75
132.55
127.26
123.13
121.86
171.94
173.10
131.28
125.87
86.62
8.76
7.21
4.05
4.31
6.24
5.70
58.61
91.57
102.87
109.65
111.11
165.16
215.71
208.65
206.35
122.56
104.59
104.46
105.44
181.68
181.38
124.04
114.36
139.20
9.37
6.62
7.43
5.11
5.68
6.74
7.27
4.60
5.92
18.14
63.62
62.48
66.34
66.24
66.52
66.45
66.84
66.93
66.40
79.04
85.16
85.11
79.59
69.07
14.54
4.75
5.90
5.10
5.86
5.68
7.09
5.88
8.07
8.41
6.84
6.81
72.30
82.39
85.10
84.26
81.28
77.21
79.40
133.12
208.21
97.52
80.20
58.97
6.34
7.20
6.85
6.09
5.42
5.33
7.17
56.99
77.57
84.37
84.25
90.22
91.89
96.13
97.62
95.53
92.98
95.79
102.26
231.93
321.60
235.72
118.91
85.39
4.45
5.21
6.52
4.40
5.77
3.05
6.80
4.99
6.98
7.22
6.74
73.48
78.72
76.76
78.39
79.51
80.12
80.88
79.91
209.16
252.36
153.17
84.61
71.34
6.44
6.31
5.32
6.53
5.19
5.80
19.43
97.87
106.31
117.43
122.42
124.86
122.20
118.08
120.72
120.35
120.88
118.14
157.57
224.94
270.12
203.13
185.40
137.71
4.95
6.93
4.88
4.78
4.92
6.55
6.33
5.70
7.85
7.95
52.72
79.69
81.49
79.44
79.81
80.33
78.11
90.20
157.34
188.03
183.03
181.62
176.35
129.62
2.99
4.77
5.44
5.49
6.22
6.48
6.04
4.36
8.72
6.28
6.69
7.70
6.39
6.83
6.13
5.01
9.60
5.61
122.25
144.19
148.79
148.50
144.29
98.18
4.50
5.56
5.46
3.91
4.31
5.04
28.70
82.17
89.18
96.35
101.84
105.22
106.73
107.04
104.35
102.45
101.89
115.72
185.29
216.63
228.78
229.49
220.38
164.82
7.86
6.67
5.53
4.87
5.73
5.88
7.08
5.62
7.80
8.23
7.84
79.82
87.27
162.86
203.66
204.35
193.39
190.90
194.27
287.65
332.07
252.07
215.06
129.40
4.42
5.72
4.77
6.49
6.08
6.66
7.98
5.94
7.76
9.02
6.08
9.05
99.20
148.95
196.12
204.45
203.00
197.97
201.04
304.95
335.52
262.14
223.49
134.64
4.84
6.34
3.81
3.42
4.26
3.96
6.74
5.86
6.92
8.15
5.65
79.70
151.54
154.44
141.76
160.46
158.11
153.11
156.25
259.17
293.98
196.22
182.52
132.04
4.06
7.09
4.57
4.58
5.53
5.07
50.94
94.75
106.75
116.03
121.59
124.56
127.93
128.45
133.59
132.42
133.16
129.39
171.56
285.67
340.56
270.79
231.53
176.85
4.23
6.70
4.65
5.69
4.98
4.32
5.87
4.58
6.44
9.68
6.08
127.33
193.15
198.24
204.02
206.77
203.40
196.06
196.17
295.53
323.51
245.24
222.03
139.02
7.27
6.50
6.19
5.23
6.21
6.26
6.92
33.68
92.47
96.41
105.88
109.44
111.32
111.29
111.64
111.88
109.61
123.98
190.56
213.33
221.05
219.54
214.41
140.38
5.45
6.15
4.96
4.99
5.49
4.89
6.32
4.62
6.52
5.62
6.00
6.01
4.98
6.26
5.55
5.51
5.14
5.51
140.07
204.37
219.36
218.19
210.97
150.76
6.16
5.39
5.22
5.37
4.32
4.65
6.57
6.63
4.06
7.51
6.93
9.66
164.38
194.91
193.83
209.21
237.72
231.65
188.24
276.25
303.10
228.17
219.17
174.49
13.29
5.25
6.18
5.65
5.75
4.17
23.18
81.16
96.93
103.60
111.34
167.49
196.55
196.67
200.01
231.33
228.67
193.42
120.07
158.51
222.72
133.48
121.90
96.50
5.30
6.11
5.21
5.62
5.59
6.36
7.09
6.02
6.87
7.64
6.27
9.52
160.08
169.32
175.84
175.71
175.34
170.88
175.28
248.60
260.90
206.75
186.30
132.53
6.44
6.99
5.20
5.71
5.77
6.07
37.08
47.32
55.74
63.58
65.66
106.83
296.73
121.65
118.78
114.50
112.62
113.70
122.96
139.96
143.63
141.07
135.05
97.85
9.04
2.07
2.91
1.65
2.52
2.96
5.97
2.96
7.05
5.34
6.54
34.39
150.60
154.69
158.61
161.98
160.40
152.53
155.26
178.35
189.00
188.24
180.18
167.37
59.43
6.43
6.38
6.02
6.11
6.52
7.91
4.19
6.85
41.60
109.06
110.33
111.41
111.94
112.56
112.81
113.08
110.69
111.15
125.15
127.84
124.36
119.21
105.49
6.93
5.40
5.12
5.06
5.04
5.30
6.03
4.43
5.53
6.05
3.58
2.21
95.99
96.24
93.72
90.73
89.35
90.00
93.54
110.13
112.57
109.36
102.02
87.12
0.17
1.07
0.12
0.85
0.80
0.49
1.97
1.05
24.00
31.28
31.30
47.98
136.88
155.13
146.74
193.57
190.38
184.73
186.71
212.27
220.23
218.52
206.40
177.92
0.06
0.65
0.41
0.09
0.31
1.05
0.67
0.06
2.00
0.38
2.15
14.32
116.00
113.79
113.76
71.35
103.51
101.06
144.92
163.55
165.26
171.61
159.15
128.41
2.20
0.44
1.94
0.44
0.03
0.03
10.42
48.59
53.95
59.59
61.30
63.49
92.79
138.24
142.60
159.86
189.40
183.53
185.00
215.62
227.47
227.27
216.44
169.23
0.03
0.03
0.28
0.03
0.06
0.06
0.90
0.08
0.03
2.13
84.94
115.93
153.31
197.28
205.32
204.35
195.11
191.91
195.51
223.18
235.23
233.32
223.36
209.46
82.05
1.28
0.16
0.57
0.59
0.30
1.35
0.74
0.66
1.34
95.09
117.99
185.51
189.08
194.90
195.22
182.55
180.99
186.48
208.78
211.56
205.80
204.54
161.87
0.09
0.18
1.14
1.16
0.16
1.10
4.79
75.62
83.85
91.40
96.40
99.84
101.04
102.88
103.03
102.94
101.17
99.11
164.42
203.38
203.15
200.41
195.36
135.47
0.09
0.09
0.44
0.21
0.64
0.27
47.34
72.02
75.86
80.81
84.86
88.28
91.48
94.16
94.34
95.92
94.82
112.70
177.60
207.04
216.34
217.97
210.20
156.62
0.06
0.84
1.53
0.65
0.16
0.51
1.90
0.03
0.91
2.94
2.15
70.92
130.67
152.98
162.89
160.93
160.20
157.50
155.36
179.37
185.25
182.94
175.38
132.08
0.06
0.41
0.06
0.09
0.06
0.19
3.53
0.06
2.58
2.36
1.74
10.19
124.39
162.31
166.58
163.89
160.13
154.61
181.20
227.80
243.52
237.96
228.92
164.16
0.15
0.12
0.12
0.09
0.09
0.66
1.05
0.77
0.80
3.09
4.69
134.03
189.65
211.58
216.49
217.95
216.04
207.50
208.91
236.80
249.00
245.69
234.45
210.72
34.13
0.09
0.42
0.62
0.42
0.48
1.63
0.94
2.47
9.17
0.03
150.37
205.99
210.54
218.57
217.66
214.25
208.63
206.89
229.83
238.26
235.00
223.82
159.58
4.85
0.40
0.36
2.90
1.69
0.49
0.50
1.08
1.34
0.03
93.56
138.60
188.81
191.15
195.38
196.46
193.76
187.93
193.40
221.44
223.21
220.56
207.61
130.92
1.45
0.94
1.51
0.81
0.09
2.17
1.55
0.03
0.96
1.84
0.86
0.80
1.48
0.26
1.36
0.46
0.33
2.04
113.45
208.83
211.42
208.55
201.23
140.70
0.29
3.01
1.10
0.13
0.06
0.03
1.56
0.03
0.00
0.00
0.64
0.00
2.07
1.02
0.08
1.33
0.00
0.80
86.65
113.25
111.12
107.42
100.86
59.76
0.31
0.00
0.18
1.36
0.04
0.00
0.00
0.26
0.65
0.77
0.95
0.19
0.40
0.00
1.26
0.00
0.32
0.53
63.02
82.79
81.44
79.55
72.37
50.76
0.00
0.62
0.00
0.24
0.00
0.16
1.24
0.00
0.00
1.12
70.12
56.90
44.53
69.85
73.90
73.92
73.10
70.72
70.79
79.67
83.50
80.04
73.20
65.98
1.20
0.47
0.00
0.09
0.00
0.36
31.73
56.44
62.12
69.99
70.77
67.76
68.55
69.50
71.80
71.60
64.00
60.88
62.08
70.00
72.52
70.16
67.61
51.76
0.04
0.90
0.44
0.00
3.12
0.09
35.01
48.52
52.16
57.79
63.18
63.04
63.68
64.92
66.07
67.33
67.41
61.72
60.80
71.16
73.55
71.00
65.24
59.11
1.30
0.00
0.00
0.00
0.00
1.12
1.44
0.00
1.92
0.00
37.02
71.40
71.24
77.53
77.78
70.84
59.80
58.16
59.20
111.64
112.12
108.07
98.68
86.06
0.17
0.00
0.00
0.00
0.00
0.00
1.21
0.00
0.39
0.65
1.43
0.53
0.00
0.04
0.47
0.05
0.00
1.13
81.80
119.97
119.64
116.88
111.32
94.34
0.00
0.00
0.00
0.00
0.00
0.00
0.00
0.00
0.00
0.41
0.00
0.00
0.06
0.34
1.82
0.00
1.08
0.00
96.14
116.09
123.18
120.56
114.37
86.57
0.00
0.14
0.00
0.00
0.61
0.00
0.00
0.00
0.14
2.22
76.39
74.75
75.84
74.18
70.98
71.74
72.16
72.32
74.85
88.44
128.75
80.00
76.18
68.20
0.68
0.74
0.00
0.00
0.00
0.00
1.75
0.00
0.00
0.00
30.29
72.05
72.08
73.08
74.25
76.80
77.12
74.04
72.91
88.86
122.20
85.96
87.79
79.51
47.72
7.02
6.15
9.22
7.25
13.00
13.97
10.44
10.71
98.43
151.98
175.47
175.89
175.40
78.19
75.98
74.05
71.44
75.13
127.87
148.55
81.08
72.80
58.16
0.45
0.00
0.09
0.00
0.00
0.00
0.52
0.14
1.14
0.00
0.84
1.30
1.21
1.00
0.87
2.39
10.43
0.55
0.33
40.10
64.47
72.78
77.22
58.24
0.04
0.68
0.01
0.41
0.00
0.00
0.85
0.00
0.53
1.70
2.14
0.41
1.41
1.20
1.31
1.97
0.64
1.08
12.64
112.35
139.33
80.97
77.12
72.04
1.70
0.00
0.00
0.00
0.24
0.00
0.55
38.74
61.94
65.52
197.13
213.50
197.60
196.22
194.98
177.44
135.57
135.88
144.98
139.58
163.36
159.33
205.16
152.26
29.24
0.86
69.99
75.09
48.64
22.67
29.74
4.99
11.70
30.31
93.65
128.62
171.21
173.36
160.13
130.79
130.72
130.94
245.93
313.20
317.59
316.29
308.08
133.71
46.08
55.22
8.00
1.40
0.35
1.50
125.66
180.03
150.35
84.06
49.94
231.22
256.28
264.69
269.34
243.49
213.55
207.00
215.30
214.50
331.87
351.81
243.39
312.11
236.46
15.39
0.06
1.00
0.53
40.40
59.64
138.51
217.21
206.11
205.70
207.85
240.16
260.55
261.89
261.64
258.02
255.51
260.94
264.15
283.20
257.82
248.45
298.99
211.81
22.22
0.46
0.20
1.65
2.28
3.26
1.04
0.65
3.06
1.40
87.27
277.34
220.81
121.02
300.03
315.71
143.86
120.50
241.59
256.82
247.78
132.01
284.37
201.74
234.00
250.39
251.24
250.13
249.29
194.64
179.43
162.50
161.35
160.85
238.27
271.94
272.82
276.35
276.82
273.23
271.76
283.26
294.44
295.22
291.44
284.95
308.19
219.09
155.54
149.95
150.00
151.33
157.80
198.28
244.58
253.42
251.21
258.27
317.79
319.00
319.74
296.82
295.25
291.35
290.42
299.64
230.96
198.58
199.84
309.07
123.57
0.06
36.35
53.92
2.82
0.36
0.06
1.19
33.47
98.80
158.47
173.14
287.27
318.66
315.61
342.63
273.27
79.67
66.47
202.43
354.76
362.11
357.05
408.35
396.59
153.36
55.60
143.13
159.51
158.53
157.02
185.53
98.89
139.73
181.75
203.64
207.27
209.58
221.55
225.18
225.75
223.14
180.09
184.30
198.38
132.05
171.82
314.15
231.75
123.36
100.30
93.77
94.00
77.43
85.20
202.42
214.32
205.50
123.94
207.74
290.81
398.83
416.29
426.64
435.77
436.07
428.19
424.65
365.27
345.09
300.65
337.58
188.60
26.37
256.57
276.13
276.13
279.23
290.75
234.45
207.54
257.49
335.81
371.56
341.54
340.80
382.57
393.49
413.03
410.43
397.74
342.97
286.27
272.67
290.84
328.66
404.42
375.24
303.12
249.45
249.59
249.28
265.54
220.06
199.46
199.82
168.67
152.07
249.80
263.24
243.80
249.25
246.37
244.33
236.42
234.95
193.79
227.95
327.91
261.75
306.10
245.00
289.74
299.86
300.11
300.40
284.98
289.55
296.12
234.42
236.95
241.07
254.95
321.76
328.54
335.75
340.81
336.19
329.13
333.78
261.18
247.90
280.85
322.48
391.87
269.39
245.34
243.44
244.80
244.35
245.27
204.45
185.78
171.26
173.29
171.34
273.71
297.03
316.74
322.19
323.43
319.20
308.69
314.93
212.33
196.40
222.10
312.68
345.57
308.71
227.92
229.51
230.42
230.66
230.70
231.12
220.95
186.90
167.41
69.88
12.09
80.93
178.47
186.20
210.64
229.87
230.82
275.99
220.26
217.11
213.38
204.99
195.66
117.34
157.77
180.60
180.42
217.30
239.98
294.24
213.17
292.82
318.92
298.18
302.11
304.89
306.96
281.23
282.42
285.83
284.79
279.83
256.20
256.63
247.60
318.94
347.33
105.15
226.30
236.15
213.10
200.01
224.39
217.10
181.59
176.82
92.16
44.13
209.06
257.86
259.31
212.12
206.06
246.63
246.07
246.61
209.96
195.01
201.98
280.79
311.47
184.16
247.29
250.67
250.50
250.18
249.33
228.53
171.99
172.22
134.59
113.28
313.55
320.25
301.63
309.77
311.97
307.51
301.64
314.57
225.36
222.16
244.92
314.29
197.10
187.97
233.51
240.24
241.09
239.70
234.40
180.96
148.38
140.47
102.08
91.65
220.74
221.29
232.05
241.58
242.61
227.54
224.80
159.50
134.76
131.48
129.29
214.17
240.80
196.33
222.21
240.31
240.64
239.34
240.75
182.70
129.32
117.18
167.92
153.24
122.61
211.07
218.26
223.66
217.86
222.06
221.44
205.44
189.26
184.50
173.74
151.18
154.25
126.99
179.19
110.05
91.28
89.96
90.12
179.20
238.10
232.82
300.92
263.24
292.85
95.73
309.88
360.59
203.03
154.62
311.60
364.49
203.00
182.61
177.60
325.64
393.09
290.53
221.72
210.94
210.04
210.92
209.98
199.48
181.18
152.17
251.07
235.16
230.46
230.45
230.69
239.49
240.04
240.76
240.23
294.51
241.62
237.58
247.89
298.68
306.25
231.44
232.37
240.38
240.21
221.74
221.72
282.75
178.85
219.02
282.32
282.01
270.10
178.63
143.71
140.98
159.36
179.81
183.86
192.76
336.75
208.09
265.92
206.63
242.31
196.41
172.39
150.81
149.84
150.12
107.80
100.85
118.24
101.53
101.98
76.59
173.17
237.82
218.16
222.79
220.06
207.51
201.76
208.40
235.01
241.89
240.92
232.14
294.31
152.52
3.67
1.07
0.06
50.52
85.43
159.82
169.65
101.61
101.71
100.71
144.83
152.92
156.00
157.33
161.27
154.17
155.98
264.92
282.90
283.30
279.78
269.63
217.82
100.35
10.79
1.56
0.67
0.80
1.11
96.29
99.51
101.28
102.92
109.07
261.40
266.55
275.93
279.00
277.17
273.26
268.23
278.47
158.82
234.72
148.34
194.40
210.94
171.54
34.07
6.52
174.39
238.54
223.95
120.79
100.56
101.28
101.29
106.46
274.71
293.65
299.96
307.16
305.58
299.39
292.96
270.40
230.45
337.46
241.68
301.15
291.00
165.87
29.19
0.09
0.72
154.73
76.41
87.37
99.46
100.45
102.62
84.74
214.02
224.71
236.34
240.86
234.37
219.79
205.91
217.43
168.24
164.53
163.42
205.25
45.22
0.80
1.31
0.36
0.46
0.27
0.82
1.82
0.09
1.86
2.35
3.05
2.30
2.23
0.81
0.91
0.79
1.55
0.03
0.00
3.07
0.80
0.77
2.02
0.03
0.06
1.09
1.95
0.65
0.24
0.99
1.64
0.36
2.46
1.98
2.44
2.11
0.90
1.30
2.56
1.21
2.67
1.34
1.75
2.20
0.99
0.66
2.07
2.17
0.36
0.55
0.64
1.23
0.67
0.84
2.14
0.36
1.66
3.74
1.80
1.97
1.90
1.65
2.95
1.96
2.12
0.71
1.18
87.23
14.34
0.24
1.67
2.04
0.36
0.33
0.61
0.39
1.50
1.33
2.71
0.78
1.32
3.43
1.39
2.34
75.07
119.75
125.83
127.23
125.83
121.83
130.19
279.32
300.14
299.80
163.12
130.10
1.00
0.87
0.94
2.09
0.42
2.63
2.69
0.86
2.05
3.89
2.21
2.18
90.56
130.23
136.39
136.74
138.39
132.95
140.71
245.76
258.03
258.55
162.29
119.09
0.88
155.19
25.85
0.03
81.50
123.73
177.31
39.82
121.74
205.97
165.09
28.89
60.84
86.94
83.65
83.32
176.53
119.30
260.54
139.68
89.09
145.40
205.32
96.56
79.41
12.43
1.44
0.03
0.30
1.59
1.30
0.03
1.86
5.75
1.81
1.92
1.19
0.95
0.00
0.03
2.52
2.06
0.98
3.57
0.03
0.06
1.05
1.55
0.03
0.06
0.28
0.06
0.06
0.06
0.06
0.87
0.52
3.50
2.43
1.53
1.18
1.88
1.62
2.19
2.42
4.78
129.32
150.94
146.63
144.33
137.82
128.26
2.25
0.29
2.67
1.26
0.03
0.96
0.06
0.03
2.63
3.46
1.78
3.00
1.43
1.74
2.56
1.81
1.94
2.09
46.28
64.92
64.65
62.74
61.63
39.18
0.03
1.13
0.03
0.03
0.27
0.82
4.05
0.03
3.01
2.48
2.60
3.15
42.59
46.40
51.57
51.30
50.56
49.59
53.77
60.12
143.86
102.93
62.84
58.83
19.50
0.03
0.03
0.06
0.45
2.68
2.78
0.94
1.99
3.22
1.59
2.38
64.19
67.28
71.66
74.09
73.33
72.94
85.30
208.93
214.92
97.99
86.02
63.93
0.03
1.89
0.33
0.35
1.63
1.42
1.81
0.00
1.51
1.89
1.47
7.32
48.30
48.96
42.08
43.16
43.15
45.64
56.45
106.58
111.37
150.43
66.56
22.44
2.10
0.18
1.29
0.21
0.21
2.14
2.51
1.43
1.24
3.27
1.91
1.49
85.67
107.72
113.38
113.62
112.71
108.65
133.65
246.77
268.68
266.02
149.03
96.55
1.35
2.22
0.66
0.90
0.68
0.09
2.31
2.01
0.87
3.46
0.38
3.17
60.39
70.88
72.98
39.68
65.36
67.38
68.08
157.82
188.59
186.85
17.26
0.12
2.63
0.74
0.23
0.60
1.05
0.91
24.36
83.31
90.50
99.33
103.29
147.09
157.34
158.82
158.18
157.38
155.14
153.60
160.02
214.83
216.12
210.75
126.73
26.51
0.31
0.47
1.12
0.74
0.27
1.18
0.83
0.03
0.99
2.24
2.45
2.05
2.49
41.30
58.35
57.64
58.35
57.69
77.31
211.87
227.89
224.84
124.09
105.44
3.32
1.18
1.04
0.62
0.36
1.25
1.06
0.45
1.71
2.33
0.39
8.42
129.27
127.22
131.54
130.78
126.85
123.48
129.55
197.24
194.66
229.96
134.68
98.53
0.21
1.14
2.12
1.20
1.75
2.08
3.01
1.76
1.71
4.55
2.82
67.70
193.99
201.43
206.72
208.26
197.91
187.60
189.07
196.13
197.03
197.91
124.51
106.92
0.00
1.32
0.85
1.44
1.02
0.54
2.76
0.99
1.64
2.90
0.00
0.12
93.38
127.32
130.94
122.20
119.91
116.38
170.67
211.12
202.75
238.87
129.35
103.09
0.12
1.43
0.50
0.18
0.03
0.64
69.16
98.03
104.65
107.90
113.75
118.71
201.07
218.27
224.27
225.93
224.03
220.69
219.15
323.57
346.48
228.79
195.49
161.43
28.18
2.09
1.75
1.28
1.54
0.03
6.56
0.08
3.23
3.96
2.58
85.86
205.86
204.84
211.21
211.95
210.31
204.04
206.51
233.93
234.19
163.58
128.27
112.26
42.58
1.26
0.03
0.88
0.83
0.88
1.00
0.46
1.52
2.40
94.50
101.64
101.58
170.42
174.81
173.51
173.02
171.81
204.41
237.68
233.05
228.63
131.38
91.15
0.93
3.44
0.33
0.82
1.32
0.24
0.92
0.86
0.00
3.20
88.82
104.04
101.68
102.11
101.09
102.02
101.04
101.39
207.68
236.64
281.10
236.81
132.04
93.92
1.08
1.17
1.03
0.71
1.19
3.04
2.99
2.14
3.26
3.90
30.22
49.82
163.70
219.78
245.99
248.73
246.31
239.91
255.98
319.86
344.54
335.85
269.37
217.75
3.32
1.62
0.38
0.73
0.08
1.88
2.02
0.73
2.28
4.04
82.75
101.69
205.35
219.59
221.94
222.48
221.74
231.06
251.53
204.68
193.07
210.40
271.28
178.08
0.22
0.03
0.98
1.14
0.35
1.21
2.44
1.24
2.64
2.83
88.22
101.27
223.56
225.85
258.22
285.14
283.36
277.75
274.59
315.77
321.08
311.03
294.59
152.66
1.29
0.36
0.15
0.24
0.03
1.21
2.04
2.14
1.48
2.56
3.11
48.69
194.22
228.66
237.44
235.29
228.59
176.95
189.51
202.59
204.96
228.93
204.06
152.17
16.24
0.20
1.31
0.44
0.78
2.02
0.47
0.27
1.04
68.60
101.51
100.57
250.68
280.70
308.70
298.29
273.86
272.55
291.30
378.77
387.94
382.09
333.09
288.53
119.51
77.92
0.20
0.66
0.72
0.03
0.47
1.02
0.35
64.83
81.98
81.83
81.20
181.93
185.19
185.97
185.71
190.19
200.20
135.71
128.94
126.50
190.93
209.46
101.87
6.11
0.84
0.03
0.23
0.65
0.31
0.37
1.51
42.70
51.10
51.28
52.12
51.37
51.84
51.29
51.80
62.01
202.59
241.45
244.55
244.04
235.07
167.03
0.10
0.53
0.06
0.06
0.06
0.06
43.13
89.75
97.94
200.09
212.68
217.30
223.28
218.86
221.97
229.40
227.25
223.30
266.26
279.14
239.58
257.28
298.04
173.23
6.82
1.29
0.12
0.15
0.09
0.63
1.78
1.41
1.71
117.48
125.79
132.46
286.83
296.11
303.74
302.63
220.40
174.62
189.27
207.54
208.14
203.39
192.95
143.51
0.89
1.81
0.08
1.47
1.54
1.41
2.40
1.36
1.04
3.56
2.23
3.85
143.51
156.65
150.17
159.03
153.51
151.84
161.91
176.26
174.84
171.88
162.84
127.61
1.33
0.09
0.25
0.09
0.68
37.25
98.75
100.34
108.71
119.16
118.94
129.41
139.58
158.21
162.69
160.02
156.62
151.63
159.30
170.07
174.57
175.22
167.13
122.32
0.66
0.55
0.09
0.09
0.18
4.22
96.58
96.78
106.83
116.79
121.54
123.18
192.62
203.29
212.98
214.02
210.78
205.40
222.22
325.40
341.66
338.53
331.92
178.51
0.73
1.20
0.10
0.82
1.23
0.60
1.41
1.05
0.95
3.10
1.99
2.59
2.27
105.28
117.49
115.78
115.90
114.19
133.13
167.30
165.21
161.72
155.48
124.04
0.87
1.99
0.96
0.06
0.06
4.09
8.38
5.52
6.57
1.82
2.12
3.26
1.68
1.92
2.92
2.31
1.83
1.43
194.88
235.54
239.56
237.78
225.93
206.18
16.69
0.09
0.41
1.08
0.66
0.09
86.76
103.69
112.34
115.71
111.47
114.87
191.77
210.59
219.62
221.91
218.30
214.50
226.32
348.88
361.60
360.66
350.32
218.10
9.01
0.24
0.09
1.26
0.77
1.79
1.48
1.77
1.79
0.98
2.60
1.95
84.99
157.70
166.27
165.65
162.63
160.17
212.73
365.10
385.10
378.72
239.72
175.45
1.65
1.64
0.91
0.62
1.60
8.67
102.14
106.06
114.89
126.90
128.29
147.81
209.72
214.94
224.93
224.41
215.79
207.78
226.64
358.00
385.73
384.38
242.99
186.63
1.88
1.34
0.47
0.96
0.65
1.31
1.49
2.20
1.64
1.79
3.73
2.68
206.11
208.64
214.51
214.14
209.93
206.53
224.05
237.88
241.10
246.51
211.45
180.27
108.03
100.74
95.37
95.24
90.30
93.37
100.80
105.15
113.25
121.96
128.42
137.11
175.29
173.94
181.66
183.37
176.71
175.22
184.72
196.92
192.76
188.45
177.79
136.21
102.38
97.93
93.13
89.54
87.39
87.49
89.85
90.79
99.22
106.73
113.08
116.61
118.87
117.66
120.76
120.81
116.81
115.36
197.04
273.07
308.77
305.39
223.80
172.04
102.78
95.53
90.96
88.50
86.24
82.69
79.39
78.78
84.64
88.63
92.98
94.66
54.76
2.31
2.72
2.58
2.75
9.26
204.37
227.12
234.43
228.53
219.90
193.19
102.42
95.95
92.75
89.54
87.28
91.51
99.24
100.59
110.60
120.78
123.07
141.49
182.58
189.20
195.06
193.95
188.94
180.64
137.31
235.05
265.49
261.01
236.25
124.49
37.59
1.18
0.03
0.34
0.03
0.40
2.00
1.86
0.00
2.88
3.05
148.36
230.16
235.00
242.04
238.74
236.34
231.79
246.81
302.12
316.89
313.61
304.16
159.62
0.59
1.51
0.86
0.78
1.49
2.45
0.86
0.70
1.55
3.59
2.63
39.10
161.73
235.06
238.72
237.83
226.00
231.46
237.60
181.29
102.14
99.49
14.46
2.04
0.64
1.85
1.31
0.60
1.75
0.77
2.85
0.55
0.73
1.87
2.37
2.55
77.90
135.67
141.54
142.77
139.56
135.27
139.35
222.61
271.80
268.76
157.80
130.75
35.39
0.10
0.41
0.03
0.62
1.87
1.92
1.74
2.04
4.06
3.73
18.03
127.76
127.84
134.67
137.39
137.92
130.65
170.96
319.36
332.86
330.61
212.86
190.62
39.75
0.57
1.36
0.55
1.05
1.44
2.30
0.98
1.54
3.32
2.26
2.32
4.78
75.56
76.49
76.54
76.41
152.22
305.40
376.57
405.40
409.34
393.07
170.97
0.59
2.15
0.03
1.97
0.94
0.58
6.79
80.59
82.17
52.92
89.08
92.33
98.23
102.12
104.60
103.59
104.49
123.97
206.64
230.03
235.07
235.80
227.19
159.37
0.06
1.67
1.10
1.52
0.60
1.05
1.52
0.33
1.71
3.56
2.00
28.57
168.28
131.27
140.34
136.02
139.29
142.62
148.25
248.89
278.53
277.09
178.03
134.72
2.15
0.50
1.46
0.38
76.15
20.41
105.69
108.63
114.32
122.45
126.92
132.50
200.25
204.83
216.23
217.91
216.20
209.60
225.96
208.10
183.68
179.55
168.82
135.68
0.03
1.22
0.15
0.06
0.29
1.19
1.86
1.38
1.38
3.37
2.44
2.07
150.85
166.04
172.94
170.64
168.73
164.24
173.47
183.73
182.42
176.11
168.78
117.88
0.19
1.36
1.26
0.78
0.59
22.14
105.77
108.05
116.06
125.80
130.14
140.21
179.87
182.23
189.49
189.46
187.25
181.68
167.73
148.61
148.46
144.54
134.91
109.58
0.09
0.06
0.82
0.44
1.07
0.56
2.98
0.16
2.27
2.91
1.79
1.82
85.62
151.22
163.71
166.03
162.87
111.03
92.41
147.15
144.45
138.04
131.21
119.38
1.36
1.30
1.02
0.49
1.10
0.49
1.53
0.31
47.89
52.66
52.09
39.28
104.85
93.42
94.17
94.95
88.51
78.40
145.28
168.74
167.75
162.94
155.69
128.93
0.06
0.60
0.83
0.97
0.95
0.77
0.94
0.06
1.10
2.44
2.46
1.96
63.67
65.31
64.17
64.73
66.81
73.22
132.65
190.78
191.39
187.91
150.04
126.84
14.61
0.97
0.31
0.53
0.55
0.48
0.12
0.06
0.78
2.09
2.88
2.57
112.67
131.91
138.52
140.40
135.56
131.43
133.27
233.19
268.67
264.75
152.90
115.64
0.09
0.60
0.06
0.66
0.61
59.61
103.72
104.43
112.40
119.69
123.36
127.89
129.45
131.57
138.66
139.34
138.98
132.86
139.19
203.53
254.83
211.91
138.07
119.97
0.37
0.12
0.77
0.36
0.09
0.22
3.12
0.06
2.42
3.55
3.22
1.95
64.83
85.99
88.45
87.81
86.13
83.57
124.10
258.57
271.78
182.78
139.89
116.37
2.05
0.91
0.78
1.08
1.17
36.04
72.62
70.77
72.51
79.08
81.64
82.07
83.80
84.30
88.19
89.10
88.41
87.18
88.86
164.13
219.96
115.65
92.88
81.41
3.26
0.20
1.31
0.91
0.87
1.46
2.39
0.06
1.91
3.57
1.81
1.03
87.27
122.21
128.60
128.37
126.86
123.39
128.63
244.95
261.76
256.34
149.97
117.02
0.06
1.94
1.15
1.08
0.83
0.84
87.03
87.74
95.26
73.04
162.64
169.08
185.33
237.08
240.01
240.67
239.42
238.51
136.54
139.91
140.73
135.56
129.85
97.89
0.06
0.60
0.06
0.47
0.62
0.99
4.46
1.08
4.59
1.73
93.87
131.07
131.35
130.90
130.42
130.38
130.34
10.62
115.05
139.38
141.32
137.84
130.66
118.59
2.93
0.09
0.06
0.91
0.13
0.46
8.61
0.68
3.38
2.36
0.30
1.44
75.54
135.79
141.33
139.09
139.09
129.78
131.78
114.73
91.43
20.28
2.11
1.17
0.09
0.85
0.09
0.06
0.06
0.09
1.05
0.64
2.67
4.69
3.31
0.82
2.29
117.66
136.82
136.24
134.29
129.14
133.29
148.58
148.19
143.74
134.85
118.36
0.19
1.34
1.04
0.86
0.65
0.53
3.45
1.15
1.63
2.65
2.01
13.73
130.61
133.97
136.56
138.55
136.18
131.90
135.56
150.64
148.67
144.06
134.64
109.88
0.09
1.02
0.54
0.09
0.45
0.19
1.01
1.11
1.31
1.22
2.14
2.16
109.76
124.63
136.81
134.93
133.57
131.00
134.77
149.72
147.23
142.85
135.68
113.06
0.09
1.78
1.42
0.47
1.64
0.58
2.50
0.03
1.77
3.08
1.12
0.32
77.55
128.30
132.65
136.24
133.23
126.27
132.70
151.19
144.82
141.30
133.33
107.80
0.68
0.50
0.36
0.68
0.88
1.25
1.47
4.74
24.09
1.32
2.14
1.24
1.10
93.02
118.69
116.96
116.44
113.55
122.09
142.43
141.27
137.22
129.57
119.11
13.46
0.46
0.36
1.72
0.64
0.78
1.89
0.17
58.30
117.34
120.73
122.92
82.76
81.06
80.41
50.66
1.49
1.33
1.46
3.47
0.57
0.48
1.45
0.62
1.10
0.62
0.31
0.23
0.49
0.76
2.00
0.50
2.05
3.22
2.47
12.82
130.54
131.15
135.97
136.24
132.91
130.34
133.62
227.82
157.95
207.87
144.62
123.10
23.05
0.92
1.60
0.63
0.32
1.08
1.17
1.27
2.34
3.15
3.16
11.07
125.71
130.72
133.43
132.62
131.81
129.50
132.46
148.40
150.30
145.23
136.79
111.33
0.47
0.75
1.62
1.23
1.46
1.36
1.80
0.57
1.43
32.74
144.94
123.63
123.90
119.95
121.48
121.51
120.58
116.29
181.58
205.23
209.17
205.74
198.33
183.96
30.10
1.52
1.08
1.60
1.65
1.76
2.55
1.15
2.72
62.45
122.60
108.40
130.80
132.21
135.51
134.76
132.26
129.11
141.01
161.10
162.55
160.67
154.14
110.83
0.74
42.24
49.75
19.14
0.09
1.19
60.96
109.25
156.71
138.26
139.13
116.96
114.40
123.31
136.20
137.15
135.05
135.65
136.57
106.39
98.15
97.18
90.90
98.15
99.83
31.03
1.30
0.09
0.09
4.83
97.16
98.79
104.76
110.95
118.90
118.60
121.08
118.00
121.67
121.02
121.00
119.76
129.24
147.47
146.94
146.19
138.12
107.14
1.34
2.18
0.84
0.42
0.11
1.54
7.74
0.09
0.30
0.48
0.98
1.91
0.36
0.98
1.01
0.50
1.79
25.92
166.88
193.84
197.54
242.62
194.84
164.70
4.14
0.41
0.65
0.78
0.09
0.88
0.45
0.12
0.83
1.08
1.16
0.74
1.47
1.06
0.78
3.66
0.40
12.81
124.02
142.06
139.36
139.35
131.43
95.99
0.73
1.08
1.42
0.68
0.12
0.88
1.42
0.12
0.17
1.13
1.01
1.79
5.93
1.88
0.69
0.65
0.75
1.93
0.61
6.20
0.09
0.09
1.21
0.09
0.12
0.20
0.86
0.09
0.12
0.32
0.12
0.12
0.44
4.53
74.23
82.08
188.41
198.70
199.83
199.54
197.92
196.03
201.32
242.36
261.01
256.56
141.13
94.00
0.28
0.68
0.58
0.21
0.12
1.47
66.48
82.65
90.57
83.72
71.29
71.97
181.63
182.23
199.79
197.69
193.08
189.67
193.38
149.11
143.38
138.81
129.09
112.24
0.64
1.29
0.52
0.26
0.39
0.63
60.74
121.75
119.98
121.83
121.86
121.41
223.47
241.22
242.68
243.42
242.00
239.86
246.32
261.34
264.30
198.95
137.86
123.10
37.22
0.06
1.04
1.02
0.12
0.11
1.39
0.06
0.50
2.65
2.23
0.78
3.10
108.68
108.91
110.53
108.82
112.56
176.66
202.33
207.72
202.72
198.09
155.76
0.13
0.09
0.12
1.00
0.31
0.71
1.02
0.06
0.95
0.92
1.37
2.16
0.80
0.45
0.61
0.81
0.90
7.13
138.78
198.66
200.26
196.55
196.03
150.98
1.02
0.09
0.12
1
0.31
0.71
1.02
0.06
0.95
0.92
1.37
2.16
0.8
0.45
0.61
0.81
0.9
7.13
138.78
198.66
200.26
196.55
196.03
150.98
1.02