0.74
0.00
1.27
0.00
0.83
0.57
0.00
0.42
0.76
1.14
0.84
0.81
1.07
0.85
2.21
0.69
0.54
0.50
2.60
1.86
1.66
1.81
1.54
0.09
0.12
1.15
1.06
0.12
1.27
0.40
0.09
1.66
2.53
1.61
1.81
0.38
0.77
0.44
0.64
0.96
1.47
0.12
2.68
1.78
1.61
0.12
0.86
0.09
1.02
0.84
0.45
1.64
0.70
1.42
0.12
2.07
0.46
52.74
73.52
79.76
51.16
45.42
45.86
36.80
25.60
26.16
111.10
163.54
93.38
53.24
2.43
2.29
1.11
0.09
0.38
0.26
0.09
0.72
0.06
1.13
0.70
1.31
1.37
3.81
3.30
1.82
1.23
1.60
1.19
0.86
3.41
1.69
0.74
0.41
0.29
0.15
0.15
0.49
0.15
0.12
0.12
123.46
247.28
254.62
342.05
264.66
259.99
213.63
209.98
210.39
210.32
211.26
210.33
208.08
74.36
79.54
80.34
222.10
324.87
329.46
164.36
115.86
105.17
90.19
89.81
217.90
240.14
239.69
302.62
310.12
310.77
309.52
309.89
329.22
332.01
329.56
329.45
330.01
181.97
169.29
186.06
251.78
267.05
239.56
313.33
360.20
306.61
250.69
254.24
344.25
358.94
341.62
314.96
299.32
299.84
218.43
190.40
225.43
240.91
240.45
240.33
238.63
95.07
79.99
125.19
206.58
307.45
319.38
319.04
332.34
369.78
369.51
369.82
370.64
368.17
355.49
329.65
320.15
291.60
248.96
240.16
240.07
240.01
243.56
247.09
247.85
149.51
120.28
160.17
239.95
322.98
328.33
348.84
348.63
350.23
349.43
350.08
351.23
348.10
339.82
306.12
297.39
266.39
205.91
179.86
180.97
190.94
240.63
239.47
238.62
119.43
99.64
99.75
11.42
0.47
0.19
0.59
0.31
0.13
0.20
0.19
1.08
0.19
0.25
1.50
0.93
0.70
0.75
0.09
1.49
0.06
0.10
0.13
0.52
2.11
1.58
0.75
0.61
1.04
1.23
1.72
0.69
0.16
0.16
0.20
1.11
0.19
0.98
0.58
1.64
1.45
0.10
1.64
0.73
0.10
1.17
0.95
1.73
1.85
3.50
1.95
0.19
0.43
0.22
0.19
0.22
0.22
0.26
0.22
0.26
0.19
0.16
3.79
0.93
1.71
58.08
27.23
76.59
78.38
75.00
60.24
29.13
135.09
230.27
129.21
102.77
98.62
99.95
9.91
1.31
0.09
0.50
0.91
1.56
0.12
0.39
2.04
45.15
100.48
101.33
99.89
100.51
100.92
100.31
100.13
100.55
149.23
152.39
150.25
66.80
75.83
90.54
98.61
100.23
100.02
99.75
101.11
104.26
109.87
115.69
151.53
235.95
279.72
322.21
325.07
345.77
380.58
379.50
317.72
245.17
250.28
245.03
246.65
244.73
247.39
112.94
7.92
0.62
0.58
1.16
1.85
2.42
0.70
3.67
179.14
330.64
340.09
341.55
339.44
341.50
341.36
341.15
341.98
334.74
240.49
237.92
231.05
247.13
251.44
152.10
289.04
310.74
298.96
293.86
288.45
291.47
295.39
272.52
266.61
264.39
264.61
275.68
300.80
301.26
301.74
300.23
174.63
125.73
230.01
242.40
241.38
299.23
301.03
353.15
360.34
360.99
360.73
360.69
359.89
305.45
299.73
300.34
302.77
301.52
300.29
300.72
300.42
301.22
275.29
269.98
269.94
270.80
243.60
240.74
240.17
292.87
300.87
358.43
310.44
300.48
300.85
301.28
301.62
302.13
253.31
250.68
270.93
271.34
270.96
270.78
170.14
151.06
92.90
50.76
2.72
2.18
90.18
142.67
125.20
102.72
88.08
79.56
80.23
20.14
0.16
1.46
8.43
114.55
200.61
203.21
201.98
202.43
200.35
201.94
201.99
201.52
200.52
202.37
202.04
199.59
235.72
241.36
240.39
241.06
240.59
229.72
149.69
103.30
57.80
50.54
77.59
201.34
299.65
301.57
302.08
301.60
300.79
300.83
300.32
302.20
301.16
300.45
300.02
280.14
243.36
240.69
239.54
241.68
203.68
122.62
211.37
222.91
187.05
180.38
182.54
171.58
156.99
159.89
263.94
280.50
248.65
260.43
259.22
262.03
324.59
332.30
259.18
245.88
257.82
267.60
265.38
225.38
219.83
115.04
216.32
168.97
146.04
113.25
94.28
89.86
39.75
21.27
119.57
132.38
134.88
134.57
84.26
92.76
189.14
206.06
197.51
76.34
252.96
260.39
253.53
103.07
61.63
4.68
0.59
1.27
0.16
3.45
1.61
1.78
0.12
1.96
3.20
0.10
31.08
70.50
47.03
0.52
26.00
50.97
12.78
39.92
221.24
241.53
194.99
28.85
0.13
0.25
1.04
1.06
0.17
0.16
0.10
1.28
0.09
0.81
1.09
0.06
1.09
1.04
0.64
1.42
0.92
1.20
0.91
1.81
70.36
101.20
67.69
1.56
1.62
0.28
1.99
0.13
0.89
0.13
0.16
0.13
0.09
0.10
0.61
1.36
1.04
2.06
1.16
0.50
1.34
1.29
1.85
0.96
85.01
120.71
86.02
0.21
1.48
0.22
0.27
0.51
0.24
0.67
0.19
1.49
0.13
0.89
0.83
0.06
0.56
1.77
0.16
2.69
65.58
55.09
50.35
49.95
130.95
206.58
150.08
7.26
1.86
0.13
1.75
1.79
0.64
1.04
1.09
1.45
0.99
1.15
2.29
1.76
1.67
1.23
1.33
65.30
101.79
53.74
16.48
10.90
105.52
202.21
112.29
7.87
2.71
0.47
1.42
0.75
0.93
0.24
0.66
0.76
0.72
1.22
1.50
42.27
50.70
50.10
15.10
73.28
121.24
134.74
59.88
48.57
150.70
241.89
147.48
20.61
1.47
1.22
1.69
0.31
0.62
1.59
0.94
1.64
0.68
0.51
2.40
0.07
1.00
0.68
0.82
1.79
46.63
46.06
1.11
10.81
188.10
240.59
153.38
24.04
4.84
1.14
1.42
0.09
0.86
1.12
0.09
1.59
0.09
1.76
0.06
3.79
2.60
1.86
0.86
0.48
1.69
0.79
87.39
98.69
140.92
150.55
47.80
1.37
0.97
0.12
1.44
1.01
0.18
0.92
0.15
0.75
0.15
1.15
1.20
1.69
1.01
0.09
0.62
1.72
1.51
0.84
0.87
0.28
97.48
181.37
116.02
12.69
1.79
1.14
2.18
0.50
0.46
0.26
0.12
0.12
0.15
0.62
0.54
1.07
2.41
0.16
0.98
0.33
0.96
0.74
1.70
0.70
94.75
201.51
145.89
14.00
1.03
1.17
0.16
0.34
0.13
0.65
0.13
0.90
0.65
0.27
1.51
1.40
35.20
51.98
49.91
69.05
102.09
101.12
52.52
51.18
127.24
240.68
213.05
48.08
0.52
1.20
0.37
1.47
0.13
0.55
0.13
0.65
0.73
0.74
0.06
1.52
55.87
117.11
113.63
107.54
153.81
117.52
96.70
41.49
158.50
243.48
220.28
50.05
1.11
1.77
2.63
0.88
1.17
0.32
0.20
0.60
1.16
0.29
1.92
71.27
104.03
107.68
107.34
115.08
176.67
175.70
175.98
80.59
143.59
240.56
240.27
178.81
73.19
1.37
1.68
3.91
1.25
0.73
1.28
1.50
1.56
0.52
2.66
39.73
40.38
93.82
67.86
92.88
170.77
167.13
152.29
69.24
135.19
240.98
235.29
120.11
29.91
0.23
2.24
0.67
1.26
1.25
1.59
1.33
1.84
0.74
1.37
34.89
50.72
85.68
43.43
32.80
113.48
126.60
62.60
45.33
144.76
240.69
163.08
68.27
13.93
0.32
2.33
0.35
1.02
0.28
0.59
0.71
0.19
2.11
1.25
2.08
55.61
61.23
61.25
61.29
60.51
61.10
59.72
59.63
196.77
239.41
124.70
46.49
0.80
0.27
0.25
0.20
1.41
0.35
0.37
0.45
0.23
0.21
0.17
2.93
43.03
61.62
62.46
60.73
60.62
59.80
60.10
60.24
187.69
240.69
143.36
23.95
0.46
1.29
0.22
0.72
1.42
0.19
0.18
1.51
1.43
2.14
1.55
1.42
39.76
78.48
67.47
97.09
148.47
150.71
149.14
53.20
150.05
201.07
199.39
65.60
3.93
0.66
2.60
0.61
0.59
1.18
1.53
1.29
1.51
0.15
2.73
1.52
1.68
26.85
50.74
98.06
151.53
163.55
126.51
44.11
160.93
241.52
204.41
64.15
0.23
2.93
1.13
1.11
1.18
0.16
1.02
1.00
1.58
0.58
1.19
0.43
95.55
102.18
101.75
138.46
202.07
202.20
201.47
68.97
177.25
239.54
225.20
103.69
3.71
2.43
1.15
2.03
0.96
0.72
1.02
0.86
2.07
1.92
1.44
47.27
101.35
134.19
150.68
153.41
221.26
220.40
131.81
72.06
149.27
243.75
217.75
105.08
10.74
1.78
0.94
1.28
1.17
1.46
0.75
2.92
1.62
2.04
5.86
69.50
69.69
70.40
71.44
70.73
71.28
66.36
37.90
42.65
172.31
242.41
191.28
52.74
0.72
0.26
0.26
0.71
1.49
0.56
0.15
0.96
0.40
0.23
1.16
2.12
1.20
1.13
0.17
0.76
1.03
0.80
1.90
1.19
2.71
1.73
0.58
1.31
0.16
1.99
0.23
0.16
0.23
0.20
0.19
0.12
0.15
0.39
0.30
0.42
0.80
0.69
0.95
0.82
0.50
1.26
0.23
0.66
166.42
157.90
110.32
48.96
4.59
0.28
0.89
1.22
0.31
0.75
0.27
1.03
0.18
0.20
0.62
0.98
0.20
0.94
0.03
0.44
1.65
1.35
1.16
0.86
70.38
110.21
80.44
8.09
2.03
1.27
1.10
1.63
0.24
0.33
0.16
0.16
0.09
1.88
1.82
0.00
0.64
0.06
0.09
0.06
1.49
0.11
1.43
4.85
106.24
185.21
192.38
94.48
6.24
2.13
2.08
0.20
1.16
0.24
0.88
1.88
1.17
2.86
11.63
47.99
47.43
49.02
47.44
49.17
47.95
49.22
49.47
47.92
124.06
242.10
232.08
188.20
68.74
0.33
0.55
0.15
0.44
0.74
0.15
1.10
0.15
1.49
19.36
45.07
51.17
51.44
50.64
50.54
51.09
51.47
50.37
52.27
129.55
242.11
240.52
175.07
91.54
1.61
135.32
125.73
115.53
115.55
100.46
34.39
2.31
46.81
51.05
51.04
49.92
51.26
49.73
52.35
50.33
52.30
50.65
51.30
182.34
241.76
238.57
161.98
160.58
73.26
183.91
213.63
212.17
317.67
205.35
85.99
72.86
56.31
52.22
52.28
52.60
51.71
50.86
50.30
51.25
50.69
51.46
50.72
175.66
242.24
241.47
267.98
274.04
334.22
373.51
348.74
285.99
217.49
197.32
198.88
92.35
51.69
53.52
56.36
52.69
45.55
50.76
51.99
48.89
52.02
54.34
51.95
203.63
244.41
237.72
295.99
301.61
238.51
102.96
5.11
1.30
0.20
1.53
3.74
3.28
2.21
37.33
51.03
50.79
50.86
50.14
51.42
47.81
49.75
47.80
205.31
259.96
240.37
239.56
112.61
24.14
0.20
162.19
268.69
280.48
280.66
282.06
298.22
253.82
72.56
51.74
50.82
51.13
51.74
50.87
52.66
50.72
51.65
51.24
51.31
169.46
240.74
239.50
297.29
299.51
320.72
373.96
344.46
317.66
308.54
310.84
310.88
241.82
63.41
51.84
51.45
50.24
51.38
50.97
50.21
51.97
50.80
50.04
52.15
128.79
241.09
239.86
296.99
301.16
370.92
378.87
375.80
332.12
316.20
300.14
299.92
249.44
57.39
51.49
50.50
50.38
51.12
50.43
51.00
50.99
51.43
50.88
49.57
128.53
240.78
241.48
295.05
300.28
372.07
395.03
399.44
338.07
307.65
306.25
300.27
245.53
63.01
51.74
50.77
51.76
50.13
49.76
51.50
51.05
53.91
52.50
50.53
153.72
241.12
220.00
238.05
299.25
320.49
399.21
354.11
260.06
257.10
257.23
275.92
243.27
54.42
52.56
51.08
51.22
49.44
50.70
53.39
51.21
50.51
51.41
51.39
110.71
241.71
240.01
290.44
301.24
367.67
354.69
237.91
233.49
189.20
138.91
140.54
74.49
37.58
144.34
270.92
299.27
302.57
301.04
300.36
302.38
301.37
302.59
303.50
251.26
241.28
240.78
289.48
297.65
277.77
265.62
187.08
126.69
112.73
145.75
235.49
300.84
300.37
301.66
302.89
301.49
300.89
299.41
300.73
190.83
277.59
300.72
301.63
250.04
241.01
239.47
289.79
301.16
381.29
400.83
400.44
354.44
303.70
310.90
310.88
299.35
299.44
303.51
301.01
301.84
298.79
300.56
300.45
233.36
282.70
299.85
299.75
250.78
241.37
239.43
294.08
301.04
388.30
399.98
398.43
349.49
333.75
334.94
320.01
300.06
300.34
301.71
301.89
301.44
299.95
299.03
300.18
328.86
299.12
299.50
300.50
258.65
239.95
238.87
293.98
299.32
379.87
400.59
399.27
365.42
357.23
319.02
320.86
314.93
300.01
301.45
301.99
301.31
301.02
300.63
301.15
301.04
301.14
301.17
299.42
245.00
241.10
239.65
291.78
300.29
390.64
399.88
399.76
379.81
314.24
396.19
318.73
299.60
300.35
300.86
301.97
276.95
225.65
219.90
221.25
219.50
195.26
227.75
291.78
244.94
238.01
239.24
290.74
300.14
355.41
400.77
398.28
366.44
340.04
299.16
300.04
283.81
283.39
300.79
299.88
299.78
299.48
299.64
300.30
300.48
301.72
299.46
301.10
243.93
240.11
240.35
296.53
300.36
372.11
310.42
209.80
136.04
129.69
106.23
59.50
19.71
58.40
161.93
259.10
299.83
299.26
299.39
299.85
299.25
300.00
298.82
299.86
244.95
236.28
235.52
297.27
294.78
247.36
116.55
69.53
9.59
0.09
0.12
139.88
199.74
221.64
294.08
300.85
300.90
300.16
299.58
299.78
300.36
299.55
300.44
299.42
243.22
240.57
238.85
241.14
200.74
180.23
213.13
187.24
129.46
66.24
105.85
257.57
263.00
200.71
201.22
199.57
199.67
198.74
200.66
201.08
200.17
201.08
198.95
200.18
210.79
240.16
239.00
208.03
198.44
222.07
252.97
249.74
237.96
199.54
200.52
219.09
203.11
198.48
202.51
201.69
200.44
200.71
198.95
201.32
201.36
200.02
199.98
199.67
216.88
240.02
239.71
267.20
279.52
280.28
280.09
270.51
250.09
250.18
250.04
279.14
277.01
213.23
201.52
276.34
223.56
201.73
199.91
201.61
235.22
216.60
199.78
198.78
215.23
220.36
180.60
243.46
280.35
280.29
289.50
289.80
246.49
248.62
262.51
265.94
250.43
218.07
201.72
275.13
200.51
189.73
190.68
191.63
226.90
207.17
133.88
148.50
196.21
196.89
195.15
274.28
278.97
279.45
168.98
157.83
158.13
125.84
120.47
120.86
62.57
93.25
199.66
220.57
220.25
220.17
175.83
151.23
270.13
279.04
236.45
259.50
252.72
242.02
239.47
274.47
280.13
281.46
194.22
169.62
163.82
159.54
120.34
120.18
117.34
121.13
120.56
121.93
120.94
120.22
63.54
102.80
114.24
125.80
125.04
128.75
218.79
240.85
240.13
160.56
128.08
173.95
153.28
121.94
118.88
111.46
114.04
122.12
121.65
137.47
276.77
263.14
198.01
179.44
188.65
182.02
126.79
121.73
121.94
59.45
208.91
242.32
241.75
241.33
210.76
200.70
17.57
1.76
0.91
0.82
0.30
21.91
108.44
106.04
179.92
218.80
250.77
267.25
250.05
274.56
277.02
292.63
293.01
252.94
245.06
241.87
240.70
241.11
138.20
63.89
46.70
7.97
1.74
0.71
0.35
79.22
131.20
131.54
201.98
250.86
249.47
250.85
247.87
279.40
293.66
294.03
293.88
281.53
242.41
239.55
240.32
240.77
182.15
37.07
10.19
1.38
1.36
1.09
0.85
40.03
84.98
104.51
218.71
205.28
190.52
191.77
194.19
191.64
227.43
294.33
261.31
229.97
238.77
241.18
240.53
228.45
120.03
19.10
0.64
0.40
0.46
0.46
0.43
1.25
2.24
23.49
71.54
187.38
201.87
220.94
194.04
191.18
190.11
204.26
202.47
184.42
234.90
243.64
206.31
193.10
90.14
4.92
2.73
1.56
0.31
0.61
0.47
1.48
0.32
2.52
0.62
2.33
1.16
1.87
2.26
0.85
2.06
1.60
0.45
0.79
154.83
195.33
145.73
22.43
101.16
42.72
0.40
0.24
30.63
27.32
27.20
38.73
0.24
1.71
2.57
2.37
1.02
2.35
2.22
0.16
1.40
2.94
0.13
14.44
111.79
162.04
133.68
12.16
0.18
2.06
0.22
0.21
0.80
0.28
0.43
1.91
0.63
1.42
2.70
135.27
284.79
297.97
291.77
292.23
290.84
292.56
286.71
153.77
202.79
244.76
236.97
192.27
27.86
0.92
1.72
1.15
1.34
0.31
0.39
2.51
1.08
1.65
2.39
141.47
235.05
268.14
230.30
257.37
213.56
160.01
130.75
107.30
228.97
239.71
222.82
193.25
99.48
1.76
0.47
0.95
0.25
1.29
0.25
3.03
0.25
1.79
1.23
113.96
219.19
193.39
168.67
246.42
251.12
243.41
228.45
123.51
170.16
241.07
211.92
161.00
92.52
1.75
0.74
0.29
1.89
0.92
1.28
2.97
3.73
1.76
2.81
17.27
121.66
149.51
147.67
196.22
256.11
261.03
173.89
153.95
154.70
249.17
214.25
113.62
12.86
1.68
1.25
3.28
0.25
1.65
1.08
2.09
1.12
0.89
2.70
49.36
84.35
113.08
130.40
135.57
190.40
179.55
156.97
19.13
132.35
222.74
165.97
46.79
3.23
1.38
2.96
1.29
0.60
1.03
1.36
1.12
0.34
0.99
1.38
1.61
22.14
89.85
88.66
80.43
60.02
59.13
10.21
42.78
189.64
241.01
232.09
147.05
12.15
2.51
2.48
0.95
0.29
0.40
0.29
0.25
0.22
0.22
0.35
0.96
2.05
1.05
2.82
1.87
0.10
1.37
1.02
11.37
220.27
240.50
216.22
119.79
21.03
0.62
0.57
1.76
2.02
0.57
2.33
2.20
1.48
1.76
66.87
245.31
242.88
180.81
199.07
179.68
183.26
180.50
178.81
182.66
205.50
240.77
240.93
241.75
97.53
2.59
2.35
1.32
0.62
0.47
2.22
2.48
0.15
2.33
1.61
90.04
115.46
65.59
61.99
154.82
49.22
3.46
91.44
91.96
206.44
241.87
240.57
201.73
95.37
4.13
0.49
1.67
1.23
0.22
1.54
0.82
0.19
3.59
48.65
132.43
156.79
190.26
127.31
100.58
121.52
122.15
112.29
41.29
215.88
241.07
193.06
108.98
30.36
0.19
1.51
2.40
2.03
2.06
2.79
1.94
2.65
3.35
30.38
112.93
195.47
285.83
225.87
235.45
279.53
280.56
228.16
155.38
210.70
240.72
202.89
111.43
7.23
0.29
0.26
1.26
0.33
0.33
0.33
0.80
0.29
1.74
1.92
1.88
2.11
0.74
1.66
1.35
1.60
2.09
0.87
0.95
65.50
88.83
3.70
2.05
1.46
2.89
1.69
0.70
0.33
1.85
0.21
1.14
2.84
2.02
2.88
2.40
3.06
2.59
1.79
2.10
1.96
3.17
0.86
1.82
2.10
1.32
2.89
1.74
1.62
1.08
0.22
0.78
1.60
0.76
0.84
1.06
0.25
0.94
1.44
2.90
1.96
1.52
1.77
1.56
0.64
1.52
3.50
1.13
124.36
133.40
20.14
6.49
0.22
1.09
0.89
4.31
4.31
2.61
1.32
1.78
1.98
3.39
2.51
0.86
2.36
1.83
2.35
2.61
2.21
0.99
2.00
0.94
135.16
201.59
104.28
11.77
2.24
1.39
3.19
1.36
0.33
0.22
1.60
2.89
0.60
1.88
1.01
1.37
1.02
2.86
2.30
2.30
1.69
1.38
0.77
1.41
3.65
1.03
0.38
1.00
2.00
0.94
0.33
1.25
0.22
0.77
0.47
2.47
0.71
2.13
1.10
4.94
2.37
1.88
1.80
0.58
0.66
1.82
0.71
37.86
175.34
240.50
177.74
22.61
1.99
2.62
0.53
0.96
0.47
1.48
1.41
2.30
1.82
1.78
26.99
66.35
155.27
163.42
159.67
175.26
227.85
201.40
164.95
94.40
160.99
240.76
182.54
94.91
6.23
2.04
2.38
1.44
0.25
0.89
0.64
1.50
0.25
3.87
2.15
59.41
67.59
67.28
67.13
85.40
124.06
125.99
74.83
43.74
162.16
240.85
157.86
66.13
112.73
11.54
0.32
1.37
0.95
0.28
0.74
2.42
0.28
2.10
0.81
0.50
19.86
30.07
32.07
30.31
3.02
1.83
1.86
19.43
176.30
240.78
201.06
63.77
3.64
1.90
0.59
0.27
0.79
0.36
0.30
1.00
0.30
2.51
2.28
2.21
1.55
2.18
1.73
2.84
1.24
1.76
0.48
27.03
175.97
240.99
178.82
110.07
0.65
2.05
0.30
1.95
1.41
1.61
0.39
2.37
0.50
1.58
7.01
106.01
202.30
274.76
277.32
146.09
159.85
161.26
97.50
51.09
145.68
241.14
187.43
73.41
9.51
1.04
1.30
0.82
0.95
1.05
0.39
2.59
0.75
1.47
1.50
1.78
67.14
79.31
79.42
100.64
148.97
152.89
112.24
51.71
164.19
240.39
240.55
87.21
52.35
2.27
1.48
1.36
0.76
0.39
1.26
3.94
0.40
2.00
1.80
1.91
90.22
142.74
106.83
139.33
196.42
203.68
147.73
52.83
159.10
240.70
224.15
148.76
15.64
1.88
0.39
0.64
2.04
0.86
1.28
2.23
0.39
2.42
52.23
116.93
162.11
182.37
160.27
204.83
255.87
251.64
219.91
111.14
207.69
240.03
243.61
153.02
11.34
3.18
1.38
0.62
2.59
1.92
0.42
1.30
1.36
3.00
11.38
25.11
97.72
111.13
109.29
144.45
146.43
147.03
144.39
52.78
150.79
240.54
157.54
90.87
39.86
0.89
1.52
0.42
0.66
0.42
1.45
1.87
0.77
2.38
2.63
3.10
2.29
1.95
2.92
1.58
1.69
4.01
2.14
11.49
114.06
237.79
192.24
94.55
30.52
1.05
0.76
3.06
1.45
1.52
2.37
2.09
0.51
2.00
3.38
1.97
0.21
2.29
1.05
1.42
1.17
1.77
0.33
2.75
136.42
201.47
108.66
6.10
0.95
0.51
32.21
22.29
13.21
0.19
0.46
113.81
52.11
29.76
32.94
44.49
137.79
197.72
208.21
219.01
282.26
301.33
280.49
173.51
217.51
242.14
242.49
178.28
104.65
105.71
17.72
3.22
4.67
4.97
2.12
38.31
3.15
62.28
132.86
167.32
176.29
190.36
191.28
214.37
232.86
273.60
274.72
226.74
236.63
240.44
241.28
154.75
143.00
6.34
57.95
17.19
1.73
0.99
0.94
2.17
1.05
0.47
4.00
38.07
71.31
124.13
126.34
149.05
203.24
197.27
108.85
107.91
236.21
240.37
219.58
117.32
9.33
0.45
0.42
0.57
2.14
0.64
0.48
2.76
0.39
1.33
2.48
47.11
49.06
46.84
47.89
57.37
126.64
126.07
92.43
66.66
164.25
250.09
176.01
155.05
45.98
3.72
0.51
1.74
0.68
1.80
1.32
2.37
0.63
7.61
109.27
157.40
195.97
36.35
92.55
99.80
99.33
136.81
81.11
39.59
196.15
231.58
178.75
153.51
143.12
62.84
0.70
4.41
2.10
0.79
1.59
0.81
0.75
0.73
1.42
0.62
1.79
1.86
1.26
0.18
0.58
1.38
2.48
1.06
104.83
200.24
144.62
129.29
167.55
80.64
1.24
1.63
1.46
1.86
0.81
0.84
0.75
0.57
2.41
0.90
3.42
4.08
3.52
1.81
2.11
2.33
2.33
40.76
217.71
292.19
262.25
125.56
124.07
49.97
2.90
1.31
2.26
1.33
1.67
142.24
135.60
141.22
240.48
260.10
240.02
240.86
239.68
255.51
299.16
242.50
128.87
50.32
151.12
242.73
189.46
95.22
13.63
1.14
2.66
0.78
2.11
1.46
1.17
0.93
1.02
1.62
65.00
117.23
115.44
57.68
49.94
52.08
66.62
71.43
71.73
43.67
141.19
221.26
221.55
215.47
67.14
1.84
3.02
1.76
2.17
1.33
2.31
10.22
26.03
2.68
2.55
148.50
211.46
212.12
210.63
211.34
210.70
212.51
201.32
22.68
158.98
197.58
195.68
194.95
98.36
13.60
12.31
10.87
11.24
11.53
12.50
27.98
21.86
0.69
33.78
75.06
169.32
202.84
201.58
201.46
201.50
201.18
170.81
121.15
233.84
219.75
121.65
83.06
49.48
2.02
0.63
0.69
0.76
0.75
0.84
1.31
0.72
1.36
0.42
1.94
1.07
0.62
0.22
0.12
2.73
2.13
0.68
0.33
129.07
131.87
66.42
14.24
0.72
1.83
0.81
1.83
0.93
0.96
1.02
1.41
0.93
1.32
2.54
1.07
0.30
0.60
0.33
0.67
0.38
0.60
1.91
2.04
105.74
113.38
76.28
33.03
0.63
2.32
39.29
14.59
0.75
0.75
0.81
1.55
0.85
0.63
1.00
0.74
0.30
0.79
0.21
0.71
0.18
1.44
0.30
1.33
72.82
80.85
64.75
0.69
0.93
0.83
0.66
0.69
0.72
0.72
0.75
1.77
0.78
1.21
3.70
48.13
150.25
191.61
193.43
195.27
190.72
199.77
200.65
152.70
141.58
139.90
137.66
140.08
22.11
0.94
1.16
1.90
0.96
1.06
1.93
2.11
0.51
0.36
1.24
1.00
1.40
41.64
28.11
33.95
91.36
103.47
10.81
2.08
78.41
98.24
98.79
9.66
1.16
1.69
2.63
0.57
1.73
2.51
2.53
5.15
1.40
2.09
36.01
51.62
49.92
7.47
0.70
2.26
7.78
10.41
0.30
0.33
19.71
61.20
23.76
1.72
2.43
0.98
0.57
0.64
0.54
0.48
0.45
0.54
0.48
0.39
3.80
1.76
2.42
28.52
7.67
89.13
58.94
51.71
10.81
3.00
8.33
51.80
11.81
1.67
3.85
3.30
2.16
2.90
3.30
0.57
1.43
4.81
3.04
2.94
2.91
4.44
97.03
106.54
58.95
51.82
120.36
121.88
64.72
1.05
58.40
161.20
84.14
25.34
10.21
3.11
3.79
1.74
2.14
2.11
0.64
2.39
2.24
2.16
1.29
1.70
1.57
0.86
2.20
1.23
1.39
1.26
1.23
1.45
80.85
111.27
97.76
0.76
3.72
2.40
3.01
1.36
0.48
0.39
0.49
0.48
0.45
0.36
0.33
1.85
2.26
1.73
0.24
0.21
1.95
1.99
1.77
1.05
47.70
90.74
29.49
1.26
2.91
3.07
0.42
0.48
0.48
0.42
0.45
0.48
3.25
0.33
1.81
2.42
8.76
51.33
34.47
8.78
176.99
182.44
104.41
57.97
69.46
82.78
179.08
88.16
48.57
0.57
1.69
0.48
0.94
0.42
0.55
2.28
0.42
4.37
104.84
198.95
302.02
308.46
305.28
327.54
334.74
334.05
330.64
225.55
109.14
100.00
101.83
179.52
49.49
0.54
0.54
0.51
0.48
0.48
0.48
0.58
1.48
2.38
5.04
6.57
10.71
11.18
9.28
10.17
33.00
58.41
9.08
16.90
123.14
209.61
166.19
106.98
4.13
17.11
2.57
0.48
0.51
0.61
0.60
0.60
0.48
2.25
0.59
1.05
4.86
9.08
5.22
6.01
74.31
77.29
48.13
1.35
10.46
3.82
150.45
90.93
0.52
2.70
0.57
0.60
0.58
0.57
0.57
0.57
0.51
2.75
2.11
11.70
10.52
9.22
4.33
2.98
6.66
8.85
3.64
0.47
5.75
14.84
7.56
1.56
1.21
1.83
2.53
0.68
2.25
0.64
0.63
2.69
0.51
4.97
7.98
7.01
7.53
7.26
7.36
8.01
7.25
7.89
3.48
2.14
2.96
1.37
4.18
9.41
8.68
3.94
6.96
0.57
0.61
0.61
0.60
0.67
0.57
0.45
0.36
3.56
1.86
2.92
2.69
2.31
2.14
1.92
2.52
2.69
13.71
58.58
17.96
9.41
4.35
2.75
0.63
0.57
0.63
0.63
0.63
0.70
2.52
2.16
1.77
3.10
29.05
19.74
2.32
2.83
2.48
2.56
2.09
2.89
38.12
107.71
82.50
1.66
2.62
2.13
9.71
0.75
0.79
0.81
0.81
0.87
4.88
3.10
2.18
2.44
4.03
1.95
1.83
2.06
16.12
52.66
10.20
0.79
86.74
139.03
107.39
13.09
1.62
2.32
3.64
0.87
0.93
0.96
1.05
1.08
5.01
2.61
0.65
7.50
51.03
86.78
102.22
111.35
159.83
158.90
92.51
30.52
107.06
103.74
100.91
13.39
9.67
4.45
2.02
0.00
0.00
0.00
0.00
0.00
0.00
1.74
6.98
39.04
47.97
75.07
73.57
72.17
162.52
166.14
126.96
61.94
140.30
254.93
127.02
4.42
2.31
2.68
1.05
1.05
1.08
1.08
1.11
1.14
0.78
4.18
2.33
4.23
9.60
60.85
61.34
92.13
151.72
149.88
108.73
44.56
150.36
240.60
184.05
41.41
7.45
2.86
3.10
3.59
1.06
0.99
0.96
1.02
0.90
0.60
2.44
3.23
6.14
9.40
9.11
8.54
8.59
3.13
2.43
6.33
81.74
169.38
78.07
9.06
7.00
7.25
5.10
0.93
0.99
0.97
0.96
0.99
0.90
0.72
0.60
3.22
1.20
2.54
3.16
2.85
3.45
3.55
5.42
19.57
181.36
237.06
128.63
6.26
3.88
5.54
0.90
0.90
0.93
0.93
0.96
2.29
1.68
3.82
3.55
61.25
77.97
46.87
23.86
170.98
219.35
232.41
227.34
173.70
211.59
212.89
212.23
176.27
12.95
2.92
2.37
3.33
0.87
0.87
0.90
2.84
2.06
1.69
4.17
54.61
123.86
158.01
131.88
127.21
171.60
174.36
133.86
93.94
184.14
267.47
203.64
142.05
37.27
3.46
2.56
1.02
0.99
0.99
0.96
0.96
4.30
3.23
2.99
1.47
2.82
52.29
61.61
61.06
62.71
62.97
62.01
61.75
214.22
265.18
195.93
43.53
3.85
3.28
2.74
0.87
0.97
0.96
0.96
0.96
3.86
4.14
8.60
8.68
7.73
8.40
7.09
5.71
5.09
2.54
1.49
51.86
212.86
262.74
163.69
16.25
3.85
4.71
4.36
2.79
2.82
1.08
1.05
50.96
28.79
1.75
4.90
142.18
200.94
279.96
275.41
163.95
167.86
169.21
154.44
53.86
133.30
228.32
197.93
149.72
0.63
5.16
3.67
3.18
3.14
1.27
2.94
3.22
1.74
1.71
8.46
4.36
5.07
9.34
9.24
6.92
2.34
1.84
2.24
3.42
155.54
183.72
65.64
2.45
3.40
4.46
3.14
2.52
2.18
1.71
1.02
2.59
1.05
3.13
0.33
2.80
3.17
5.04
5.06
3.23
2.91
6.94
1.89
43.40
194.64
237.03
138.65
15.41
3.07
1.39
1.67
1.24
2.08
3.99
2.57
4.00
0.75
3.28
2.22
81.22
169.55
218.49
195.79
207.42
250.37
253.00
227.19
126.11
220.41
261.91
187.59
124.48
35.42
4.98
3.65
4.20
3.56
1.31
1.02
6.32
6.16
3.91
5.02
41.53
113.98
152.39
150.45
145.60
4.38
8.97
29.16
102.44
202.30
262.26
171.06
48.11
22.07
8.86
7.67
6.10
6.26
7.64
7.46
9.80
5.51
7.46
6.99
2.21
62.66
68.12
66.40
70.95
6.85
2.52
1.22
38.44
186.66
262.82
185.94
28.01
1.59
3.46
3.61
2.82
2.96
2.94
3.56
4.19
1.03
2.88
3.93
1.84
2.42
1.08
1.17
1.82
3.21
1.28
1.91
1.58
1.81
6.48
1.46
0.97
1.58
1.66
3.36
3.29
3.45
3.40
2.06
5.58
2.26
2.15
0.39
1.28
1.09
1.27
1.13
2.11
6.01
1.02
8.23
3.20
3.99
12.29
3.28
5.13
9.26
1.88
0.78
1.76
0.84
2.24
3.01
3.54
1.29
2.19
2.13
3.04
2.84
1.23
2.78
1.86
3.38
2.29
2.92
1.58
7.08
9.43
3.67
2.16
7.79
3.45
2.72
3.69
3.27
2.32
2.70
3.19
0.69
2.41
1.39
7.31
7.75
7.22
2.80
3.90
3.68
4.89
7.89
1.16
6.05
5.21
4.55
5.88
5.95
4.45
2.29
2.57
1.31
2.86
3.34
2.62
1.43
1.55
3.53
4.09
7.59
7.74
3.66
8.47
7.07
1.15
2.59
1.85
1.18
2.79
3.09
2.94
1.41
4.07
3.29
1.93
1.46
2.05
1.95
3.75
2.30
1.04
0.30
0.36
4.56
1.54
1.98
4.24
5.60
6.66
0.77
0.42
3.02
1.12
1.75
2.89
3.26
0.63
1.40
1.71
1.64
1.43
4.85
3.53
0.85
2.28
1.40
0.96
1.35
2.36
0.93
1.19
0.75
3.04
4.71
2.02
3.89
3.98
2.63
2.20
6.98
0.66
0.66
0.63
0.64
0.57
0.54
1.94
0.63
5.65
2.29
0.24
2.17
2.81
5.58
6.57
6.75
10.77
0.39
0.99
5.72
3.73
6.03
1.62
2.25
4.24
3.99
0.63
0.66
0.63
0.70
0.69
0.51
1.66
2.97
6.19
5.50
4.50
1.44
0.21
0.18
1.46
2.23
0.42
7.36
11.73
9.68
2.43
7.58
3.84
3.55
1.87
0.57
0.60
0.70
0.63
0.51
1.12
6.81
3.13
2.26
13.41
3.11
1.98
1.63
2.09
1.75
2.40
30.00
51.74
46.19
13.88
13.14
0.57
0.58
0.60
0.66
0.66
0.69
0.66
0.60
0.48
0.39
0.33
1.68
0.86
1.76
2.50
0.63
2.27
1.10
1.59
20.29
32.56
31.74
8.28
1.79
0.60
0.63
0.63
0.64
0.63
0.63
0.69
0.57
0.42
1.93
31.73
51.14
50.61
52.18
53.40
52.33
53.03
51.97
13.87
65.75
103.27
98.56
3.84
1.58
1.63
0.73
0.69
0.72
0.72
0.69
0.72
2.22
4.06
1.83
30.22
63.16
83.63
55.10
53.14
106.07
102.23
59.30
43.90
58.75
32.42
7.81
9.67
3.81
2.71
0.63
0.63
0.63
0.70
0.63
0.63
6.85
4.06
3.81
3.70
2.47
1.36
3.41
4.10
0.27
5.71
2.24
4.87
4.17
1.67
2.88
2.01
3.50
3.89
4.72
2.97
2.38
2.75
2.14
4.93
2.35
2.84
1.53
3.05
1.39
1.57
1.63
1.42
2.90
2.16
1.15
0.66
0.89
3.37
0.66
2.75
2.06
1.98
0.72
0.78
0.75
0.72
0.69
0.75
0.66
0.51
4.46
4.06
4.27
5.15
7.83
9.70
6.79
1.70
1.14
2.06
5.98
10.57
3.77
2.30
2.89
6.81
0.94
0.75
0.76
0.78
0.81
0.81
0.63
0.51
0.39
2.37
1.91
1.78
2.48
2.75
1.61
2.08
2.33
1.23
1.81
3.15
0.97
2.42
2.27
1.78
3.84
0.75
0.75
0.81
6.64
0.84
3.58
9.20
0.46
2.36
3.29
2.58
1.68
2.14
2.50
3.10
3.05
0.74
3.11
2.79
2.66
3.48
6.71
0.74
2.28
3.89
1.64
3.13
1.49
3.18
0.74
4.37
2.48
2.04
0.27
1.83
1.91
0.27
8.26
2.95
2.52
2.86
1.84
2.71
4.31
1.45
3.56
4.64
0.72
0.96
0.84
0.78
0.81
0.75
0.51
2.47
3.36
3.01
10.20
4.60
1.74
6.17
9.54
10.17
7.86
4.82
3.35
2.77
2.37
3.89
4.41
5.32
1.96
1.43
1.50
2.20
2.10
3.35
0.57
2.12
5.80
2.79
6.01
9.19
0.58
3.69
8.15
9.86
2.10
3.12
3.05
6.72
5.25
2.43
1.35
1.90
0.88
2.49
1.48
0.91
2.17
3.63
0.80
2.46
0.28
5.24
5.79
7.01
6.09
5.58
7.02
6.11
5.29
2.95
0.66
6.34
5.82
5.65
4.67
7.26
3.53
6.40
2.15
2.68
1.56
2.93
4.37
1.89
41.87
0.94
46.91
85.49
41.07
72.41
90.33
91.07
78.65
22.87
51.92
101.96
98.54
42.14
5.99
2.02
0.75
0.78
0.85
0.89
1.19
3.81
0.72
0.52
1.16
0.35
3.81
5.22
4.09
6.52
4.87
9.10
0.42
0.61
19.54
62.52
10.47
1.17
112.57
26.15
2.51
2.62
1.48
1.00
0.96
0.97
0.82
1.83
1.57
0.40
0.30
0.31
0.36
0.39
1.04
0.43
0.45
0.60
38.43
82.01
30.07
0.90
0.84
0.90
0.88
0.81
0.78
0.78
1.26
0.94
1.23
1.16
1.16
106.92
131.53
162.59
162.93
139.90
106.20
100.60
100.77
101.32
80.79
81.86
80.55
81.48
15.39
1.13
0.81
0.85
0.85
0.81
2.57
1.48
0.60
0.91
1.59
57.36
117.77
122.28
121.21
123.08
122.97
122.96
123.43
116.99
82.07
81.94
82.77
82.74
30.03
1.04
3.51
1.25
1.76
0.94
0.93
3.54
0.88
1.20
3.19
59.52
62.63
61.38
61.63
62.39
62.11
62.11
62.31
61.58
64.29
81.48
81.02
46.53
1.40
3.58
2.55
0.75
0.79
0.75
0.82
4.44
0.66
2.99
2.73
51.17
61.41
70.80
82.41
81.88
81.83
81.63
82.55
61.89
73.29
81.58
81.70
16.65
0.91
3.56
0.89
0.91
1.04
2.48
1.12
2.38
0.85
2.30
1.47
3.07
53.68
61.82
71.12
52.08
51.59
51.42
51.00
49.34
83.02
91.31
57.90
0.93
5.45
3.31
0.84
0.91
0.90
0.93
1.00
0.90
0.75
1.08
1.71
3.23
1.69
1.14
0.50
3.60
1.26
0.36
0.49
1.75
2.73
1.56
0.83
0.87
3.70
2.40
1.23
0.98
1.95
0.96
1.07
1.69
0.88
3.31
3.76
5.31
56.88
46.02
3.67
3.43
2.93
4.49
4.47
0.83
3.54
1.76
2.70
3.03
1.88
1.73
1.03
1.03
1.13
1.12
1.14
2.58
2.22
2.36
3.12
1.82
6.72
12.33
10.29
9.19
10.88
1.37
2.70
2.70
52.18
61.52
54.09
7.94
1.74
2.57
0.96
1.87
2.00
2.14
2.20
3.36
1.47
3.33
6.81
3.25
9.24
10.03
10.91
11.12
11.75
6.50
4.13
2.46
59.96
74.20
53.26
6.87
1.97
1.62
0.96
0.99
0.93
0.90
0.93
0.99
0.99
1.23
4.22
53.75
61.20
73.14
79.59
80.62
98.86
101.73
68.03
63.72
72.57
96.03
95.21
13.80
2.52
2.84
3.40
1.02
0.99
1.05
1.08
1.14
0.93
3.64
2.70
33.35
60.91
62.08
60.59
60.93
60.99
61.55
61.77
63.97
64.56
71.35
69.81
2.62
3.54
4.04
1.90
1.02
1.05
1.05
1.08
1.08
2.64
0.98
10.87
64.68
66.24
65.67
62.89
64.57
76.53
102.78
79.67
61.09
68.48
76.91
24.37
2.27
1.46
2.15
3.86
3.06
1.71
1.54
1.71
2.81
0.99
1.59
4.02
19.86
61.94
62.01
62.52
62.52
61.73
61.40
61.21
61.08
68.11
72.76
19.92
4.42
7.78
7.68
9.16
1.02
1.08
1.08
1.08
1.23
1.05
0.66
4.15
2.16
2.58
2.71
2.18
3.12
3.28
3.20
0.90
2.75
59.24
101.93
46.78
2.04
2.28
1.02
1.05
1.11
1.14
1.17
1.14
1.20
1.03
1.67
3.12
92.01
138.88
154.92
129.02
158.36
170.98
163.49
143.63
70.45
69.03
92.18
92.23
10.95
3.39
8.81
10.39
1.11
1.05
1.11
1.11
1.14
5.78
3.49
8.35
50.41
118.23
130.07
69.08
117.26
167.81
151.20
70.95
59.94
71.40
82.64
106.18
16.28
3.11
2.68
1.14
1.14
1.11
1.08
1.08
1.11
0.96
0.69
2.00
3.04
10.32
68.35
64.79
68.61
68.80
66.61
64.66
63.15
78.79
93.85
51.78
5.07
2.52
1.58
1.02
1.05
1.08
1.08
1.08
1.11
0.09
0.00
5.47
3.35
39.94
66.06
65.86
67.01
66.20
64.97
63.71
62.23
32.99
3.73
2.95
4.08
2.20
1.97
1.23
1.23
1.23
1.20
1.29
1.26
2.87
4.04
3.45
3.59
57.91
61.79
61.51
61.28
61.59
62.16
61.92
62.82
61.00
60.08
3.50
2.03
4.55
1.42
6.40
10.89
1.11
1.11
1.11
1.20
1.11
2.94
4.19
3.33
1.63
1.06
2.06
0.48
2.18
0.51
0.54
0.57
12.94
51.57
1.46
3.12
1.88
2.03
0.96
0.99
1.08
1.08
1.08
1.08
1.05
0.96
0.78
3.87
2.42
0.82
2.60
2.02
2.38
1.43
3.87
2.89
60.95
61.73
17.49
2.31
2.57
1.02
1.05
1.08
1.08
1.08
1.11
1.14
4.35
2.75
3.21
143.01
106.40
101.24
92.87
90.72
115.26
122.44
92.16
62.23
62.92
61.62
63.52
15.57
3.33
1.08
1.95
2.41
2.46
1.83
2.61
4.61
1.85
3.56
1.91
69.73
87.07
104.64
78.00
73.19
72.19
72.12
73.01
73.39
143.98
162.84
121.92
17.59
2.96
3.77
1.91
1.23
1.23
1.17
1.14
1.17
1.90
3.34
1.31
54.18
62.44
64.02
62.38
84.93
107.73
107.63
99.84
61.09
119.02
196.12
71.21
22.97
6.58
2.19
1.23
1.32
1.29
1.43
1.32
1.88
2.67
2.38
97.20
129.89
234.15
301.04
284.39
275.13
274.86
275.78
239.94
134.33
210.55
263.46
262.49
120.37
11.60
4.03
2.11
6.55
2.73
1.34
2.58
3.42
1.23
2.60
34.77
101.95
193.76
201.67
150.48
113.09
101.56
101.03
84.63
81.33
109.91
135.24
74.45
15.07
4.16
3.46
1.20
1.23
1.26
1.20
1.20
1.23
1.02
0.75
0.63
0.45
0.39
0.36
0.36
0.36
0.36
0.39
0.45
0.57
11.58
48.36
22.88
4.35
3.13
1.20
1.26
1.20
1.20
1.14
1.20
1.26
1.11
0.87
0.69
0.51
0.42
0.33
0.36
0.39
0.45
0.51
0.69
1.46
5.48
9.93
10.13
9.11
1.17
1.20
1.20
1.20
1.26
1.23
1.23
1.29
1.11
1.81
3.18
75.11
111.78
92.84
89.78
91.41
91.22
91.69
91.25
90.20
108.79
139.05
89.88
11.78
1.05
1.14
1.11
1.14
1.23
1.29
1.35
1.32
1.05
0.78
0.72
45.31
61.10
61.65
5.25
0.45
0.36
0.97
0.74
1.66
87.38
203.66
73.06
29.29
2.31
1.23
2.01
2.41
1.35
1.38
1.38
1.35
1.26
1.65
0.78
1.16
2.54
3.06
0.51
1.23
3.71
3.07
1.64
0.66
83.73
156.80
125.08
7.32
1.14
2.03
1.29
1.29
1.32
1.29
1.29
1.29
1.14
0.84
0.69
9.03
9.14
8.61
11.47
10.21
10.43
9.46
9.69
1.47
98.97
115.85
64.66
9.18
3.10
2.16
1.32
1.35
1.32
1.38
1.35
1.38
1.35
1.02
0.75
9.30
1.83
0.51
1.04
8.10
3.32
2.35
3.00
0.75
66.26
107.00
20.51
7.28
2.71
1.32
1.38
1.41
1.41
1.47
1.50
1.50
1.32
0.99
0.72
6.10
1.52
1.08
0.45
0.45
0.42
0.54
0.57
1.38
0.90
1.61
1.17
1.29
1.35
1.38
1.38
1.35
1.38
1.41
1.41
1.35
1.14
3.07
7.19
3.81
2.71
5.56
6.88
5.98
5.00
1.83
1.49
2.55
8.44
9.35
5.10
0.87
2.34
2.36
1.32
1.35
1.32
1.35
1.41
3.00
1.97
0.93
1.31
35.80
39.17
40.57
40.61
40.75
56.58
82.32
73.53
61.26
165.69
260.09
129.99
30.93
1.35
2.24
2.31
2.50
1.77
2.23
1.38
1.44
1.44
0.84
1.54
40.64
42.45
60.65
59.26
81.38
112.39
126.41
59.45
42.20
111.90
219.71
183.65
37.19
2.28
1.35
1.38
1.41
1.41
1.35
1.41
1.44
2.39
1.02
0.78
0.66
2.33
40.88
44.46
41.03
60.11
72.62
53.87
40.82
119.05
201.07
257.70
285.19
198.99
103.91
34.18
1.44
1.44
1.44
1.47
1.53
1.29
19.01
164.40
272.57
301.05
172.01
234.25
248.28
296.34
329.67
269.89
201.62
182.33
213.15
261.48
272.92
129.96
1.38
1.47
1.44
1.47
1.47
1.50
3.02
1.50
1.08
86.03
127.59
221.94
295.85
259.91
222.39
228.54
215.13
112.53
57.39
138.43
257.49
255.81
204.37
136.90
1.41
2.63
1.56
1.55
1.56
1.56
1.92
1.53
1.20
0.87
0.63
0.48
0.45
0.51
0.51
0.54
0.60
0.75
0.93
94.52
229.93
202.85
92.37
41.74
1.59
1.59
1.62
1.59
1.50
1.50
1.50
1.02
0.90
0.87
0.60
0.33
0.30
0.24
0.27
0.33
0.42
0.51
0.72
65.21
151.45
113.85
59.31
1.08
1.14
1.17
1.17
1.08
1.11
1.11
1.17
1.14
0.81
0.60
0.79
0.39
0.38
0.33
0.33
0.36
0.39
0.45
6.07
129.42
222.82
162.39
78.06
0.42
0.48
1.40
0.57
0.57
0.63
0.66
0.72
0.75
0.54
0.33
72.32
170.37
174.49
225.75
214.79
179.03
174.10
37.41
24.66
146.22
257.76
164.81
20.83
0.48
0.51
0.99
2.30
1.38
2.00
0.91
1.82
0.57
1.69
0.85
16.51
112.78
145.16
161.41
161.37
138.47
65.84
61.43
61.75
62.13
61.60
61.07
1.14
2.68
1.19
0.66
1.51
1.44
1.61
0.84
3.13
1.91
1.65
3.73
8.16
51.81
73.46
69.01
52.76
53.38
50.51
50.01
49.53
70.39
90.98
89.74
1.93
2.20
0.69
0.66
1.11
0.96
0.69
0.72
2.56
0.63
3.03
3.17
4.91
7.12
6.85
3.23
0.21
0.41
0.27
2.19
10.01
7.21
7.07
7.35
1.36
2.59
1.21
0.98
1.03
146.10
150.68
150.77
134.08
0.57
2.25
3.42
2.04
2.37
1.09
0.31
0.88
0.18
1.06
1.30
0.81
2.85
1.37
1.93
0.60
2.54
0.66
0.66
0.66
0.69
0.66
0.69
0.72
0.57
0.39
0.27
2.77
1.19
0.58
1.07
0.94
1.25
0.21
1.14
2.68
2.78
2.52
2.40
0.60
1.19
0.72
0.72
0.72
0.72
0.69
0.66
0.69
0.60
3.83
3.66
1.37
90.71
68.65
65.36
68.59
69.26
66.95
67.85
65.55
119.57
136.42
24.37
7.55
5.32
6.02
0.48
0.57
0.66
0.63
0.57
0.60
5.02
5.61
6.64
14.84
68.15
67.94
64.95
67.48
114.70
125.52
86.64
65.85
114.78
191.54
40.81
7.02
9.32
6.14
0.60
0.60
0.60
0.63
0.60
0.60
0.51
6.54
8.89
53.46
66.22
105.71
105.97
105.83
106.36
106.50
106.00
106.81
123.71
132.63
48.95
5.78
7.58
7.88
4.32
4.90
4.52
3.55
4.57
6.86
9.02
7.82
6.81
5.86
12.77
70.85
66.44
65.99
68.19
66.08
66.70
65.47
123.29
145.48
58.00
6.22
5.21
3.54
5.26
3.50
2.31
2.55
2.22
3.58
3.92
5.49
8.50
7.74
61.22
79.63
69.41
67.58
97.77
104.02
64.89
65.02
96.14
150.93
59.46
6.51
3.73
2.18
0.54
3.38
3.21
2.59
3.19
4.61
1.12
4.96
7.64
6.72
6.61
6.69
6.60
8.04
6.02
3.76
4.08
0.50
25.56
93.49
7.51
0.30
0.33
0.36
0.39
0.42
1.05
0.52
2.69
6.42
2.96
5.99
3.19
4.72
5.70
4.82
4.46
2.77
3.55
2.54
3.01
4.87
6.02
5.65
5.30
3.40
4.24
2.30
2.05
1.75
2.51
0.39
0.65
5.86
5.27
3.78
7.13
24.40
67.93
72.73
70.56
67.52
68.72
67.15
68.34
66.55
110.54
137.23
36.35
6.74
5.30
4.09
3.69
4.18
3.71
4.38
2.87
6.49
6.16
6.37
9.29
74.93
79.26
77.95
78.62
118.92
167.22
164.17
91.21
80.81
194.50
268.51
154.02
20.99
6.14
3.47
140.83
155.13
153.97
154.18
154.12
156.39
156.25
155.28
61.36
62.42
68.15
66.51
66.32
142.96
190.89
141.35
104.71
67.63
139.26
235.52
114.06
10.96
56.60
103.21
189.87
203.32
202.23
201.96
196.69
205.36
187.39
163.82
32.61
54.19
68.32
68.50
68.34
67.04
101.27
79.97
67.01
66.43
171.65
269.16
162.03
36.15
3.56
0.45
175.38
202.62
203.19
203.49
203.56
206.28
204.38
205.91
105.50
67.51
68.15
67.49
68.12
69.02
69.02
69.40
67.71
66.33
207.77
269.38
106.98
12.96
4.47
5.88
188.63
234.79
359.79
306.82
237.16
213.36
155.37
180.78
91.10
4.95
1.77
4.37
4.02
3.52
4.06
0.12
3.74
3.29
109.85
118.72
29.28
5.49
7.93
23.75
111.06
15.85
79.53
167.27
37.42
101.96
35.74
41.82
95.53
94.01
94.84
6.18
0.48
8.83
54.09
76.62
94.92
101.65
19.63
80.93
55.51
7.25
92.02
160.21
109.23
6.72
5.88
5.57
6.90
5.57
1.00
0.80
163.88
239.45
210.98
104.68
113.94
140.21
89.00
88.01
87.50
77.98
31.92
27.21
161.24
174.53
51.99
8.06
5.62
5.79
5.59
5.98
6.75
9.22
6.85
8.38
5.60
64.51
69.04
86.00
87.34
87.09
88.15
68.20
67.03
67.25
13.72
43.54
45.86
9.48
8.01
6.65
0.33
0.33
0.33
0.33
0.30
0.36
4.26
8.02
7.01
48.05
68.40
67.59
68.96
68.72
94.24
81.89
69.87
69.22
46.28
12.82
11.93
10.47
9.65
8.05
0.30
0.30
0.30
0.30
0.30
0.30
7.34
8.67
7.07
8.08
7.46
9.43
11.90
12.04
12.16
11.09
11.88
6.76
8.96
13.32
9.25
7.29
8.12
6.94
0.27
0.33
0.30
0.30
0.30
0.30
7.29
9.49
7.78
8.27
8.90
7.17
6.49
7.46
9.40
12.72
11.84
10.16
10.84
13.42
10.64
7.78
117.54
17.94
7.38
6.72
8.74
6.69
7.25
8.21
6.09
5.64
4.74
6.84
6.94
5.85
5.34
6.24
5.37
6.40
5.37
3.20
8.04
8.73
5.29
7.51
6.47
6.03
4.86
0.30
0.30
0.30
0.30
0.33
0.27
0.21
0.18
0.15
12.01
8.61
12.07
10.06
6.23
7.06
5.85
3.83
31.39
67.30
70.58
14.24
6.76
0.27
0.27
0.30
0.30
0.33
0.30
0.33
0.30
0.21
0.27
7.19
93.82
65.15
104.34
115.80
88.70
74.05
68.11
79.74
14.39
10.61
47.08
66.22
6.69
8.43
10.03
10.94
10.68
5.34
6.97
9.50
9.65
6.89
10.33
6.45
41.92
41.01
4.65
2.76
46.19
52.05
51.27
3.72
57.45
60.25
61.18
6.07
0.48
1.46
0.39
0.39
0.39
0.39
0.33
0.39
1.95
2.05
1.38
0.42
1.08
1.13
0.65
2.28
4.85
1.32
0.21
0.91
59.17
61.10
60.28
4.08
0.71
0.24
2.05
0.33
0.33
0.30
0.30
2.25
0.52
1.60
2.66
2.18
23.44
71.39
69.72
49.63
17.67
0.45
2.30
0.30
17.29
51.22
51.31
2.60
0.30
1.25
1.12
0.60
0.43
1.04
2.67
2.47
1.15
3.00
0.74
0.71
1.32
1.77
1.73
3.55
45.67
51.98
27.80
0.18
44.98
59.61
39.08
9.42
3.24
1.79
0.85
0.49
0.36
1.24
1.30
1.12
1.08
0.27
0.50
3.45
1.48
43.02
50.59
37.47
1.64
0.65
0.68
1.18
57.84
61.06
28.77
0.27
1.79
0.87
2.00
2.65
0.95
0.90
0.62
1.47
0.30
0.26
0.50
0.12
0.71
0.09
0.61
3.94
5.29
4.67
5.16
1.75
65.55
66.75
36.82
3.92
1.84
0.30
0.30
0.30
1.40
0.30
1.94
0.66
0.84
0.63
21.70
51.14
70.05
53.88
40.03
42.82
41.22
42.97
40.40
10.59
39.87
64.39
55.53
1.15
1.11
0.24
169.47
302.99
299.49
277.77
273.73
180.91
170.14
172.27
163.92
10.32
1.39
1.45
0.09
2.84
1.02
1.87
0.21
43.49
66.04
66.62
60.39
59.78
74.70
235.23
304.84
310.46
296.27
252.53
250.27
183.89
168.70
11.99
1.74
2.01
2.23
1.25
0.12
1.27
2.21
0.95
1.02
0.18
7.73
4.22
0.27
43.25
93.55
290.91
310.99
311.58
310.02
308.29
309.94
179.41
167.83
170.54
91.72
9.82
3.76
13.98
9.16
11.65
0.06
0.21
5.24
0.18
0.24
0.27
0.27
149.37
171.57
273.98
313.77
313.83
301.53
296.26
295.83
222.31
171.13
169.84
114.26
99.96
99.99
101.24
105.01
106.68
106.33
106.96
106.14
77.31
66.46
10.07
60.14
151.39
174.46
254.68
317.15
314.36
312.32
312.23
313.20
316.14
226.47
175.89
176.33
174.66
143.56
135.33
138.22
137.67
136.30
135.48
133.41
81.90
15.43
6.21
3.98
154.47
175.15
281.77
316.67
315.20
315.23
315.09
312.54
261.91
136.93
121.63
174.36
177.60
174.40
155.20
137.16
91.35
112.45
122.63
172.43
171.58
80.51
8.72
57.81
161.69
170.13
269.32
311.38
309.85
264.15
240.91
240.42
194.70
169.39
112.56
101.54
101.83
101.04
33.64
75.15
99.86
99.78
99.25
99.23
98.88
64.70
60.98
59.87
99.88
165.26
229.81
126.46
229.83
273.35
219.91
33.94
2.22
0.15
0.83
2.39
1.39
1.41
0.09
0.17
2.29
1.84
1.18
0.21
0.09
58.43
61.20
59.38
5.96
1.62
0.12
1.83
1.43
1.38
1.67
3.06
2.37
0.42
1.59
2.86
1.91
1.15
1.28
0.20
1.62
1.95
1.10
1.33
0.39
57.79
61.06
58.71
14.32
0.89
0.95
185.24
237.53
310.12
258.54
199.83
17.71
0.15
1.70
2.80
1.56
1.82
1.20
0.08
1.36
1.35
1.03
0.12
1.33
56.94
60.50
59.95
0.28
0.15
0.53
0.98
1.53
0.15
0.65
0.18
4.15
0.15
1.81
2.41
2.01
0.94
0.89
0.25
0.59
4.13
0.06
1.22
0.16
48.20
60.98
59.48
2.33
1.11
0.56
1.75
1.11
0.15
0.93
0.57
2.43
0.12
1.90
2.67
2.14
1.87
2.92
0.30
1.49
1.18
0.81
0.09
1.76
3.56
0.51
0.18
1.02
0.22
0.44
0.15
0.15
0.25
0.18
0.95
1.84
0.15
1.22
1.49
1.57
0.56
1.62
1.80
1.09
1.23
0.86
0.06
1.11
2.81
1.04
0.12
0.86
2.55
0.12
0.15
0.15
0.12
1.37
0.38
2.95
0.12
0.79
1.94
0.91
2.47
2.19
0.03
1.39
1.28
1.12
0.59
0.90
0.95
0.63
1.32
1.98
1.16
0.12
2.03
0.37
0.37
0.12
0.15
1.85
0.12
1.41
3.85
1.61
1.87
1.18
0.03
2.11
1.80
0.88
0.25
0.39
40.32
60.34
59.52
9.73
0.12
0.15
2.22
0.73
1.55
1.29
1.25
4.21
1.33
1.81
3.82
2.08
28.18
0.06
0.92
1.08
0.04
2.41
0.23
0.09
60.41
60.22
60.89
5.46
1.90
0.12
8.34
0.32
0.12
0.12
1.10
0.12
1.01
0.09
0.91
0.07
1.02
7.60
1.21
0.03
0.03
0.81
0.09
0.41
0.12
1.32
0.06
1.00
2.42
0.12
1.08
0.12
1.09
0.12
0.70
0.78
1.03
1.80
1.01
6.16
1.51
0.62
1.10
0.93
0.55
0.06
0.86
1.00
0.51
0.44
1.87
2.06
0.12
0.12
1.65
0.63
1.26
0.84
0.12
0.81
0.12
0.65
0.54
5.40
1.19
0.86
0.86
1.38
0.60
1.75
1.15
1.27
2.22
0.96
0.09
0.73
2.08
0.74
1.08
1.54
0.55
1.77
0.12
0.73
0.12
0.07
1.26
0.00
1.07
0.17
1.29
0.07
0.74
1.23
0.51
0.09
2.92
0.94
0.09
1.65
0.09
0.79
0.31
1.10
0.48
1.93
0.12
0.79
0.76
0.88
0.06
0.03
0.03
0.23
0.06
0.95
1.90
0.50
2.15
0.62
1.23
0.89
0.06
2.13
0.13
0.09
1.00
0.51
0.19
0.52
1.57
3.14
0.12
2.06
1.85
2.48
0.73
0.06
0.03
0.50
0.27
0.62
0.09
0.12
3.29
0.12
0.52
0.45
1.25
0.15
0.68
0.15
0.19
0.22
0.60
2.25
0.12
2.60
1.57
0.76
1.18
0.06
0.03
1.08
0.06
0.06
0.12
0.12
1.07
0.12
0.12
0.12
0.15
0.12
0.88
0.91
0.52
1.42
0.28
2.15
0.12
1.64
3.31
0.65
0.38
1.30
0.03
0.03
0.03
0.06
0.09
0.25
1.27
0.09
0.09
0.82
0.61
0.12
0.66
0.12
0.12
1.66
0.12
0.95
0.09
2.53
0.06
0.31
0.49
0.11
0.90
0.03
0.03
0.03
0.06
0.12
0.12
0.12
0.12
0.12
0.12
0.12
0.12
0.12
0.12
0.15
0.12
0.12
0.12
0.09
0.47
0.96
0.69
0.52
1.34
2.03
0.49
1.06
1.26
0.27
1.72
0.58
0.40
1.88
1.22
1.48
1.06
0.09
0.84
0.46
1.04
1.11
0.15
1.09
0.28
1.49
1.04
0.17
5.41
1.99
0.06
0.59
2.02
3.27
0.70
1.79
1.14
2.14
2.12
0.61
1.01
0.86
0.09
0.06
0.09
0.06
2.17
0.94
0.19
0.90
1.40
0.33
0.54
1.18
0.43
1.30
0.92
0.40
1.19
0.74
0.32
1.08
0.81
0.19
1.51
0.97
0.72
0.54
0.96
0.18
0.11
0.18
0.63
0.60
0.68
1.29
0.79
0.61
0.27
1.58
2.63
0.70
0.87
1.95
0.18
0.22
1.32
0.48
0.16
0.57
0.09
0.09
0.12
2.05
0.20
0.06
2.75
1.50
0.47
3.54
1.30
0.03
1.37
1.05
0.03
0.06
0.06
0.09
0.06
1.02
0.39
0.75
0.33
0.69
0.03
0.06
0.03
1.08
0.19
0.03
0.65
2.19
0.43
1.38
0.67
0.54
0.30
0.34
1.50
0.03
1.00
0.40
0.03
1.33
0.96
0.10
0.13
0.39
0.61
0.89
0.06
0.96
1.12
0.03
0.03
0.88
1.16
1.14
0.03
1.59
2.32
0.57
1.63
0.18
1.58
0.24
1.18
0.88
0.51
0.06
0.26
0.09
1.37
1.74
1.29
2.58
0.11
1.02
4.88
0.03
0.03
0.73
2.15
0.08
1.84
0.83
0.68
2.51
0.52
0.50
0.25
0.88
1.00
0.09
0.12
0.43
0.69
0.12
2.19
0.18
1.02
0.98
0.34
2.73
1.30
3.31
0.77
0.96
1.32
1.41
1.65
0.06
0.74
2.34
0.09
1.80
3.59
1.56
0.15
0.12
0.09
0.12
0.12
0.15
0.09
2.62
3.35
4.73
4.93
2.96
3.58
4.71
3.32
2.70
1.24
1.18
1.19
0.62
1.03
0.06
3.50
3.31
1.68
0.06
0.12
0.09
0.09
0.09
0.83
1.15
0.03
1.88
0.03
0.98
0.00
0.98
0.81
0.00
0.50
0.61
0.62
0.20
0.35
1.95
1.50
1.14
0.09
0.09
0.12
0.12
0.09
0.12
0.16
0.33
1.95
0.03
0.03
0.03
0.93
0.15
0.09
1.27
0.06
0.03
0.06
0.50
0.06
3.49
0.39
0.06
0.09
0.06
0.09
0.09
0.12
0.09
0.06
0.09
0.13
0.28
0.73
0.06
0.03
1.40
1.79
4.72
0.13
0.92
3.01
1.36
5.12
0.48
5.54
0.09
0.09
0.50
0.36
0.16
1.87
1.46
0.68
0.09
1.57
1.62
3.41
1.30
5.93
7.45
4.60
2.36
0.14
0.35
3.71
0.20
1.42
0.27
2.02
0.89
1.45
1.50
2.26
1.65
2.23
0.93
0.78
0.85
2.25
2.22
4.36
6.74
3.16
1.34
0.52
0.55
0.86
0.12
3.24
0.09
0.06
0.51
1.22
0.09
1.52
1.04
1.53
0.09
1.55
0.70
0.06
1.72
1.01
1.77
0.64
1.14
1.49
0.18
0.24
2.28
1.06
0.89
3.28
0.84
0.03
1.19
0.35
0.06
0.03
1.08
0.03
0.03
1.80
0.72
0.49
1.29
1.54
1.65
0.83
2.57
0.45
0.33
0.72
0.00
0.03
0.55
0.20
1.25
0.40
0.06
0.32
1.01
0.10
3.87
4.57
0.06
1.52
2.51
0.31
0.03
3.82
0.65
0.40
1.21
0.56
1.56
2.09
2.11
0.62
0.47
2.68
1.39
0.06
0.03
0.75
0.03
1.35
0.32
0.62
1.26
0.77
2.75
1.09
1.77
3.06
1.56
2.30
1.38
0.82
1.49
1.09
1.19
0.90
1.90
3.63
1.69
1.61
14.61
3.51
1.60
0.14
0.06
0.06
3.37
0.98
1.87
0.09
0.96
3.27
3.85
6.81
0.03
0.08
3.53
1.37
1.17
0.16
4.09
1.98
0.06
1.08
1.38
0.80
0.06
0.09
0.61
1.20
0.09
6.48
1.82
2.72
6.42
3.12
3.22
0.79
0.94
1.34
2.51
1.67
0.40
0.42
1.28
10.35
8.12
7.24
0.09
0.94
0.12
3.74
0.09
0.22
0.28
197.15
138.57
0.28
0.60
3.07
1.70
1.81
237.05
114.92
6.46
0.03
0.00
0.34
0.09
43.33
119.56
52.40
1.86
0.09
0.09
1.76
0.09
0.86
0.52
0.12
0.98
0.06
0.95
1.16
0.46
37.33
50.17
91.63
82.01
59.62
51.08
51.77
51.37
51.95
50.70
3.21
0.06
0.31
1.02
1.25
0.16
3.88
1.62
0.30
1.04
0.06
0.07
0.09
0.71
0.03
1.09
1.64
0.68
1.42
0.50
0.83
43.21
62.71
15.13
0.36
0.85
2.22
0.57
0.57
0.92
1.28
1.52
1.16
1.36
0.77
0.76
2.62
49.74
51.45
51.54
49.17
51.01
49.83
51.49
51.15
49.79
6.50
0.06
0.24
1.59
0.25
0.54
1.01
0.15
0.09
0.06
0.28
2.49
0.87
1.73
3.08
2.50
4.11
1.47
0.53
0.94
2.35
0.03
0.03
0.06
1.94
0.03
0.42
0.28
0.85
1.29
0.06
1.79
0.73
0.54
1.10
1.77
0.39
2.52
2.79
1.94
1.94
2.09
0.03
2.05
3.65
0.65
0.06
0.14
2.64
0.09
0.09
0.41
0.09
0.09
0.85
0.22
0.15
0.45
1.39
1.30
0.42
1.42
1.74
1.22
0.54
0.93
0.03
2.01
0.50
0.71
0.06
0.06
1.26
0.09
0.68
0.09
0.09
0.09
0.11
0.09
0.09
0.09
0.60
1.30
0.15
0.06
2.04
1.23
1.23
1.67
0.03
0.50
0.00
0.83
0.03
1.90
3.40
0.11
0.52
0.48
1.03
0.36
0.76
0.89
2.53
2.47
2.85
3.18
0.06
2.03
1.39
1.16
0.92
1.55
0.03
1.12
0.72
0.95
1.09
0.48
2.82
1.12
0.10
0.09
0.58
0.54
0.89
0.09
0.80
1.50
0.12
0.91
0.06
0.88
3.03
4.63
3.08
2.47
0.48
2.25
1.70
0.55
0.89
0.66
3.82
0.40
0.09
0.60
0.13
0.09
1.28
0.43
0.47
1.07
0.26
3.27
1.26
2.36
3.46
0.06
0.75
18.63
0.03
5.01
0.66
0.41
0.09
0.63
1.91
0.90
0.09
0.87
0.68
0.36
0.09
0.79
0.86
0.29
0.13
2.49
1.66
1.38
3.34
0.18
0.35
1.40
0.03
0.47
0.65
1.62
0.67
0.12
2.22
0.12
0.41
0.46
0.12
0.35
0.43
0.48
0.57
0.78
0.55
2.13
0.09
3.03
3.10
2.74
1.74
3.08
0.03
2.71
2.59
2.45
0.06
0.16
2.83
0.09
0.22
0.09
0.38
0.12
0.82
0.46
0.68
1.15
1.01
1.96
0.60
1.60
2.40
2.29
2.74
0.06
0.06
1.60
0.03
0.06
0.09
0.12
8.10
7.76
2.12
1.43
0.58
0.12
1.18
0.12
0.54
0.49
1.22
1.66
0.91
3.83
1.91
0.82
2.16
0.06
0.32
1.23
0.68
0.59
0.09
1.75
0.53
0.70
0.12
1.49
0.12
1.18
1.95
1.40
0.50
0.93
1.46
0.94
0.81
3.11
1.24
0.07
0.14
0.06
0.03
0.06
0.09
0.86
0.12
1.48
2.15
0.30
0.20
0.12
0.15
1.09
1.75
0.66
0.65
1.06
0.98
1.80
0.77
2.03
0.90
0.66
0.06
0.06
0.18
0.33
0.64
1.85
0.65
0.41
0.88
0.41
0.14
0.63
0.15
0.12
0.18
0.18
1.30
1.28
0.18
1.92
0.47
2.03
6.47
57.42
39.34
0.15
1.13
1.91
0.98
0.95
0.75
0.46
3.08
0.09
0.18
0.09
0.68
1.02
0.98
0.90
0.41
2.15
0.12
1.77
1.42
2.16
2.56
2.32
1.66
1.37
1.60
0.98
0.70
0.57
0.87
1.09
3.57
0.09
1.11
0.66
0.09
0.87
1.42
1.01
0.45
0.12
1.81
1.73
0.29
2.21
1.74
0.76
2.19
0.90
0.39
1.20
0.10
2.17
0.09
1.18
3.08
0.34
1.04
0.10
1.08
0.53
0.09
0.94
0.77
0.34
0.45
2.10
0.09
2.76
1.88
1.65
2.37
2.34
2.24
2.68
2.79
3.18
0.79
0.49
2.89
1.59
0.09
3.00
1.79
0.24
1.76
1.29
1.18
0.94
0.09
1.90
0.19
1.17
2.47
2.34
2.22
3.40
2.38
1.44
1.21
1.75
1.57
1.85
2.61
1.59
1.15
1.41
2.38
1.51
0.73
0.09
0.09
0.63
0.09
0.49
0.09
0.20
2.59
1.05
2.32
1.30
0.67
0.39
0.68
0.14
1.26
1.30
5.26
1.48
1.00
1.47
0.09
0.12
0.12
1.03
0.36
0.70
0.75
2.40
4.63
0.17
3.67
1.86
4.00
2.05
0.03
2.25
2.10
0.48
0.09
2.30
1.43
1.74
0.81
0.94
0.67
0.09
0.12
1.59
0.12
0.72
1.50
3.29
0.98
3.56
4.36
1.63
2.68
3.33
1.80
2.43
1.45
2.36
1.74
0.76
122.66
131.37
130.36
14.43
0.50
0.09
0.46
0.65
0.09
0.56
0.21
4.16
1.18
2.56
2.40
3.03
2.04
2.57
1.74
1.21
1.28
1.79
0.06
0.42
123.36
131.40
130.72
9.78
0.12
1.17
1.33
0.77
0.86
1.42
0.74
3.26
0.26
2.60
5.60
3.66
1.43
2.91
2.11
2.03
3.68
3.72
2.66
1.36
123.09
130.00
130.35
18.14
0.76
1.51
0.46
0.91
0.31
1.16
0.97
2.06
0.75
2.88
1.84
1.94
3.38
1.22
1.40
2.31
3.27
1.99
1.52
1.73
63.09
66.01
65.68
7.50
0.09
0.09
0.30
0.30
0.12
0.15
1.33
1.29
0.12
2.64
1.47
2.04
0.09
0.24
0.56
0.31
0.44
0.46
1.80
0.98
52.50
60.53
61.84
3.37
2.47
0.12
2.01
1.25
0.12
1.02
0.77
2.72
0.49
0.84
1.06
1.21
1.20
1.11
0.50
1.19
1.70
1.60
0.82
0.37
2.52
0.12
1.20
0.15
1.55
0.61
0.25
0.09
0.09
0.09
0.12
0.09
0.06
0.06
0.03
1.69
1.86
0.00
9.69
0.03
1.78
0.85
1.60
0.06
78.81
102.40
100.69
14.49
0.48
0.77
0.09
0.12
0.09
0.12
0.12
0.12
0.12
0.35
0.66
0.58
0.27
1.18
1.02
0.26
0.96
0.45
0.74
0.58
30.38
51.05
8.17
0.34
0.09
2.79
0.09
0.09
0.12
0.12
2.53
1.15
0.09
0.97
0.88
0.20
0.21
1.23
0.81
0.54
0.03
0.74
1.36
0.85
0.89
1.05
0.64
1.44
0.95
1.92
0.09
0.09
0.09
0.09
0.09
0.12
0.09
0.15
0.15
0.15
0.12
0.06
0.09
0.06
0.06
0.06
0.06
0.06
111.71
66.95
5.88
1.06
0.09
0.06
0.09
0.09
0.06
0.09
0.06
0.09
0.06
1.07
1.17
1.38
0.03
1.16
0.48
0.17
0.03
1.37
0.60
3.60
61.16
70.14
4.60
0.09
0.09
0.09
0.12
0.12
0.09
0.12
0.09
0.12
0.06
0.18
0.91
0.12
1.15
0.64
1.31
0.05
0.53
1.52
0.03
0.06
1.73
7.50
8.01
2.02
1.02
0.06
0.09
0.09
0.09
1.03
1.27
0.18
1.04
0.99
0.50
0.06
0.36
1.09
1.14
1.27
0.92
1.90
0.06
0.75
1.23
1.63
2.07
0.68
0.09
0.09
0.12
0.09
0.09
1.09
0.09
0.77
0.06
0.71
0.74
4.59
1.20
0.45
1.56
0.73
0.58
1.64
1.20
0.60
68.61
79.26
6.60
1.18
1.18
2.12
0.28
2.56
0.66
0.80
0.80
1.26
0.25
0.91
0.56
7.34
0.73
0.04
0.58
1.10
0.94
0.66
0.87
0.09
132.56
81.36
8.93
1.25
0.63
0.91
1.56
0.15
0.84
0.40
0.89
0.81
0.62
0.93
0.95
0.42
0.77
0.40
0.90
0.57
0.88
0.43
0.40
0.22
1.81
0.33
1.15
0.99
1.54
0.94
2.59
0.44
0.56
0.98
1.46
1.46
0.52
1.16
3.50
1.42
0.74
2.07
0.03
1.45
0.77
0.97
1.88
1.08
56.27
32.97
0.09
5.00
8.06
9.09
8.02
8.17
2.05
1.29
0.55
1.22
0.20
1.30
2.18
1.88
0.91
0.49
0.66
0.61
1.73
0.06
3.67
1.16
26.57
44.20
1.02
1.69
0.86
1.07
1.09
1.66
1.11
0.09
0.48
1.31
0.09
0.37
1.55
2.25
0.34
0.48
0.79
0.03
0.15
0.99
0.39
0.75
1.59
0.83
0.76
2.66
1.73
0.56
0.44
1.35
0.91
0.36
1.39
1.47
0.06
0.09
1.37
2.03
0.58
0.38
0.89
11.13
5.56
0.73
1.23
0.09
0.57
1.35
0.41
1.06
1.27
1.33
0.88
0.96
0.09
0.09
0.58
0.18
0.16
0.67
1.58
0.33
1.57
0.74
0.49
0.56
0.43
2.49
1.18
0.32
2.99
1.13
0.85
2.41
0.68
1.14
83.43
71.92
2.68
1.56
0.11
1.34
0.09
40.30
88.72
102.25
99.35
67.96
60.98
61.01
5.88
1.17
1.02
29.41
61.42
100.26
100.29
8.27
0.31
0.09
0.09
0.18
0.85
1.82
0.63
1.54
0.21
0.38
1.16
1.84
44.22
50.51
50.64
50.77
50.15
51.19
50.33
50.43
95.67
100.60
25.60
0.12
0.82
1.80
1.60
0.43
0.09
1.16
1.09
1.77
0.36
1.05
83.84
100.28
100.16
100.80
99.82
100.98
103.33
95.84
32.40
48.07
144.36
115.64
18.06
1.39
0.83
1.03
0.12
0.09
0.63
1.35
0.63
1.08
0.09
7.62
11.48
3.06
0.85
1.45
0.84
1.25
1.03
0.93
1.23
0.69
2.06
1.44
0.54
1.52
0.12
0.25
0.45
1.49
0.09
0.69
0.09
0.75
0.28
1.00
1.04
0.83
3.98
0.03
0.33
0.68
0.70
1.12
1.04
0.29
1.09
0.84
0.46
1.14
1.11
0.98
0.74
1.37
0.12
0.89
0.82
1.41
0.57
0.47
0.50
0.06
1.46
0.63
0.64
0.86
2.56
3.62
0.06
1.56
0.38
1.70
0.17
1.91
0.12
0.96
0.12
0.09
0.09
0.09
0.09
0.09
0.75
1.03
1.04
0.65
1.02
0.95
1.04
0.70
0.78
0.63
0.54
1.21
39.68
61.09
14.02
0.56
2.09
1.15
0.42
1.40
1.43
0.88
0.39
1.41
0.30
1.34
0.89
0.06
1.43
0.81
1.44
0.98
0.86
0.89
1.01
0.09
2.19
0.80
1.12
2.26
1.73
1.15
0.33
1.18
0.84
0.19
0.83
1.39
0.44
0.26
1.97
0.63
0.08
1.20
0.03
1.32
0.63
0.86
1.22
0.82
1.64
0.96
1.33
2.05
0.31
2.56
2.64
1.31
0.23
1.89
0.12
1.05
0.24
0.95
0.06
6.02
12.94
1.67
11.57
1.04
1.62
1.29
0.89
0.07
0.09
1.10
1.18
2.32
1.01
1.84
0.43
0.95
1.28
0.72
0.31
0.65
0.09
0.50
0.87
0.46
0.90
0.82
0.22
1.20
0.85
1.09
1.36
2.78
1.16
0.92
0.13
1.07
2.12
1.00
0.51
1.05
0.93
1.05
0.12
1.04
0.13
0.09
0.73
1.53
1.04
0.06
1.40
0.73
1.37
0.03
0.09
0.06
3.74
0.81
0.34
1.07
1.11
1.60
0.09
1.78
0.66
0.77
0.84
1.07
0.21
0.74
0.75
1.76
1.20
1.03
0.64
1.13
1.01
1.41
0.55
0.34
1.94
1.61
0.83
2.17
1.71
1.72
0.62
1.44
0.09
1.45
6.61
2.45
0.67
0.53
1.48
1.49
0.78
0.95
0.89
2.17
1.48
0.44
0.86
3.52
1.64
0.77
1.82
1.29
0.82
1.86
1.21
1.36
0.45
0.96
0.39
2.03
0.68
1.32
1.23
2.05
0.69
0.73
0.72
1.74
1.12
1.46
0.09
0.09
1.68
6.76
4.10
1.49
0.43
4.13
1.05
159.64
251.11
254.48
255.08
269.44
181.32
136.44
50.89
13.20
2.83
2.31
2.00
2.79
1.74
0.50
1.13
1.04
2.74
2.80
0.12
1.86
1.64
0.49
56.60
46.34
1.94
0.09
0.12
1.39
0.12
35.93
146.15
34.58
1.44
2.44
0.06
0.54
0.06
0.06
61.24
106.10
24.15
0.56
0.38
0.12
0.49
0.09
0.00
0.00
0.00
0.00
0.00
0.00
0.00
0.00
0.00
0.00
0.00
0.00
0.00
0.00
0.00
0.00
0.00
0.00
0.00
0.00
0.00
0.00
0.00
0.00