291.50
291.23
290.44
274.12
202.11
150.15
24.32
1.27
1.79
1.51
37.54
79.97
92.53
120.90
120.34
97.44
92.14
162.94
182.27
181.74
114.67
238.56
251.84
248.83
196.61
166.47
150.58
130.20
130.76
133.87
191.81
236.89
321.32
320.40
320.82
321.45
320.32
321.25
320.82
320.16
320.74
320.75
211.66
181.58
181.15
279.48
319.88
321.68
295.81
216.38
175.20
151.03
150.56
182.15
195.59
240.51
319.89
321.85
320.40
321.26
319.79
320.82
321.17
320.64
321.54
348.89
243.47
191.23
200.11
312.50
320.54
320.53
350.01
350.28
325.28
254.46
255.32
291.01
260.96
265.94
281.55
290.48
291.30
291.18
290.33
291.21
290.51
290.51
290.51
290.72
202.82
192.57
200.94
329.30
350.05
328.71
251.52
158.70
118.17
62.56
0.28
0.69
0.14
0.17
76.99
166.85
200.82
200.81
200.59
200.99
200.67
200.74
200.67
201.17
96.61
82.44
99.20
187.33
163.59
142.78
72.22
3.09
0.36
0.13
0.84
82.30
102.58
89.71
268.96
289.48
291.17
291.03
290.35
290.86
292.74
291.33
285.09
263.70
132.85
125.79
140.92
170.48
268.96
250.89
179.03
59.22
26.00
0.45
39.38
106.48
137.76
83.19
112.13
111.41
111.57
110.70
110.50
112.75
112.29
110.53
111.11
111.07
121.86
120.47
121.32
155.91
199.33
186.46
60.79
2.38
0.69
0.17
1.54
2.08
0.46
1.74
2.74
1.97
1.59
1.75
1.51
1.99
1.66
0.95
1.47
0.35
124.40
132.21
132.30
7.99
0.52
1.23
0.30
0.61
1.00
0.49
0.92
2.75
3.66
2.44
3.10
2.38
3.43
2.35
1.59
2.13
2.43
0.56
2.49
1.02
139.01
152.53
150.75
26.42
0.66
0.10
163.72
167.69
124.59
55.59
51.62
109.47
88.64
133.31
176.43
180.94
181.08
181.34
182.12
250.93
251.78
250.78
251.65
250.42
173.99
160.22
184.81
191.22
192.02
191.71
288.27
300.65
300.74
300.32
300.80
302.38
299.46
303.16
301.61
219.74
202.17
200.88
198.63
151.65
150.59
151.27
151.02
149.55
171.75
182.87
220.66
171.24
151.20
233.48
213.21
163.02
101.28
99.38
100.58
97.21
17.71
1.93
1.42
1.86
96.07
102.63
100.96
194.46
201.28
200.88
201.15
201.22
232.51
241.23
219.63
120.06
190.21
170.62
150.50
100.32
72.85
49.93
50.90
177.44
248.64
260.38
365.04
389.82
389.86
389.00
390.51
390.20
390.23
389.88
351.31
331.15
205.77
171.92
217.05
202.03
326.72
236.86
231.38
226.27
184.10
143.60
173.35
268.83
299.24
309.42
321.57
320.82
319.79
320.78
319.90
320.57
319.56
320.45
320.98
319.67
171.69
151.53
227.16
315.01
319.97
298.84
220.30
216.50
216.22
175.01
170.35
243.99
297.64
237.69
231.50
225.03
190.28
190.90
190.27
190.74
191.17
191.39
199.44
200.68
173.65
170.36
227.33
184.90
200.36
233.23
305.72
289.79
275.71
250.18
269.20
346.15
350.29
337.59
321.48
320.03
275.04
270.66
271.04
222.34
211.79
219.97
221.18
295.95
300.71
301.57
300.47
113.72
89.11
236.68
251.07
246.78
183.54
180.40
245.51
294.19
300.83
301.29
296.43
289.95
291.13
289.94
289.93
289.34
291.00
290.62
288.99
265.94
158.49
151.64
148.92
206.10
267.71
297.78
289.92
243.97
167.37
160.83
160.18
208.76
149.48
195.19
240.48
240.21
240.29
240.44
239.80
240.81
222.62
161.03
158.39
106.85
84.19
70.80
62.89
79.36
127.93
210.31
230.70
220.55
160.69
121.54
100.24
101.11
39.68
53.32
197.87
240.28
240.92
241.62
240.32
241.69
240.93
241.27
241.02
210.37
203.58
200.84
201.14
201.30
138.83
84.79
60.21
5.92
0.17
0.20
5.00
115.24
206.44
206.30
264.04
280.49
281.24
283.53
274.31
273.01
268.47
261.92
261.73
258.73
161.11
202.81
199.60
231.09
241.11
239.87
223.32
175.40
114.64
100.67
101.21
237.01
290.30
290.99
291.54
291.87
291.65
290.91
290.69
292.67
290.55
290.11
290.57
205.52
189.67
199.97
199.76
201.12
286.32
265.26
211.19
210.54
199.56
99.89
105.75
171.62
171.01
203.95
137.18
132.20
111.69
112.75
109.94
111.89
111.33
110.97
110.63
110.48
58.13
22.34
56.20
78.02
108.98
150.50
161.84
92.14
61.27
47.57
49.65
127.44
140.67
164.27
172.74
171.24
282.34
291.59
291.00
290.42
290.90
291.07
291.14
291.15
138.54
121.76
192.74
279.18
163.84
131.09
226.81
203.79
141.85
91.65
107.72
207.53
175.93
118.12
104.35
100.42
30.52
60.38
90.71
101.18
101.28
149.25
227.08
215.74
154.60
151.53
151.15
180.48
302.78
360.66
228.29
211.15
210.46
195.60
176.25
186.03
200.14
243.18
299.06
281.11
275.87
242.05
241.28
242.22
241.34
241.56
241.66
241.92
175.41
161.79
161.63
244.01
334.69
341.74
333.20
289.91
254.37
198.88
168.43
104.51
27.49
30.12
150.92
288.36
301.96
347.43
399.10
335.98
301.40
280.28
260.87
261.46
262.17
262.42
268.45
293.94
329.43
332.98
275.19
179.52
150.27
114.14
114.32
246.29
345.92
352.47
361.16
361.13
361.32
361.84
360.47
360.71
361.82
362.17
361.36
306.80
283.07
231.62
229.96
292.34
300.63
300.59
300.86
300.83
270.66
220.43
223.35
352.87
317.68
301.31
280.45
262.00
260.55
261.47
261.13
261.07
261.97
242.72
230.98
230.08
217.32
180.39
190.38
229.41
303.20
305.68
194.08
109.75
61.73
42.15
68.05
188.89
248.99
241.27
242.47
100.51
202.96
230.98
230.37
231.80
219.25
210.93
211.75
154.16
134.05
131.96
132.94
84.50
143.91
237.24
206.61
126.97
60.08
13.84
22.12
102.82
183.41
239.24
302.04
301.29
300.35
301.40
300.46
300.30
301.14
301.11
300.80
254.47
200.89
200.93
200.47
200.99
277.14
244.13
178.27
116.49
42.36
1.62
20.13
93.59
177.99
221.77
297.70
300.05
298.28
298.19
297.44
298.47
298.49
298.49
298.47
236.23
212.29
241.37
240.22
241.78
260.80
299.12
208.88
152.64
107.78
43.55
40.69
58.68
4.09
67.18
167.61
270.59
298.02
307.13
306.00
306.25
307.13
237.79
185.95
185.97
211.85
232.00
266.14
281.83
191.78
124.24
13.27
0.20
0.16
0.20
0.17
0.24
0.24
0.13
1.08
65.09
81.95
109.88
111.34
111.56
111.36
111.23
111.48
110.94
166.05
222.19
251.09
140.11
0.72
0.77
0.23
1.14
0.86
1.31
1.13
37.92
39.84
158.24
243.74
236.05
227.81
235.37
289.66
301.47
300.51
300.59
300.79
300.36
245.72
206.31
261.35
245.53
200.23
36.90
1.69
0.88
0.69
0.48
0.61
25.17
40.11
115.36
248.15
250.84
251.52
281.93
298.35
300.38
300.74
300.09
298.41
283.84
200.71
152.10
151.40
265.47
250.90
112.42
2.33
1.85
0.91
0.94
0.93
1.94
1.90
109.88
235.21
249.41
250.65
280.06
285.55
294.19
298.02
295.29
264.27
203.70
184.06
184.43
173.32
288.75
201.43
77.04
0.56
1.62
0.74
0.26
0.80
0.79
1.80
58.36
225.54
299.88
300.29
297.65
300.36
300.91
300.35
301.59
257.11
210.43
201.27
200.58
202.41
296.02
206.74
92.89
0.65
1.08
0.79
0.44
1.34
1.35
1.46
100.90
215.50
273.73
277.09
287.94
289.67
291.00
298.15
300.91
300.70
265.62
202.12
216.84
244.22
251.71
250.39
242.28
170.20
99.70
12.89
0.64
0.61
1.31
0.04
44.25
180.81
244.03
299.12
300.06
300.43
300.36
300.31
300.56
259.21
222.06
186.53
198.26
200.08
251.18
249.36
211.32
169.34
105.39
25.15
20.18
10.08
1.48
0.04
0.14
12.29
110.16
220.67
263.71
265.96
241.70
243.84
233.47
233.74
233.18
222.63
220.93
257.00
261.03
339.95
228.69
130.58
73.11
18.51
1.13
0.72
0.96
2.95
63.69
151.71
195.76
220.15
220.57
220.75
219.88
220.64
220.19
132.08
101.23
178.13
220.85
221.64
158.88
150.75
151.50
68.97
9.03
8.34
9.03
8.71
10.03
9.83
37.88
100.01
102.53
144.78
147.24
150.92
151.11
150.98
150.04
150.35
150.94
172.41
200.99
210.65
114.00
15.29
0.81
1.19
1.59
0.23
1.24
2.21
0.98
2.10
44.66
92.30
100.77
139.69
151.44
150.66
150.59
151.44
149.48
151.23
150.17
180.15
210.52
210.66
171.00
105.00
0.23
0.65
1.07
0.26
0.85
0.86
2.28
9.31
90.41
154.04
200.50
200.24
200.56
200.60
201.95
201.16
200.21
109.65
100.98
182.28
190.18
189.64
110.28
4.56
0.25
1.40
0.61
1.22
0.62
1.34
0.35
1.34
60.26
153.15
200.81
201.66
201.88
200.29
202.07
200.95
201.23
120.80
100.41
164.78
190.87
162.63
101.53
6.33
0.23
2.08
0.42
0.95
0.44
1.14
1.16
0.23
1.05
57.26
148.68
156.13
170.39
170.04
170.28
106.72
99.41
51.27
49.91
164.45
200.82
199.59
120.03
14.75
1.44
1.20
0.83
0.23
0.57
0.23
0.84
0.23
1.39
0.66
1.45
47.03
51.34
51.57
51.71
51.65
49.82
51.71
52.21
184.05
201.92
191.81
14.31
2.55
0.87
1.30
0.83
1.38
1.22
1.60
0.92
2.38
55.42
102.17
101.72
101.77
197.85
200.77
201.56
200.79
201.37
200.95
201.77
202.65
201.25
201.31
178.41
43.32
1.03
1.80
1.86
1.93
1.88
2.00
2.49
7.23
48.02
102.24
100.90
102.38
197.12
202.92
202.07
236.38
199.10
202.26
201.34
229.32
230.98
224.65
155.28
101.13
15.49
1.35
1.19
2.12
1.77
0.60
2.62
5.86
47.37
102.38
190.10
201.99
201.57
201.64
202.89
202.14
226.12
187.92
112.32
165.83
231.34
230.56
112.16
101.38
8.24
1.21
1.29
1.17
1.05
1.75
1.83
14.03
66.96
103.36
191.84
202.37
202.05
201.72
200.88
201.55
201.09
201.67
117.48
222.73
231.80
231.48
169.46
101.53
91.20
1.39
1.55
1.36
1.09
2.43
1.86
3.03
61.01
102.25
193.81
201.30
200.86
200.43
201.95
200.57
201.67
134.09
101.01
193.95
238.34
216.62
109.64
51.52
0.83
1.31
1.63
0.91
0.39
0.69
1.15
0.20
29.34
142.00
199.47
201.46
168.08
160.94
161.11
153.99
103.31
101.19
101.98
100.56
102.30
100.56
58.55
22.67
2.17
130.81
141.16
101.61
13.05
1.18
1.52
0.50
12.64
81.66
81.25
81.87
80.94
81.09
82.02
81.19
81.65
99.56
101.83
189.80
200.58
148.78
101.08
196.68
126.18
55.31
7.88
0.55
0.26
0.23
0.89
2.09
5.75
85.84
104.19
192.96
201.85
200.26
201.20
201.72
199.74
201.94
110.93
180.50
230.67
230.44
78.71
4.13
0.36
123.61
165.65
130.71
69.07
1.75
27.96
57.21
82.37
103.17
102.32
145.39
150.77
196.03
201.53
200.27
201.06
206.31
200.97
111.26
99.45
102.21
185.85
161.95
9.52
83.74
91.92
80.62
80.54
80.87
93.70
101.36
85.54
82.59
81.98
82.20
80.21
80.48
80.07
80.72
81.89
81.02
81.03
152.52
156.22
115.81
89.66
80.64
80.58
144.37
89.64
28.38
7.84
9.06
104.98
183.06
160.06
139.05
82.20
79.95
80.65
80.50
80.94
81.29
79.80
81.13
80.11
90.64
100.30
99.98
100.27
196.93
201.29
174.70
106.83
37.22
5.59
30.89
122.46
155.59
151.01
115.52
101.23
101.22
101.82
115.47
148.94
150.98
150.96
107.09
103.20
101.72
102.41
101.03
101.76
191.20
201.38
326.17
294.78
212.69
175.24
145.96
167.03
146.72
115.65
109.85
80.92
81.63
81.98
80.82
81.60
81.07
49.88
22.20
20.44
42.26
61.78
61.35
95.63
260.99
199.88
316.48
293.50
171.43
149.00
119.41
108.03
39.95
12.89
75.86
87.34
87.28
86.56
64.88
62.31
58.89
42.00
21.83
22.01
59.17
61.05
60.27
97.67
170.34
145.65
191.32
159.20
67.06
51.23
50.09
50.89
19.82
0.96
62.25
92.05
45.29
1.34
1.59
1.49
1.63
6.62
9.12
9.66
43.32
56.11
57.24
58.14
133.50
112.50
51.71
49.81
24.63
0.50
1.25
2.01
0.26
1.64
2.27
46.91
51.68
51.39
50.79
50.97
50.67
50.82
51.87
52.72
61.99
62.05
59.81
93.83
98.44
49.93
50.83
2.89
1.29
0.90
0.75
87.30
190.99
233.86
161.50
120.82
120.01
119.77
121.14
121.23
99.93
91.37
90.70
90.99
106.28
104.61
105.48
101.87
146.73
246.17
272.12
204.01
157.74
130.80
123.46
212.72
230.03
206.01
170.41
118.40
60.08
61.38
59.39
66.81
61.75
61.81
60.47
61.46
100.90
103.18
103.23
103.78
233.79
211.28
264.56
242.77
143.28
96.63
148.91
218.85
219.53
155.63
114.21
82.01
81.01
82.16
80.45
81.74
72.21
80.76
80.45
81.21
101.89
102.14
101.20
102.05
147.20
195.19
245.82
221.54
140.84
27.93
58.72
105.19
120.50
134.59
152.57
198.65
194.45
184.75
152.35
151.18
152.11
151.10
103.09
102.18
72.09
72.25
101.03
145.41
150.43
189.21
274.85
201.11
133.90
80.24
69.96
53.40
4.24
0.56
20.73
77.16
121.32
158.26
76.46
51.50
51.83
51.39
51.43
51.66
82.23
80.19
100.59
101.25
5.65
0.19
2.22
1.47
0.87
0.28
1.22
2.28
4.87
1.27
4.40
45.15
51.16
51.52
51.93
51.63
51.84
51.91
51.03
50.92
119.19
120.53
102.71
7.58
0.73
1.01
103.97
60.60
15.49
1.25
34.09
56.98
124.80
132.52
68.92
52.15
51.94
52.82
52.37
51.78
52.33
52.26
52.58
51.53
60.15
72.14
93.74
101.12
31.51
0.59
1.43
0.04
0.08
1.39
0.08
2.99
2.63
1.29
3.75
77.66
81.69
82.43
81.16
82.44
81.77
81.36
80.87
81.94
65.45
61.15
61.59
6.14
0.78
0.72
2.92
1.99
0.93
1.15
1.66
2.13
1.41
1.54
83.98
166.92
249.63
254.01
252.53
253.79
251.54
253.39
253.43
251.04
255.89
253.66
252.94
120.08
96.02
42.47
0.79
2.18
1.34
0.79
1.87
1.56
0.90
0.92
20.28
164.69
229.57
235.79
236.51
258.18
293.67
299.25
254.07
250.79
253.34
252.71
252.61
153.78
24.16
0.30
46.11
4.03
0.30
0.29
0.29
0.73
0.30
0.26
28.78
86.13
122.18
120.71
103.46
70.96
71.69
71.85
73.29
71.86
163.39
181.65
108.00
15.71
0.93
0.08
0.08
0.04
1.31
0.40
0.08
0.68
0.12
0.08
5.21
0.87
0.04
0.85
0.00
0.04
0.00
0.04
0.04
0.07
106.19
151.55
148.78
3.76
0.68
0.34
0.58
0.04
0.08
0.48
0.08
2.64
0.08
0.08
1.53
34.13
147.69
204.55
207.85
207.67
267.27
278.66
252.83
197.46
217.18
229.64
205.61
94.09
3.02
1.99
2.04
1.21
0.65
0.95
1.30
2.00
1.54
2.04
0.35
122.34
189.58
225.45
230.03
242.73
242.90
244.25
245.31
172.26
243.07
305.67
276.22
159.20
71.10
1.89
2.59
0.67
1.14
0.67
0.64
2.48
0.63
0.14
1.71
84.11
131.24
184.17
209.26
243.92
274.70
271.04
232.72
214.46
260.48
314.26
311.60
282.06
141.94
10.61
0.24
0.43
0.24
0.24
0.33
0.99
0.27
0.21
0.83
124.92
185.93
258.92
286.07
324.68
347.43
345.98
316.84
249.96
294.23
347.44
286.75
229.87
183.43
83.56
90.20
4.18
0.00
0.00
0.00
0.00
0.00
0.00
0.16
93.03
165.62
258.21
334.87
336.63
336.73
331.16
275.88
176.46
174.63
232.85
211.78
154.83
103.78
22.22
2.06
1.94
1.21
0.36
0.30
0.63
0.33
0.82
29.69
103.76
108.95
109.31
107.14
114.36
121.12
116.57
89.76
74.48
169.21
218.87
221.18
134.39
248.72
264.84
195.56
126.30
65.57
23.22
0.00
0.31
0.00
17.76
143.60
232.42
262.97
287.61
301.97
303.34
267.58
259.08
231.85
208.84
161.48
151.10
151.58
147.13
31.07
0.36
0.47
1.47
0.00
0.00
0.00
1.48
0.00
18.78
98.88
155.39
197.27
263.44
360.73
342.41
359.70
345.11
301.54
286.29
215.36
207.16
199.89
123.79
106.84
72.96
0.00
0.00
0.00
0.00
0.00
1.52
0.00
2.06
1.27
74.78
80.82
82.55
132.04
188.89
185.91
187.98
176.67
179.14
208.39
196.31
155.79
73.82
60.20
53.88
14.28
0.00
0.00
0.00
0.00
1.88
0.31
2.92
71.78
79.75
123.65
151.48
150.77
151.37
155.17
151.46
144.48
147.42
176.90
185.49
170.34
161.45
84.26
1.00
0.00
0.00
0.00
0.00
0.00
1.35
0.00
0.67
97.58
153.42
154.09
168.12
189.68
193.90
192.90
188.63
183.52
146.86
175.18
185.47
174.01
155.63
73.43
58.56
0.24
0.21
0.21
0.18
0.21
0.37
0.21
0.15
50.54
60.80
61.08
59.26
59.86
59.81
60.78
59.85
59.73
59.56
82.02
99.54
86.94
4.85
0.21
0.18
0.18
0.18
0.18
0.18
0.18
0.24
0.18
2.36
54.87
60.58
59.94
60.71
60.00
60.10
60.67
60.60
31.87
60.54
81.35
80.12
79.82
14.12
0.18
0.56
0.21
0.21
0.21
0.24
0.27
0.30
0.00
0.00
52.01
60.13
59.62
61.42
61.09
61.19
61.48
61.69
61.86
63.68
79.76
80.34
80.19
5.06
0.00
0.86
0.00
0.00
0.00
0.00
0.00
0.73
0.00
0.00
62.36
80.42
82.15
79.30
80.73
81.87
80.98
80.43
82.63
76.59
152.42
178.84
176.55
77.95
62.32
9.25
4.12
3.24
3.79
3.55
3.04
6.01
3.21
4.66
59.38
81.86
82.47
138.30
148.27
149.58
150.21
147.96
142.89
144.17
168.72
181.57
181.95
174.16
82.63
8.75
0.33
0.36
0.12
0.00
0.37
1.83
0.00
0.45
75.63
81.22
81.51
115.94
141.96
146.73
147.03
145.11
135.89
138.41
161.08
175.04
164.59
146.48
64.66
10.18
0.45
0.45
0.18
0.00
0.00
1.03
0.00
1.63
78.17
81.73
80.37
130.65
150.67
153.53
151.52
147.32
144.96
146.33
174.42
181.12
160.49
143.88
68.04
24.07
2.31
1.28
0.00
0.40
0.81
3.96
0.61
2.67
76.04
83.54
81.49
81.32
81.50
82.53
81.31
82.05
81.59
82.75
100.39
100.49
88.68
80.50
14.85
1.71
0.42
0.10
1.25
0.29
0.94
1.58
0.00
2.06
3.91
2.31
3.63
1.16
3.15
2.12
1.37
1.55
0.92
0.78
1.89
35.84
24.54
3.44
1.44
0.66
0.00
0.00
0.78
0.36
1.33
1.61
0.00
1.42
2.84
1.89
1.95
1.92
1.73
1.19
1.84
1.45
1.65
2.00
2.45
1.21
2.02
1.62
1.80
0.31
0.00
0.00
4.88
0.66
12.99
5.45
0.75
0.96
53.08
63.86
66.45
162.71
181.17
184.09
182.21
188.75
193.39
176.00
216.06
239.51
237.81
138.56
120.91
124.44
110.77
90.27
26.44
0.52
1.87
1.54
0.00
0.88
73.62
81.37
150.09
202.87
207.97
216.09
208.89
210.70
211.57
204.11
250.04
298.96
253.92
160.61
130.24
10.26
2.49
0.00
0.00
0.11
0.01
2.78
0.00
2.23
4.55
92.45
96.00
176.69
202.21
207.15
207.52
202.81
197.82
194.74
280.61
354.53
337.79
216.31
111.13
20.97
2.02
3.63
2.61
0.00
0.00
0.99
0.00
0.89
60.16
80.57
80.53
114.99
122.53
124.89
145.25
118.47
99.60
122.45
234.02
276.38
248.60
109.33
30.59
0.15
1.62
0.34
0.47
0.31
1.53
1.60
0.25
0.00
43.70
60.41
61.71
60.64
117.69
121.06
121.78
119.06
114.66
116.31
244.33
276.26
276.66
127.09
67.16
45.56
1.90
0.00
0.70
0.48
0.26
1.33
0.30
0.10
1.43
0.44
1.52
0.00
1.74
0.70
1.01
0.29
1.12
2.01
74.89
149.77
103.47
29.17
0.27
2.94
0.51
0.20
0.77
0.00
0.00
1.19
0.00
1.38
1.12
0.87
0.41
1.42
0.64
1.11
0.71
1.01
0.00
1.60
4.19
1.77
0.00
1.52
0.62
1.99
0.46
1.49
0.00
0.59
0.00
1.16
0.00
1.16
74.71
79.54
81.14
129.09
180.45
197.11
245.32
248.24
212.37
163.19
239.06
312.12
283.63
122.69
66.08
14.23
0.74
0.75
0.39
0.39
0.42
0.45
0.36
1.82
62.81
81.60
81.69
170.76
180.85
186.73
187.43
184.30
180.43
180.22
275.37
348.39
320.02
178.91
99.00
1.52
0.00
0.00
2.43
0.00
0.00
1.95
0.00
1.01
51.05
62.11
60.63
113.16
165.81
170.02
167.94
165.79
160.16
163.67
311.10
349.97
313.31
122.06
96.98
8.19
0.00
0.00
0.21
0.00
0.00
1.24
0.00
0.36
49.05
50.93
51.37
49.45
50.05
52.00
50.35
50.81
51.72
50.39
185.65
231.97
204.99
59.28
0.00
0.00
0.00
0.00
0.00
0.18
0.00
0.09
0.00
0.49
1.37
0.44
0.70
0.17
0.00
0.00
0.24
0.00
0.00
0.00
3.11
0.93
0.44
0.00
0.00
0.00
0.00
0.00
0.00
0.00
0.09
0.00
0.00
0.91
1.37
2.57
2.09
0.19
0.00
1.17
0.00
0.78
0.87
0.48
2.01
0.56
0.00
0.00
0.00
0.00
0.00
0.85
0.00
0.00
0.00
0.22
0.00
0.00
1.55
0.93
0.21
0.74
0.00
0.00
1.15
0.00
0.00
0.27
38.28
70.16
68.20
62.32
55.20
11.60
0.00
0.00
0.00
0.00
0.00
1.03
0.00
0.00
73.63
82.26
80.83
80.63
80.06
81.03
79.93
80.90
82.12
80.45
188.34
230.40
202.76
57.62
0.41
0.00
1.71
0.37
0.00
0.15
0.06
1.99
6.76
0.00
2.09
2.73
0.43
0.15
1.51
1.37
1.85
1.26
1.21
1.38
148.86
199.92
153.06
14.79
2.14
0.69
1.38
2.10
1.31
1.11
0.78
3.25
1.89
1.81
2.52
58.00
80.93
81.85
79.51
82.32
83.90
96.59
81.11
79.98
212.79
230.87
207.47
38.60
0.67
0.45
1.12
0.83
0.58
1.84
1.64
2.93
2.08
2.78
5.96
67.86
80.81
80.48
81.92
81.43
80.52
80.87
81.81
80.52
170.69
231.83
195.63
52.06
2.54
0.93
1.21
1.06
1.00
0.63
1.51
2.44
1.61
2.39
3.77
48.93
61.06
61.09
61.70
60.99
60.65
62.17
61.30
60.76
200.76
222.27
171.82
39.85
0.54
1.00
1.54
0.90
0.92
0.78
1.88
2.26
0.81
1.91
1.83
1.23
2.52
1.89
3.02
1.64
2.14
0.97
1.46
4.11
124.80
152.00
137.99
57.01
1.43
0.48
3.16
2.05
0.62
2.30
0.80
1.93
0.77
2.04
2.43
4.75
3.08
2.17
1.37
2.28
1.85
2.61
1.29
2.97
64.63
72.88
54.61
12.99
6.03
5.04
6.65
4.53
5.21
4.99
5.77
6.13
6.43
5.93
16.70
81.08
82.11
149.48
191.83
195.20
196.10
195.09
191.50
191.39
288.54
359.26
337.77
132.10
102.93
39.82
1.50
0.00
0.46
0.57
1.27
2.47
0.63
2.02
1.60
54.24
81.55
172.65
143.68
144.43
146.45
146.88
145.06
144.26
257.30
281.27
274.92
162.27
59.42
14.92
0.54
0.57
0.57
0.57
0.60
0.60
0.64
1.95
0.83
72.23
81.82
142.31
148.40
149.82
151.25
150.50
146.24
147.24
253.32
306.99
284.63
141.71
61.25
8.00
0.45
0.51
0.51
0.51
0.54
0.78
0.54
1.11
1.84
2.05
1.54
0.70
1.73
1.86
1.56
1.75
1.55
1.18
137.89
200.07
108.68
8.93
1.76
1.21
2.22
1.40
0.68
1.10
0.89
2.01
0.37
1.61
2.60
73.01
81.47
80.12
81.87
81.50
81.19
80.95
80.88
81.11
209.28
230.30
142.64
13.40
0.42
0.85
0.51
1.07
0.51
0.45
0.45
0.92
0.39
1.40
1.99
1.34
0.93
1.50
0.94
2.05
1.57
1.32
0.81
1.71
130.50
180.83
99.51
15.31
1.60
0.48
0.48
0.85
0.42
0.45
0.90
0.48
0.45
1.28
2.57
1.20
1.39
1.80
1.80
1.51
1.50
1.17
1.65
3.05
141.93
165.43
134.34
15.07
2.17
0.45
0.51
0.51
0.71
0.77
1.17
0.94
1.68
2.17
6.13
73.95
81.55
80.55
81.13
81.42
79.18
80.58
73.61
61.82
192.29
231.53
205.30
63.51
2.81
1.70
1.54
1.58
0.60
1.88
0.59
2.66
0.59
2.22
2.32
73.58
81.23
82.44
81.58
81.60
81.38
81.17
81.01
80.80
200.25
230.63
231.43
94.29
1.02
1.12
1.14
0.49
0.00
0.56
0.10
1.79
0.32
1.96
4.82
65.45
80.70
82.38
81.49
82.06
79.34
80.31
82.40
79.81
182.06
229.17
211.51
27.52
0.73
1.00
0.00
0.00
0.00
0.58
0.28
1.80
0.00
0.59
3.72
73.91
80.46
80.31
80.52
80.16
82.25
79.85
82.21
78.06
207.48
204.02
199.69
97.97
6.27
0.11
0.00
0.56
0.00
0.27
0.70
1.14
0.00
2.81
1.02
46.75
50.99
51.22
50.53
51.52
50.40
49.97
50.68
51.49
173.26
160.41
115.06
13.61
1.59
0.00
0.00
0.73
1.05
0.33
1.62
1.73
0.02
2.06
2.36
1.48
0.70
0.89
1.61
1.25
1.35
2.27
1.77
1.91
56.37
51.84
10.13
1.56
0.40
0.24
0.19
0.36
1.05
0.52
0.62
0.59
0.16
1.67
2.78
1.90
2.10
0.99
2.34
1.27
2.00
0.72
2.22
1.69
1.43
1.45
0.15
1.64
1.69
0.76
0.13
0.54
0.00
0.00
0.05
0.97
0.00
1.25
0.91
55.04
61.19
61.59
59.45
62.11
60.83
62.12
61.56
60.38
78.99
101.85
73.27
16.76
0.97
1.44
2.25
1.80
2.01
1.36
2.55
1.61
0.52
2.23
0.29
55.99
60.77
62.34
60.26
60.92
61.90
61.24
60.81
60.29
89.23
100.27
72.33
6.67
2.18
2.06
1.56
1.49
1.19
1.17
1.12
1.27
0.12
0.50
1.18
51.82
60.37
61.73
59.88
60.94
60.67
60.98
60.51
59.91
82.43
99.55
62.40
41.93
1.07
2.42
0.67
0.76
0.45
0.39
2.69
2.71
0.03
0.16
1.33
3.39
81.06
80.52
80.95
80.81
80.91
81.37
80.88
80.72
125.80
130.32
87.16
13.00
0.63
2.57
1.12
0.00
0.09
0.00
0.00
0.23
0.00
1.15
1.85
56.05
60.61
61.05
62.10
60.96
60.47
60.99
61.91
60.41
139.19
141.56
102.41
10.19
0.72
0.46
2.61
0.97
0.00
0.59
0.00
0.35
0.00
1.06
2.16
1.10
1.59
2.52
1.28
1.93
1.07
1.15
0.63
2.24
1.77
0.67
0.44
2.16
1.88
0.31
1.30
1.01
0.37
1.17
1.27
2.45
1.54
1.99
2.61
1.08
0.51
1.00
1.10
2.18
1.73
0.34
1.60
2.99
2.87
1.28
0.48
1.03
1.27
0.98
1.64
0.62
0.33
1.70
1.08
0.91
0.68
0.00
1.68
57.01
61.16
61.13
59.61
61.10
59.34
61.55
61.43
61.31
104.05
140.96
72.17
6.31
0.80
0.00
2.11
0.25
1.05
0.00
0.00
2.18
0.88
1.05
0.81
54.97
61.31
61.25
60.22
61.64
61.34
61.60
61.25
61.62
101.51
113.52
66.14
5.72
0.27
1.06
5.00
4.99
0.73
1.71
0.92
2.21
0.00
1.04
1.54
49.92
60.99
60.47
60.98
60.62
60.44
60.36
59.59
61.33
144.61
186.82
98.52
5.53
2.59
0.29
0.76
0.32
3.96
0.66
1.11
3.22
0.30
0.41
3.12
54.14
61.44
60.45
60.88
63.16
74.78
60.85
59.75
63.07
118.29
130.97
125.15
59.27
0.32
0.00
0.00
1.81
0.00
0.00
0.00
2.66
1.54
1.07
2.65
57.98
60.92
61.32
60.42
62.02
61.09
61.36
59.80
61.24
112.77
119.53
74.45
6.16
1.00
0.00
0.00
0.00
0.02
1.09
0.67
1.19
0.00
2.29
1.88
0.34
1.16
1.03
1.56
0.82
1.93
0.45
0.13
2.01
2.29
0.96
0.15
0.00
0.35
1.98
3.13
4.55
2.17
3.33
0.20
0.00
0.00
0.99
0.64
1.24
0.28
0.00
0.94
1.82
1.46
0.42
0.48
1.32
2.37
0.00
1.47
0.02
2.08
0.56
0.00
0.58
0.00
0.00
0.48
0.65
0.00
0.56
0.14
0.50
1.31
0.15
0.00
1.44
1.38
0.49
0.14
0.64
72.59
79.90
16.57
0.81
0.84
0.00
0.00
1.25
0.93
0.58
0.00
2.56
0.34
1.26
2.46
30.40
39.81
41.36
39.38
40.93
41.07
40.14
39.44
38.94
88.10
115.07
47.41
38.51
7.66
0.00
1.07
0.00
0.00
0.00
0.35
1.62
0.00
1.46
3.39
45.64
59.02
60.65
58.43
60.49
60.45
60.21
60.32
59.49
115.09
119.34
74.84
6.45
0.00
0.00
0.33
0.00
0.00
0.00
0.30
1.70
0.00
0.85
2.30
33.69
49.36
50.91
49.49
51.43
51.81
49.20
51.13
50.50
82.81
120.23
63.25
5.62
0.04
0.00
2.01
0.00
0.18
0.00
0.00
2.61
0.58
0.28
1.85
27.21
50.59
51.67
51.42
51.32
47.29
50.19
49.83
50.58
112.01
120.03
61.31
20.60
1.04
0.32
1.43
0.85
0.00
0.00
0.38
1.48
0.00
2.63
0.00
1.33
1.04
0.86
0.00
1.45
0.00
1.47
1.50
2.04
3.71
0.00
1.48
0.28
0.00
0.00
0.00
0.00
0.00
0.00
0.00
0.07
0.00
1.13
0.30
0.57
1.17
0.00
0.00
0.00
0.81
0.00
0.40
0.95
3.20
1.84
0.00
0.33
0.00
0.00
0.93
0.00
0.00
0.00
0.45
1.46
0.00
0.63
2.09
57.41
64.78
50.25
50.10
51.64
51.25
50.65
50.40
51.32
81.00
100.57
73.99
7.92
0.00
1.20
1.46
0.99
0.00
0.58
0.88
2.47
0.00
0.63
2.29
55.31
60.48
60.84
59.27
62.06
60.67
59.69
60.19
60.83
114.27
120.61
72.18
4.39
0.44
0.33
0.10
0.00
0.00
0.90
0.37
2.97
1.02
1.38
1.54
58.19
60.65
61.20
60.80
61.38
60.22
60.66
60.62
60.56
102.93
120.82
86.93
9.66
1.47
2.52
1.08
0.46
0.00
0.71
1.00
1.78
0.00
0.94
1.33
53.40
59.89
61.48
60.41
61.05
60.07
60.06
60.94
59.74
115.56
120.77
67.83
7.24
1.70
1.20
0.52
1.28
0.59
0.46
0.25
1.57
0.45
1.62
1.18
49.19
60.60
60.76
59.18
61.74
59.95
59.41
60.96
59.35
114.64
120.52
71.49
3.01
2.04
2.05
1.79
0.41
0.00
2.02
0.00
1.11
0.20
0.53
1.35
0.49
0.63
1.47
1.36
1.14
1.11
1.04
1.59
1.98
90.80
100.22
41.67
1.07
0.35
1.17
1.26
0.12
1.43
0.75
0.33
0.67
0.06
1.36
1.36
2.29
1.06
2.10
2.44
2.07
2.27
1.48
1.57
1.35
1.08
1.29
1.15
0.60
0.89
1.12
0.96
0.76
0.00
0.97
0.12
0.00
0.00
2.66
3.39
42.23
52.25
51.43
49.96
52.72
62.74
70.43
52.92
49.80
128.01
133.76
56.05
8.47
2.42
0.00
0.00
0.08
0.00
0.00
0.10
0.82
0.71
0.00
31.63
50.37
50.37
51.28
50.78
50.50
79.07
98.50
100.91
101.42
119.18
119.68
60.92
39.65
1.39
0.00
0.45
0.00
0.19
0.63
0.99
2.09
1.34
0.00
0.45
50.07
57.30
54.25
55.66
57.53
67.82
80.84
80.46
79.03
85.16
98.63
86.34
16.15
1.35
0.57
1.19
0.00
0.00
0.08
1.99
0.00
0.00
0.35
0.32
73.72
80.33
78.98
78.93
81.62
79.64
80.43
80.09
80.46
173.22
213.23
162.25
43.96
0.04
0.00
1.06
0.60
0.00
1.21
0.42
2.38
0.00
0.81
0.23
72.56
79.88
81.13
80.43
80.28
80.76
79.98
80.62
80.03
136.92
128.60
58.84
0.00
0.60
1.58
0.00
1.32
0.00
0.00
0.00
0.00
0.00
4.83
0.60
0.00
1.84
0.00
0.80
0.01
0.30
0.00
0.00
0.00
2.60
35.23
8.95
0.92
0.55
0.25
0.00
0.00
2.36
0.00
0.00
0.00
0.00
0.00
0.29
0.06
0.61
1.33
0.00
0.00
0.49
0.95
0.00
0.70
1.14
0.09
1.07
0.00
2.06
1.89
0.00
0.00
0.00
0.16
0.00
0.80
0.00
0.00
0.00
74.29
79.24
79.92
79.21
80.37
120.80
120.83
84.49
80.58
95.12
101.25
85.40
14.66
0.57
0.75
0.00
0.00
0.01
0.00
1.54
1.33
0.63
1.04
0.27
55.99
60.59
60.94
60.87
61.57
61.57
61.30
60.58
59.93
95.32
130.81
62.27
4.05
0.46
0.00
0.00
0.87
0.37
0.71
0.70
1.45
0.00
0.63
0.97
44.79
62.24
61.39
60.50
61.03
60.91
62.03
61.02
60.05
114.21
148.93
85.27
3.31
0.58
1.84
0.05
0.00
0.18
1.16
1.36
1.81
0.20
0.74
0.70
58.73
60.04
61.40
59.74
61.46
61.13
60.65
60.81
60.55
104.19
149.53
78.20
10.83
0.28
0.21
0.45
0.45
0.51
0.51
0.51
0.60
0.51
0.39
0.32
24.77
71.04
70.85
70.94
69.69
69.79
71.15
69.12
71.97
145.59
150.05
67.05
5.55
1.20
0.61
0.42
0.45
0.51
0.48
0.42
0.39
0.33
0.21
2.63
0.26
1.05
2.03
1.20
2.20
1.12
2.32
2.00
1.55
87.26
81.15
54.23
4.66
4.96
0.39
0.36
0.33
0.36
0.39
0.36
0.39
0.33
0.30
1.70
1.10
2.36
1.54
1.69
2.04
0.92
1.03
1.44
1.69
68.11
55.93
10.38
4.60
4.43
0.36
0.39
0.36
0.42
0.39
0.42
0.45
0.45
1.56
1.14
65.93
70.39
71.64
70.28
71.29
70.29
70.68
69.82
70.30
156.77
166.71
87.90
10.86
2.53
0.39
0.36
0.39
0.42
0.39
0.36
0.39
0.36
2.37
1.16
5.45
80.83
81.54
80.64
81.25
81.84
79.78
80.59
81.87
189.58
173.23
85.51
2.52
0.42
0.42
0.45
0.42
0.45
0.45
0.48
0.45
0.33
1.85
1.17
64.23
71.87
70.75
69.75
70.16
69.19
71.07
70.66
72.49
174.39
194.61
93.83
5.15
1.34
0.42
1.47
0.42
0.45
0.54
0.54
0.57
1.26
1.70
3.07
69.53
71.72
71.17
69.76
70.85
71.11
71.00
70.65
71.66
175.93
209.95
128.80
15.70
0.97
0.42
3.05
0.36
0.39
0.45
0.39
0.48
0.39
0.50
1.66
75.52
81.24
81.38
81.19
81.56
79.19
81.91
81.30
80.93
124.66
200.61
119.86
10.93
2.94
0.39
5.98
8.91
0.39
0.39
0.42
0.24
0.00
0.02
1.02
0.61
0.89
2.33
1.47
1.31
1.05
1.09
1.14
0.89
68.86
100.68
19.01
1.30
1.05
0.39
0.42
1.60
0.42
22.30
25.66
28.19
27.37
33.75
7.74
0.15
1.07
1.79
3.58
0.58
1.68
1.05
0.18
1.72
1.47
2.03
1.16
1.45
1.52
0.39
0.39
0.39
0.42
0.42
0.45
0.39
0.90
0.27
1.83
80.91
79.48
80.80
79.77
100.62
138.70
144.26
91.20
80.96
183.13
190.60
94.34
9.67
1.28
0.54
0.51
0.57
0.57
0.54
0.54
0.57
1.09
1.44
0.40
64.29
81.68
79.72
81.33
81.90
80.64
82.34
81.91
80.83
108.41
129.56
85.78
10.56
2.65
0.87
0.51
0.48
0.45
0.45
0.45
0.54
0.45
2.78
19.26
79.72
80.61
80.85
80.56
94.33
82.06
80.23
81.81
80.89
128.65
137.60
92.62
13.98
2.21
0.42
0.39
0.45
0.42
0.42
0.39
0.42
0.33
0.81
2.28
69.32
81.05
106.49
88.01
80.69
79.90
80.40
80.64
80.73
191.92
207.99
145.48
14.99
1.49
1.04
0.57
0.48
0.48
0.42
0.42
0.45
0.47
1.71
28.41
81.33
81.09
81.35
80.29
81.68
81.80
80.36
81.18
81.18
189.49
200.88
97.10
4.65
0.98
0.49
0.42
0.42
0.42
0.45
0.45
0.51
0.36
2.21
0.34
0.27
1.10
1.80
0.58
1.20
0.16
1.49
0.94
1.78
0.42
1.06
1.45
2.79
2.21
0.84
0.45
0.42
0.48
0.76
1.15
0.45
0.39
1.30
2.91
1.42
1.35
0.55
1.50
1.15
0.12
0.59
0.79
1.60
134.63
175.45
68.81
4.41
1.62
0.55
0.54
0.54
2.22
0.63
0.54
0.58
0.51
1.29
0.33
58.81
80.08
78.95
79.06
80.98
79.65
79.10
80.49
81.23
197.20
230.27
141.18
11.92
0.89
0.54
0.54
0.45
0.45
0.45
0.48
0.54
0.51
2.88
1.65
56.47
80.15
79.88
80.30
79.47
80.72
81.02
80.59
79.36
16.34
0.85
1.36
1.24
1.39
1.23
0.48
0.48
0.48
0.45
0.45
0.51
0.42
0.67
5.50
80.25
79.80
80.70
79.26
81.85
80.22
81.22
80.27
81.02
9.68
0.27
3.78
1.43
3.06
0.27
0.27
0.27
0.30
0.39
0.39
0.39
0.33
2.10
0.46
75.57
79.39
82.21
78.94
81.55
80.72
81.76
81.52
80.87
20.56
1.78
1.36
1.14
3.63
0.48
0.54
0.57
0.54
0.54
0.57
0.54
0.51
0.74
1.12
57.45
59.85
61.88
60.08
62.35
57.11
51.39
53.35
12.96
1.93
1.61
0.51
1.60
2.55
0.24
0.36
0.42
0.42
0.45
0.51
0.51
0.39
0.75
2.38
1.32
2.65
2.88
1.67
2.31
0.18
1.46
1.04
1.93
0.39
1.87
0.45
1.35
1.14
0.36
0.39
0.56
0.48
0.45
0.51
0.54
0.42
0.33
0.24
0.21
0.18
1.82
0.39
1.39
0.64
0.39
0.21
2.16
2.83
2.08
1.31
0.81
0.48
0.51
0.51
1.55
0.85
0.48
0.54
0.53
0.42
1.27
0.78
55.58
58.55
61.37
59.68
60.11
59.59
58.90
60.46
61.19
30.56
0.36
0.76
1.43
0.54
0.63
0.72
0.75
0.81
0.84
0.87
2.66
0.78
0.80
3.28
3.98
41.18
60.43
59.46
59.99
60.93
60.10
60.10
61.23
70.99
79.71
10.94
1.55
2.03
1.77
0.82
1.86
2.13
1.67
1.74
1.75
1.39
1.70
0.36
1.18
64.09
70.16
70.03
70.05
69.94
71.26
69.87
61.07
149.84
177.83
93.02
11.51
0.63
1.20
0.75
0.78
1.17
0.72
1.94
2.20
0.63
0.42
1.25
0.28
50.39
60.95
60.57
61.16
62.09
59.93
59.83
61.35
80.28
66.70
21.08
0.98
0.66
0.93
0.75
0.78
0.72
1.07
0.72
4.28
0.66
2.59
26.40
0.90
77.06
81.03
78.25
81.12
81.30
79.91
80.01
80.93
136.32
165.77
101.39
6.90
1.58
1.33
0.63
0.60
0.66
0.66
0.63
0.66
0.57
1.39
1.12
1.40
0.52
0.90
1.68
1.01
1.22
1.17
0.46
0.53
22.88
60.58
35.65
0.69
1.77
1.65
1.29
0.75
0.80
0.72
0.72
1.37
0.60
0.52
1.87
1.53
3.01
1.05
1.58
1.93
0.33
0.96
0.78
0.51
2.17
0.48
1.08
1.24
0.69
0.66
1.86
0.63
0.66
0.48
7.39
0.23
0.00
0.70
1.78
61.17
80.25
79.95
80.10
80.54
87.18
84.64
100.62
82.43
121.20
154.90
81.67
79.99
5.59
0.00
0.63
0.60
0.60
0.57
0.63
0.66
0.89
1.30
0.22
68.25
79.67
79.31
79.22
80.66
80.06
79.86
78.80
80.02
113.40
125.88
82.14
80.38
6.64
0.00
0.69
0.75
0.75
0.69
0.69
0.72
0.00
1.28
1.17
73.83
80.08
79.50
79.74
80.58
80.03
79.86
80.85
79.40
85.78
100.78
86.79
78.66
6.21
0.00
0.66
0.72
0.72
1.54
0.78
2.54
0.06
2.06
0.53
43.12
79.97
81.35
79.33
80.42
75.12
80.30
80.71
80.66
88.20
108.47
81.62
80.45
5.03
0.92
0.84
0.93
0.95
0.84
0.84
0.84
0.00
0.00
2.26
70.69
79.64
80.76
79.80
78.53
79.13
79.50
79.97
79.29
105.80
148.16
85.03
12.32
1.12
0.60
0.60
0.60
0.63
0.63
0.69
0.57
0.00
0.53
1.69
1.69
0.94
1.45
0.79
1.28
0.20
1.42
0.71
0.92
18.20
77.60
25.36
2.64
1.60
0.42
0.39
0.42
0.39
0.45
0.48
0.79
0.00
0.73
1.25
1.19
0.86
1.77
0.99
1.62
0.03
0.96
1.15
1.43
2.16
4.34
1.34
1.10
1.06
0.45
0.48
0.51
0.45
0.45
0.42
0.45
0.39
1.35
0.69
73.64
81.04
81.09
80.17
81.47
80.98
80.38
80.45
80.64
112.54
112.51
80.77
40.79
0.33
0.39
0.45
0.45
0.45
0.48
0.48
0.51
0.45
1.31
1.91
64.34
70.50
73.26
69.54
70.98
71.57
72.84
71.64
70.64
114.15
144.48
69.77
10.29
0.42
0.45
0.54
0.57
0.60
0.63
0.66
0.66
0.54
1.72
1.79
33.15
73.86
80.03
80.77
81.06
80.28
81.30
82.15
79.10
119.40
127.31
80.81
5.10
0.45
0.51
0.57
0.57
0.57
0.60
0.60
0.63
0.57
1.03
1.39
69.50
79.40
80.51
80.27
80.39
80.27
81.71
81.81
79.40
100.09
100.92
82.15
33.79
0.54
0.54
0.54
0.54
0.54
0.57
0.60
0.60
0.51
0.33
1.82
68.64
80.72
81.12
80.37
82.45
81.04
81.64
80.72
81.82
100.63
100.93
82.15
7.62
1.41
0.54
0.60
0.60
1.64
1.45
0.85
0.93
0.54
2.77
2.47
4.26
1.56
0.88
2.24
3.07
1.82
3.20
7.24
6.94
44.70
51.98
24.20
1.47
0.49
0.99
4.07
0.48
0.51
1.02
0.57
2.23
0.51
0.40
0.53
0.43
1.39
1.34
0.84
1.83
2.09
0.58
0.30
0.38
4.31
2.31
0.95
1.07
0.55
0.45
0.45
0.51
3.17
1.66
0.51
3.74
0.45
7.42
0.40
25.29
41.60
41.10
40.67
41.58
41.25
39.13
41.27
41.94
95.63
101.19
10.89
0.42
0.63
0.45
0.45
0.48
2.01
0.98
1.44
2.55
0.65
0.77
1.31
37.33
38.69
45.62
41.36
40.86
41.32
41.30
41.37
42.06
74.15
100.73
60.70
5.43
0.73
0.49
1.03
0.85
1.68
0.51
1.35
1.84
1.26
2.03
3.71
39.32
42.15
43.81
40.97
41.35
42.78
40.31
40.88
41.16
77.09
129.30
41.48
6.49
0.84
1.59
0.48
0.42
0.48
0.51
0.57
0.57
0.48
0.30
1.61
41.65
84.38
89.63
41.64
47.44
84.91
79.66
41.97
41.27
60.16
100.45
29.82
2.55
0.73
0.48
0.51
0.48
0.51
0.54
0.57
0.60
0.45
0.30
1.15
38.42
40.76
39.59
41.18
41.15
41.30
40.63
40.68
42.66
64.35
74.81
54.43
7.38
2.21
0.45
0.45
0.48
0.51
0.54
0.54
0.54
0.42
0.30
0.21
0.21
0.18
0.18
0.15
0.15
1.45
1.08
0.21
2.12
1.67
1.93
0.30
2.50
5.93
0.51
0.51
0.51
0.51
0.51
0.51
0.51
0.09
0.00
1.23
0.40
0.97
1.39
0.97
0.61
0.00
0.00
1.86
3.24
0.00
1.93
0.17
1.57
0.30
0.30
0.36
0.36
0.36
0.39
0.39
0.39
0.30
0.21
1.15
38.30
40.67
39.25
39.51
40.78
39.39
40.49
41.16
40.74
62.23
81.16
33.57
2.34
0.97
0.39
0.36
0.39
0.45
0.48
0.48
0.51
0.42
0.27
2.63
38.50
39.76
40.69
40.28
40.61
41.97
40.38
39.73
41.15
88.44
130.56
79.70
1.39
0.46
0.30
0.30
0.42
0.45
0.48
0.48
0.51
0.45
0.30
0.18
43.46
76.48
63.65
59.73
61.31
61.21
60.74
61.51
59.63
79.98
80.70
19.89
0.72
0.43
0.45
0.48
0.51
0.51
0.51
0.48
0.51
0.45
0.36
0.27
55.56
59.76
62.20
59.79
60.53
62.23
60.23
61.30
61.02
69.12
87.75
23.07
2.69
1.57
0.45
0.45
0.45
0.48
0.45
0.45
0.48
0.42
0.30
2.01
39.91
49.73
51.29
49.68
50.23
50.19
50.93
49.61
50.68
80.08
78.65
13.87
3.27
0.39
0.48
0.48
0.48
0.51
0.48
0.51
0.51
0.45
0.30
0.24
0.18
0.18
3.16
8.27
8.53
8.31
3.02
0.27
0.30
23.77
49.20
3.39
2.06
0.42
0.42
0.45
0.54
0.57
0.60
0.60
0.57
0.51
0.36
0.36
0.21
1.45
0.18
2.34
1.10
1.06
2.63
2.25
1.31
8.84
7.43
2.51
1.20
0.48
0.48
0.48
0.48
0.45
0.42
0.39
0.36
0.30
0.88
0.93
49.34
51.24
62.44
59.64
50.56
50.33
50.39
48.42
50.57
84.69
85.48
50.91
9.30
2.59
0.54
0.54
0.48
0.54
0.51
0.54
0.54
0.48
0.61
0.32
39.79
58.99
60.67
59.95
59.36
73.46
72.24
64.63
63.66
98.40
127.94
79.61
4.94
1.13
1.63
1.67
0.51
0.48
0.48
0.48
0.51
0.42
0.37
0.64
62.28
80.13
80.98
79.21
80.80
81.70
80.43
80.53
81.06
99.06
99.65
82.87
6.69
1.85
1.21
0.51
0.51
0.48
0.51
0.48
0.48
0.45
0.30
1.14
76.56
80.97
89.93
89.63
80.25
81.33
79.15
79.88
81.26
87.35
101.04
81.64
7.00
1.72
0.51
0.45
0.51
0.48
0.48
0.54
0.54
0.48
0.33
3.04
4.27
57.61
62.36
59.48
59.52
60.08
59.61
58.78
60.46
72.64
84.15
62.40
5.11
1.26
0.48
0.48
0.92
1.06
0.54
0.71
0.60
0.60
1.39
1.44
2.01
0.79
1.40
1.32
1.34
1.75
1.13
1.05
1.95
1.82
2.38
0.70
1.35
1.22
0.27
0.33
0.33
0.33
0.33
0.30
0.24
0.09
0.00
0.00
0.00
0.00
0.00
0.00
0.00
0.00
0.00
0.00
0.00
0.00
0.62
0.10
0.00
0.00
0.00
0.00
0.12
0.24
0.21
0.24
0.27
0.21
0.12
0.12
57.88
59.31
60.39
59.08
60.31
58.37
61.33
60.85
60.54
112.72
129.17
100.12
14.47
7.74
0.21
0.21
0.24
0.21
0.24
0.24
0.24
0.24
0.18
0.73
55.18
57.99
62.06
59.53
59.93
60.99
59.60
60.12
60.22
136.71
142.41
72.61
2.24
2.39
1.46
1.79
0.15
0.44
0.19
0.21
2.70
0.15
0.49
0.98
1.03
60.43
60.96
58.21
58.68
60.54
59.75
60.28
60.17
96.46
133.44
49.75
0.15
0.82
0.15
0.72
0.63
0.21
0.40
0.39
2.23
1.20
0.63
0.29
55.36
59.46
61.75
59.46
60.77
60.81
58.86
59.78
60.01
110.33
104.38
61.93
6.34
0.21
0.18
1.89
0.24
0.45
0.29
0.75
1.01
0.36
0.62
0.46
50.41
60.60
60.53
58.87
60.27
60.90
59.80
59.21
61.16
107.37
99.76
60.82
2.70
0.34
0.84
0.34
1.02
0.18
0.59
1.52
2.50
0.12
0.12
0.09
0.86
0.06
0.06
0.03
1.20
0.58
0.06
0.51
0.06
2.20
0.09
0.15
0.12
0.18
0.18
0.21
0.18
0.28
0.21
0.76
0.18
0.15
0.18
0.34
1.15
1.02
2.61
0.95
1.26
1.52
2.02
2.47
0.51
1.21
1.66
1.15
0.85
1.77
0.57
0.18
0.93
0.21
0.18
0.61
1.07
0.18
0.15
0.09
46.70
50.45
50.01
51.49
51.52
50.14
77.72
65.70
60.75
92.51
116.55
65.71
6.92
0.18
1.32
1.24
0.24
0.21
0.56
0.18
2.28
0.18
1.47
1.82
49.49
62.43
60.75
60.36
61.31
61.37
61.57
60.38
58.90
67.16
80.20
69.00
25.64
0.50
0.78
0.58
0.18
0.59
0.40
8.95
0.18
0.78
0.65
1.53
58.55
7.17
1.57
0.06
1.83
1.30
1.53
0.82
0.60
3.73
69.79
79.80
4.28
1.19
0.09
1.26
0.09
0.72
0.09
0.09
1.95
0.31
0.71
0.42
1.88
0.13
2.10
0.08
1.77
2.27
0.88
20.80
50.81
75.01
79.95
52.07
3.05
0.09
1.41
0.21
0.19
0.12
0.59
0.34
1.81
0.67
0.76
2.66
0.66
0.31
0.91
36.46
40.82
40.50
39.49
40.26
39.27
56.41
59.80
45.34
3.64
0.12
77.31
13.96
0.27
0.12
0.36
0.40
0.90
0.12
0.09
94.42
110.93
110.51
62.30
108.32
109.80
110.23
110.26
109.82
130.99
48.54
39.62
115.78
120.70
136.94
88.67
13.02
0.15
0.12
80.47
89.30
90.43
88.66
90.52
89.17
89.67
90.37
90.43
91.21
90.06
90.01
90.60
90.93
60.14
79.44
75.54
59.95
52.52
0.09
1.10
123.72
113.33
70.18
81.17
113.13
189.28
56.01
94.66
16.55
0.06
0.65
0.84
0.12
0.40
0.15
1.33
1.69
2.34
58.98
80.06
87.25
0.12
46.30
176.56
180.04
179.86
122.36
112.54
116.73
236.67
327.79
134.93
58.72
2.72
0.18
0.03
0.03
0.48
1.34
1.24
0.61
2.01
68.55
79.01
30.17
0.51
73.77
237.54
168.54
147.38
98.65
67.95
44.08
186.35
237.62
237.75
68.59
59.69
60.35
62.51
59.39
60.38
60.59
60.40
60.74
60.69
105.34
107.25
67.80
2.74
142.82
274.08
142.36
70.83
14.41
1.39
36.34
190.29
224.41
224.35
318.82
169.49
154.00
53.61
39.86
41.23
40.59
40.24
40.85
40.08
59.41
80.94
23.02
77.03
327.21
293.29
173.20
139.95
58.39
49.20
48.77
214.47
307.58
334.97
360.82
255.65
87.69
40.83
202.89
73.17
41.66
40.54
68.72
167.54
101.72
80.89
19.05
34.02
214.38
240.96
69.09
45.74
40.55
40.24
39.46
40.70
24.15
39.10
51.46
69.22
85.03
90.66
90.51
91.10
90.57
90.26
89.17
54.88
0.09
0.12
38.74
52.21
51.08
50.10
49.80
5.08
0.12
0.15
0.09
0.20
0.09
0.12
0.06
47.05
105.07
151.88
142.13
95.38
75.49
74.83
74.69
75.89
140.52
144.60
143.55
237.99
185.60
97.22
14.53
0.43
4.27
4.55
4.75
132.21
153.84
210.10
278.51
182.59
102.33
100.73
97.72
99.37
100.12
99.59
99.57
232.29
150.64
119.39
118.79
246.75
266.82
252.64
179.72
31.77
0.09
0.12
0.09
0.52
0.09
79.91
100.80
100.06
99.68
99.34
99.92
100.07
100.17
101.60
99.43
85.72
83.89
79.48
82.14
83.26
81.66
77.83
87.37
100.19
93.14
85.04
85.42
96.65
99.77
101.31
101.28
100.81
100.36
101.35
98.52
99.64
100.55
99.82
98.37
98.18
103.65
99.12
99.32
99.97
100.03
99.08
99.69
99.92
100.34
99.69
100.27
101.38
99.16
100.35
101.24
102.07
100.98
100.01
100.71
101.08
102.51
100.72
98.83
98.43
101.38
100.29
100.57
101.82
100.53
100.51
100.63
99.56
99.59
99.98
100.55
100.95
100.43
100.59
101.92
99.92
101.63
100.87
99.84
102.14
100.33
101.04
100.02
97.52
101.74
99.88
99.73
100.54
98.71
99.93
100.84
100.60
100.28
100.31
100.59
100.61
95.64
95.33
101.05
99.91
100.84
100.29
101.10
101.15
100.13
100.44
100.07
100.06
100.84
100.09
99.22
100.01
101.84
99.78
100.53
100.63
100.59
99.20
100.59
100.47
99.25
101.79
101.72
100.47
100.04
100.75
100.97
101.01
99.30
100.17
100.26
100.78
211.54
111.93
206.05
390.63
320.05
190.77
188.98
91.27
121.89
129.72
129.74
172.46
171.95
234.29
321.57
330.33
330.31
188.04
194.50
251.16
186.18
157.70
80.03
79.16
93.08
99.30
100.11
206.28
299.97
212.81
173.39
122.23
101.19
50.03
86.96
159.13
157.85
172.28
346.00
368.00
359.93
352.13
341.30
360.91
361.18
361.16
359.51
359.34
271.84
229.28
230.00
329.74
371.46
210.46
190.07
113.66
71.76
60.44
87.83
198.52
178.38
207.70
344.02
379.96
379.59
379.57
378.21
379.66
379.27
378.83
379.49
379.84
228.48
198.76
199.77
332.59
380.20
288.77
212.54
147.14
108.66
109.65
116.74
230.73
285.61
253.66
352.39
385.43
383.39
379.54
379.83
380.07
382.18
379.73
381.92
347.70
192.80
192.00
134.70
224.64
317.16
325.43
220.30
176.05
150.02
151.59
151.88
281.70
319.05
280.64
273.17
281.15
227.53
154.78
185.70
145.58
131.71
119.54
124.56
130.12
203.99
208.23
209.64
153.94
246.99
290.17
295.69
286.83
237.28
219.68
216.81
250.76
196.23
271.05
325.38
288.01
259.34
159.70
159.93
160.07
160.15
175.17
200.12
153.04
26.93
0.03
0.03
156.17
281.73
299.87
264.01
200.45
131.37
109.52
74.29
59.24
0.03
39.49
143.09
130.58
132.07
139.85
140.29
139.85
140.19
139.87
139.13
139.67
124.07
110.45
104.09
202.81
298.71
241.54
156.54
94.04
119.71
101.67
91.72
213.94
258.70
281.20
323.19
321.46
321.83
287.21
249.31
266.78
270.00
269.46
269.45
268.79
119.50
99.00
99.33
220.62
275.98
221.72
101.74
100.05
100.01
101.43
99.72
142.54
149.50
213.83
294.74
277.38
282.98
202.86
231.38
261.59
270.48
239.56
228.73
170.62
114.95
99.01
100.50
180.47
207.90
150.10
324.90
361.56
360.57
360.79
359.32
359.62
297.57
119.50
101.76
101.34
99.28
100.65
98.98
100.96
99.91
99.80
99.25
98.85
101.44
99.42
97.37
101.39
103.02
100.99
101.93
103.13
107.49
106.33
100.50
100.50
99.89
100.82
102.24
101.05
99.59
100.43
100.66
99.78
101.15
100.30
100.04
98.33
100.85
98.62
98.83
100.61
103.53
98.35
100.17
98.25
98.19
98.90
99.43
99.58
99.51
100.36
100.68
101.27
46.02
17.20
24.02
50.12
21.29
0.19
0.03
83.60
12.40
0.06
0.09
84.39
105.23
95.58
99.58
99.77
99.15
99.17
99.63
99.47
96.77
100.53
100.79
100.00
99.93
100.03
100.32
99.44
100.09
99.85
100.11
99.89
104.12
99.00
99.44
99.97
99.35
99.99
101.69
100.87
100.51
99.20
100.10
99.64
51.66
77.50
100.80
100.19
100.70
100.67
100.49
101.82
100.78
99.51
101.37
101.10
103.52
100.49
100.91
100.84
99.87
100.27
101.33
99.61
100.99
100.17
99.36
101.55
98.96
100.34
102.29
100.85
99.90
100.75
100.32
100.55
100.03
100.26
101.51
99.41
108.71
117.37
150.39
233.11
316.79
373.42
343.71
305.00
226.27
227.29
226.84
315.81
302.83
185.57
178.40
187.20
188.24
186.68
186.05
186.98
187.24
186.07
187.15
184.86
188.52
185.52
186.26
174.39
166.04
138.88
240.84
249.97
251.15
250.39
250.93
274.70
299.43
293.11
273.48
104.39
239.89
259.43
237.08
252.20
271.09
125.73
227.42
215.20
43.98
0.06
0.09
0.09
152.07
30.90
172.83
263.68
321.88
322.56
326.31
361.16
322.76
201.73
133.60
101.47
101.28
245.60
265.10
265.73
100.73
73.16
74.16
72.15
179.58
196.47
151.07
202.22
342.66
359.12
359.04
356.48
360.36
345.67
303.03
263.34
204.37
287.88
300.35
262.70
258.99
143.91
152.95
53.53
31.52
30.20
130.48
157.70
160.59
157.43
165.82
224.49
279.80
358.77
413.52
389.87
319.10
239.85
226.85
228.15
179.16
152.54
149.67
64.55
53.32
100.27
73.65
7.45
0.03
0.00
0.03
3.03
67.03
88.07
45.78
0.03
0.06
0.17
1.08
0.06
0.18
0.15
0.15
0.09
0.06
1.37
0.34
0.39
0.03
0.51
2.12
0.03
0.99
0.61
0.37
0.58
76.08
54.55
33.12
2.77
0.33
0.06
0.06
0.06
0.06
0.09
0.06
0.09
0.06
0.67
0.45
78.10
128.27
112.01
100.66
99.37
117.39
150.69
107.63
67.64
123.21
127.17
111.43
16.30
0.38
0.09
0.09
0.06
0.09
0.09
0.09
0.12
0.12
0.53
0.98
8.38
100.96
100.10
99.30
100.78
141.29
150.84
121.69
101.00
177.25
178.30
114.63
40.53
0.66
0.09
0.06
0.09
0.06
0.09
0.06
0.09
0.06
0.89
0.95
95.11
100.18
99.71
99.88
100.31
109.50
120.20
118.23
114.86
99.63
71.10
86.42
10.72
0.06
0.16
0.06
0.09
0.06
0.06
0.09
0.09
0.06
0.03
85.81
99.46
100.87
99.34
99.33
100.39
100.64
99.86
100.27
99.42
103.18
99.75
99.97
6.20
0.06
0.06
0.15
0.09
0.14
0.14
0.92
0.63
0.29
1.83
91.65
99.61
99.18
101.06
100.74
100.78
101.67
101.84
99.67
100.21
102.32
99.99
101.44
8.67
4.77
0.76
1.10
0.87
0.03
0.12
1.37
0.03
0.06
1.26
3.02
2.35
1.62
5.29
2.53
1.50
0.03
0.83
0.03
0.06
56.50
78.46
4.25
0.03
2.12
0.06
1.55
2.32
0.46
0.06
0.50
0.09
0.23
0.60
2.31
1.90
6.22
7.32
5.48
1.71
1.29
2.27
1.09
0.24
96.82
103.70
52.34
7.73
8.37
6.67
8.08
9.26
6.83
8.37
8.17
10.03
7.68
0.52
1.05
77.21
89.50
91.34
89.92
90.27
97.68
92.62
92.16
90.14
98.50
101.41
91.44
20.81
1.52
0.62
2.66
0.82
0.21
0.94
1.31
0.06
0.03
1.61
3.06
85.66
91.26
89.87
93.07
92.12
103.79
99.34
96.69
89.54
144.51
149.99
115.51
25.70
1.23
0.66
0.06
0.06
0.09
0.06
0.06
0.09
0.03
0.92
1.44
90.25
120.17
125.01
100.41
101.41
100.95
103.21
101.60
100.24
140.94
125.62
103.25
27.41
0.96
0.06
0.06
0.62
0.23
1.07
0.08
1.51
0.75
0.82
3.64
95.79
100.77
101.20
100.47
100.50
101.97
102.15
102.15
101.58
117.94
122.19
103.42
8.09
1.64
0.06
0.34
1.48
0.42
0.09
0.89
0.93
0.03
1.32
3.26
56.77
60.66
60.65
60.09
62.05
111.62
117.00
63.50
61.07
123.60
105.51
66.21
3.47
1.36
0.17
1.37
0.12
0.12
0.12
0.17
0.09
0.09
0.51
0.92
2.77
1.30
1.30
2.52
1.20
0.03
1.29
0.34
0.44
4.42
49.47
0.31
1.23
0.03
0.06
0.06
0.06
0.06
0.06
0.06
0.06
1.29
0.03
1.35
1.12
1.69
3.39
1.02
0.60
1.23
1.17
1.08
2.75
2.75
1.67
2.58
1.31
1.15
0.77
0.09
1.17
1.73
1.24
0.68
0.30
1.42
2.12
1.96
2.09
73.75
131.32
132.78
134.23
185.99
209.35
146.07
120.11
171.78
169.87
102.14
5.50
0.86
0.06
1.08
0.71
1.32
0.89
0.15
1.49
0.89
1.57
2.11
2.19
102.96
147.04
151.13
163.09
181.34
153.71
107.97
118.69
128.92
131.22
88.22
6.96
0.06
1.07
0.09
0.51
0.06
0.31
0.40
1.42
0.29
2.82
28.16
171.10
201.72
203.29
199.51
201.58
210.48
178.41
171.48
172.13
225.96
230.62
121.33
25.37
0.57
2.00
177.61
61.87
194.17
221.40
220.11
244.12
199.65
88.82
3.33
43.53
148.53
171.70
170.69
171.81
172.03
173.81
171.22
121.07
191.65
162.87
111.93
54.37
0.41
63.72
258.04
254.83
178.28
171.49
170.41
120.92
31.65
1.56
3.94
42.24
153.57
152.11
151.26
151.82
152.58
151.12
151.30
149.16
225.34
205.42
101.13
9.81
2.91
1.13
170.78
200.10
150.98
100.58
98.65
21.44
0.67
1.51
2.20
63.01
151.03
211.68
215.19
215.56
196.70
190.60
179.97
134.56
223.90
228.75
132.49
21.61
2.03
0.20
165.07
238.42
239.47
240.05
223.22
198.34
65.70
38.88
1.00
2.37
1.79
1.72
1.49
1.88
0.66
0.84
0.77
0.03
178.02
201.58
20.12
0.25
1.27
1.00
132.93
164.72
159.95
159.64
159.73
160.52
65.69
147.76
83.05
78.92
81.90
81.30
80.65
80.32
80.24
83.68
80.93
81.53
186.25
227.74
110.28
0.37
1.41
153.86
200.67
166.66
119.45
99.67
101.15
192.15
270.39
270.97
251.92
106.64
89.80
90.08
90.67
90.99
90.68
90.49
90.26
91.38
90.82
100.42
149.47
197.51
292.50
300.37
228.77
171.23
105.30
100.54
133.19
232.52
286.37
249.21
242.67
211.80
148.34
75.67
70.01
146.64
113.82
97.24
90.34
76.73
128.83
148.81
188.24
199.39
38.80
21.94
160.44
169.87
106.28
76.06
71.61
236.27
244.14
222.42
266.57
267.15
266.91
266.63
265.06
264.98
267.77
266.17
264.73
231.04
221.16
219.01
227.71
207.05
136.87
101.57
214.33
222.36
198.13
180.26
180.07
313.95
306.15
118.77
102.37
101.34
98.85
101.39
99.66
101.29
102.03
101.30
99.82
100.26
102.48
98.93
99.36
99.72
101.26
100.47
100.45
100.37
100.30
100.02
100.08
99.91
99.31
100.21
100.85
100.49
100.54
101.27
101.11
100.56
100.31
101.52
99.94
100.12
103.59
100.31
101.17
99.63
101.61
98.80
100.49
100.99
100.57
99.65
99.68
100.30
94.07
100.63
101.09
102.29
102.75
102.28
101.38
101.21
101.88
103.21
103.28
103.15
101.99
101.14
100.97
99.97
101.57
99.98
101.50
100.12
99.60
100.72
100.53
100.72
100.10
102.03
101.40
102.04
101.65
100.74
100.95
101.92
101.40
99.86
99.87
101.04
101.02
99.75
100.60
100.47
99.63
99.06
100.38
100.99
100.08
100.29
100.85
100.89
101.05
100.56
101.62
102.46
101.33
100.93
100.41
100.85
101.08
100.54
101.38
100.16
101.25
100.17
100.41
99.67
100.60
99.23
101.50
101.54
77.54
52.91
0.63
92.72
99.97
100.71
101.69
100.98
101.00
101.21
98.42
101.16
99.86
102.08
100.33
100.97
104.22
100.60
100.02
100.78
99.90
100.51
102.11
103.52
99.29
98.65
101.08
101.97
100.27
101.87
102.13
101.63
100.93
106.26
99.53
101.56
100.73
103.34
100.64
99.08
102.37
99.91
99.93
100.92
98.62
101.09
100.46
103.10
102.40
100.42
101.34
100.51
100.95
102.58
102.14
100.85
101.72
101.56
99.38
100.69
101.00
99.89
100.56
100.64
101.89
100.13
100.12
100.06
100.73
99.90
103.61
102.37
100.51
99.69
100.93
99.78
69.88
100.30
100.84
100.81
100.09
100.86
100.79
101.26
100.28
100.41
100.08
100.44
102.82
99.24
99.65
99.40
99.60
101.73
99.34
104.39
102.82
99.59
100.69
100.30
99.19
122.78
224.88
250.70
250.93
252.58
253.51
251.03
252.30
252.23
251.89
250.07
117.06
99.49
100.07
21.49
0.85
0.36
2.41
3.09
3.51
1.68
0.06
12.57
150.16
239.31
281.55
280.62
277.15
260.51
261.40
262.63
260.94
261.19
287.81
297.34
165.76
140.30
139.46
252.68
274.23
293.81
299.67
297.59
259.26
240.91
288.19
315.48
319.73
300.93
321.62
281.89
214.70
201.19
182.76
181.42
127.41
110.31
111.09
120.44
121.07
119.69
170.68
181.44
274.48
306.03
364.41
300.96
225.12
226.04
248.49
312.71
320.56
305.89
292.51
179.61
124.92
119.99
133.85
151.18
150.50
151.93
178.08
178.96
60.42
50.81
49.21
169.30
252.49
299.14
351.43
362.65
318.25
290.75
291.91
364.90
369.86
371.49
371.15
371.86
369.90
370.75
369.31
372.21
371.37
370.04
370.45
370.15
239.71
220.58
219.72
354.89
368.95
367.76
392.38
461.29
391.47
387.03
388.56
403.19
420.81
421.85
423.10
353.42
241.65
211.80
211.69
212.13
211.68
210.67
212.45
399.99
259.94
229.23
230.85
402.41
422.64
457.69
438.00
431.52
394.85
369.71
351.86
364.75
302.87
396.37
421.32
366.08
350.98
351.15
351.07
352.24
350.99
351.98
350.65
351.33
271.24
231.59
230.80
294.98
366.02
412.10
367.32
361.74
361.35
267.41
266.05
265.09
174.38
199.35
324.79
362.16
361.28
363.25
285.57
293.55
301.10
305.22
321.78
302.07
180.80
124.47
163.72
291.66
354.43
346.92
329.65
271.25
228.86
217.49
241.53
328.75
360.12
361.87
362.63
270.75
203.31
186.35
245.94
251.22
233.18
194.93
72.70
146.79
110.45
99.76
100.68
231.04
307.37
357.50
362.38
361.28
361.26
361.63
361.13
342.45
318.77
321.72
227.33
200.01
200.64
201.21
201.45
201.10
200.56
200.43
200.90
175.46
199.34
200.71
226.69
224.10
248.78
288.18
320.49
284.88
223.16
200.91
246.49
315.56
370.90
369.93
372.19
370.89
369.41
369.43
370.20
370.25
369.87
371.01
370.88
370.46
190.22
169.71
199.67
354.59
371.20
366.44
348.54
309.07
228.60
200.56
217.70
266.81
227.85
228.06
349.07
359.96
306.82
296.39
296.81
301.31
300.79
301.14
216.08
269.85
190.09
181.20
103.52
194.55
315.82
328.68
301.74
312.34
343.40
307.94
328.98
364.44
379.67
356.45
274.35
261.89
262.57
262.72
260.29
263.56
260.66
260.84
259.16
261.48
145.50
129.55
186.77
258.70
298.59
351.06
367.14
380.84
379.78
379.36
380.23
380.96
267.40
352.84
385.89
380.17
380.34
379.83
380.02
379.70
380.57
379.54
379.12
380.51
246.80
228.93
231.14
368.64
380.22
378.88
380.27
359.65
303.00
246.77
190.02
173.58
193.07
200.67
184.70
178.94
178.62
178.76
178.51
179.55
178.72
178.85
177.65
115.77
194.34
200.79
226.53
335.42
368.58
301.04
211.18
199.99
157.21
104.53
109.73
150.52
148.70
125.48
122.91
121.33
120.94
126.19
126.24
126.06
124.99
124.44
122.17
99.69
177.05
189.74
134.47
101.08
74.09
127.22
319.94
306.04
243.51
216.94
216.00
285.94
319.13
320.78
321.52
302.12
285.54
221.63
297.03
300.27
300.79
268.29
259.79
260.12
130.14
118.61
152.64
256.51
259.87
250.10
239.37
177.48
151.17
115.94
147.96
244.61
258.73
256.49
208.63
181.14
85.86
15.43
97.77
176.70
182.83
76.83
96.84
190.21
110.65
145.90
178.57
181.91
248.09
262.19
261.97
247.31
240.53
181.25
180.66
315.43
328.91
246.46
185.17
255.08
207.50
288.52
299.47
300.90
286.22
191.82
149.78
148.75
159.33
161.99
159.21
167.31
267.01
317.44
352.56
359.38
359.22
333.82
330.31
358.16
354.84
324.45
316.30
310.83
281.28
183.75
168.94
198.43
175.81
172.02
182.42
180.31
190.84
190.25
189.21
294.25
297.21
301.95
234.19
231.01
169.43
136.65
105.20
143.30
124.89
216.67
321.07
319.42
321.54
320.74
318.16
321.01
320.02
321.14
321.08
317.65
184.99
171.05
190.00
228.34
230.68
229.22
275.30
280.78
280.86
228.67
220.05
130.06
70.58
74.24
138.12
197.35
281.34
280.44
281.51
280.86
281.35
279.75
281.11
280.87
133.47
140.22
139.59
271.73
280.08
251.19
250.30
200.93
129.13
117.70
115.40
155.38
250.29
250.71
253.12
251.47
251.17
250.64
251.27
253.02
251.75
252.14
251.67
251.44
186.20
180.93
181.42
247.85
249.68
249.86
280.35
281.71
280.50
280.95
281.45
279.60
280.55
298.01
301.81
300.93
301.93
299.70
300.68
301.43
299.68
300.55
301.37
300.29
168.40
160.56
186.17
278.92
279.84
281.46
281.68
295.78
300.53
299.88
300.59
302.75
300.44
303.57
301.45
272.37
245.18
221.99
260.58
279.11
282.52
298.45
299.83
299.06
209.09
199.60
219.28
248.92
278.39
280.52
252.87
250.51
273.58
299.98
300.11
303.95
299.94
295.99
302.60
301.38
303.18
301.04
303.21
309.28
299.43
301.09
300.02
302.12
239.05
230.52
228.95
292.33
302.80
300.22
358.79
360.93
359.05
341.23
341.28
351.07
324.86
321.57
281.43
272.85
288.97
320.90
318.36
319.26
282.84
367.18
381.35
378.00
247.56
230.11
230.08
242.76
280.53
281.37
352.62
359.85
359.46
360.26
360.48
360.76
353.87
372.25
380.71
380.06
380.63
380.18
380.25
379.97
380.60
380.07
380.42
381.47
245.89
230.93
229.82
283.59
322.88
301.50
309.00
310.26
309.07
309.99
310.10
210.23
178.54
172.90
207.66
234.37
310.05
344.67
325.17
321.19
321.14
321.39
321.57
357.95
196.13
181.17
182.09
211.87
211.67
213.58
284.87
235.35
214.10
213.55
215.29
316.09
213.15
187.06
303.17
269.63
231.52
231.65
248.59
251.12
251.26
252.11
231.80
229.81
79.46
49.64
65.15
229.85
278.80
280.65
294.56
297.67
296.76
255.32
233.57
303.23
272.21
252.44
314.52
319.52
284.98
266.61
266.09
328.30
372.21
381.11
378.91
284.67
193.29
189.38
224.38
232.43
311.08
321.58
331.77
340.59
340.44
340.12
341.00
341.92
339.80
352.30
382.60
380.85
367.71
335.17
339.72
380.74
380.47
380.86
348.13
308.62
210.56
199.77
229.40
279.55
318.59
318.57
336.83
342.55
339.97
340.39
339.80
274.83
245.20
221.22
202.54
260.10
204.23
205.14
172.58
208.48
251.69
251.89
250.80
236.90
120.65
101.83
111.08
208.60
231.03
251.37
340.75
340.42
340.49
339.74
340.70
341.13
338.71
316.85
277.64
271.75
237.90
236.31
281.95
292.48
251.49
240.97
240.47
239.45
98.06
80.63
119.27
177.81
244.30
297.59
320.73
301.51
216.82
279.99
212.87
190.83
151.68
234.84
270.28
311.03
318.26
338.71
341.55
339.92
339.82
340.27
340.44
291.83
234.99
229.96
229.09
231.38
300.33
304.48
183.72
173.58
175.00
169.43
129.80
80.96
0.10
1.19
53.31
147.46
173.41
146.36
157.53
161.43
125.36
115.52
116.06
115.03
216.11
230.47
230.56
220.14
172.09
88.89
7.34
0.47
0.68
1.21
0.56
2.99
0.13
2.06
142.82
119.38
82.69
44.71
65.47
71.97
72.32
70.68
71.32
63.67
63.36
63.08
107.42
159.05
195.89
88.01
1.06
0.10
0.13
0.22
0.13
1.41
1.46
1.50
11.32
109.66
99.70
81.91
81.15
101.46
112.45
111.46
83.51
73.24
114.05
124.63
101.38
101.97
196.70
46.58
2.01
0.10
2.44
0.46
0.94
2.80
0.63
15.51
132.49
200.14
202.08
200.95
201.28
201.15
149.36
101.44
99.70
98.87
101.70
101.80
149.30
150.19
179.77
44.57
3.63
2.71
0.09
0.62
0.09
0.12
0.09
0.09
0.06
0.09
0.21
1.06
0.24
1.02
0.03
0.39
0.37
0.56
104.27
150.91
150.11
51.01
0.80
1.06
0.17
0.84
0.61
0.61
0.96
0.86
1.11
0.15
3.25
1.85
102.62
166.49
170.05
148.12
143.02
131.38
28.60
13.35
104.12
151.19
150.84
47.71
9.74
2.51
2.26
0.21
0.13
0.17
0.09
2.08
0.09
0.79
1.62
1.11
116.98
134.23
134.18
135.11
134.33
134.85
134.71
84.79
129.14
150.88
149.13
14.07
0.67
2.12
1.10
0.44
0.13
0.75
0.28
0.19
0.13
0.71
1.13
0.72
1.19
0.50
0.41
1.85
0.93
2.23
0.68
2.26
4.04
2.08
1.99
1.85
0.89
0.82
0.77
0.70
0.35
0.17
1.49
2.35
0.13
1.55
2.69
79.19
91.24
90.28
90.40
15.71
0.95
1.81
1.04
13.90
78.67
90.70
90.68
10.85
3.28
0.40
65.89
4.20
0.91
0.70
0.29
2.02
0.40
1.05
2.90
18.50
66.84
82.05
89.98
77.78
100.48
100.10
65.56
59.90
82.02
101.69
86.14
3.47
1.57
1.79
0.32
0.56
0.20
0.20
0.25
1.31
0.13
1.26
2.55
0.79
0.10
1.42
0.32
0.07
0.03
0.99
2.17
1.53
3.65
1.49
1.77
0.75
2.19
1.62
0.00
0.00
0.00
0.00
0.00
0.00
0.00
0.00
0.00
0.00
0.00
0.00
0.00
0.00
0.00
0.00
0.00
0.00
0.00
0.00
0.00
0.00
0.00
0.00