0.82
0.36
0.09
0.12
0.78
0.45
0.09
0.25
1.16
0.98
0.80
0.03
0.93
0.00
1.38
0.03
0.17
0.75
2.30
0.63
0.09
0.74
0.14
0.12
0.56
0.30
0.09
0.09
1.27
0.09
0.06
0.06
0.95
0.84
0.00
66.66
105.78
108.84
109.09
107.98
105.81
108.85
129.14
131.08
127.57
118.61
94.53
0.09
0.09
0.09
0.46
0.43
0.09
1.69
0.25
0.79
1.80
1.22
1.51
103.65
110.12
113.33
112.48
112.16
109.82
112.26
132.41
138.40
134.09
126.17
98.94
0.09
0.09
1.63
0.09
0.06
0.09
0.86
0.06
1.52
2.07
1.84
3.73
113.51
120.77
123.09
124.84
120.40
118.09
119.51
143.97
233.12
142.27
128.34
105.29
0.09
0.09
0.09
0.09
0.09
0.74
1.13
0.09
1.11
2.74
0.45
0.83
1.43
0.20
0.60
54.14
112.57
126.51
170.47
197.70
198.00
194.37
187.33
175.48
28.31
2.51
0.15
0.09
0.12
0.12
1.78
0.09
1.08
2.79
1.04
1.72
1.50
0.74
1.89
0.34
1.06
4.90
157.77
200.34
207.38
202.21
192.61
161.71
4.44
0.12
0.09
0.12
0.61
0.22
1.53
0.09
1.60
5.65
0.61
13.84
172.79
176.70
183.35
185.62
182.45
176.05
183.23
210.94
214.21
211.33
200.69
164.03
1.43
0.12
0.73
0.73
1.15
0.25
1.73
0.27
1.04
2.16
1.25
47.63
173.35
175.36
180.45
183.13
179.53
174.10
182.69
300.75
364.63
361.06
266.79
182.65
152.65
1.47
0.53
0.12
1.08
0.44
3.03
0.56
1.64
2.70
1.13
22.58
172.91
175.25
182.48
183.00
178.72
224.16
223.06
326.42
323.20
354.90
303.28
122.20
0.57
2.08
0.44
1.31
0.34
1.29
3.76
0.12
1.69
1.41
0.29
15.71
171.99
177.12
185.72
188.03
184.99
291.05
290.82
356.76
357.58
232.79
194.27
154.80
1.23
1.44
0.56
0.19
0.12
0.09
1.72
0.32
0.19
2.44
0.41
6.42
126.73
129.10
132.16
133.14
131.65
237.25
179.78
201.46
205.41
202.24
193.96
110.96
0.40
2.33
1.62
0.38
0.90
1.31
2.14
0.35
1.84
0.29
0.03
0.10
107.77
117.82
118.08
117.45
117.91
121.80
175.14
197.53
199.66
197.28
191.17
155.75
1.00
0.12
0.45
1.08
0.12
0.21
0.15
0.12
1.21
2.46
1.94
1.23
0.03
1.19
1.77
1.38
1.80
72.20
310.15
294.01
287.80
203.44
189.35
151.35
0.12
1.94
1.39
1.08
0.89
1.47
2.67
1.45
1.93
4.19
2.48
6.32
151.22
177.26
184.61
187.22
183.99
178.59
184.22
206.65
212.38
208.30
198.27
153.00
1.23
0.95
1.43
0.80
1.77
1.23
2.24
1.38
0.94
3.60
0.46
9.80
162.82
171.83
173.98
176.47
175.11
170.84
180.05
201.22
207.05
202.52
191.51
154.10
0.21
0.91
0.12
0.19
0.12
1.12
1.68
0.21
1.38
1.31
1.92
2.09
104.35
174.97
184.18
187.03
183.46
180.08
181.96
207.20
212.49
208.98
197.76
163.05
1.48
1.45
0.32
0.97
1.05
0.12
2.05
0.32
1.62
2.73
1.67
0.55
128.97
177.09
182.96
189.60
181.94
178.19
180.97
205.82
213.14
208.99
198.95
182.33
168.43
6.41
1.21
1.40
1.43
1.06
2.88
0.12
2.02
2.53
106.30
173.23
172.86
176.56
178.76
180.84
180.80
175.44
180.43
204.44
209.03
208.08
196.17
184.10
154.83
16.53
0.69
1.15
0.73
1.88
2.09
0.38
93.39
109.77
113.20
116.50
116.61
116.40
114.87
116.88
113.83
119.23
196.58
222.19
225.06
222.15
212.96
203.15
63.91
0.35
1.22
0.61
0.20
0.09
0.88
1.58
67.18
99.73
103.40
104.83
105.43
53.78
1.64
1.44
1.16
9.81
154.90
187.09
194.60
191.89
182.14
159.89
3.42
0.46
0.58
0.09
0.72
0.80
1.91
1.88
2.71
1.31
3.03
15.90
173.22
176.74
185.79
185.88
184.46
177.51
181.92
253.25
345.25
320.09
221.99
185.80
124.16
0.55
1.31
0.12
0.51
1.05
17.44
104.96
111.10
120.30
126.73
128.91
130.38
129.03
179.40
186.31
184.60
180.81
177.53
204.25
331.56
294.31
160.31
118.45
108.48
23.64
0.18
0.48
0.98
0.53
1.43
71.52
110.96
123.69
127.53
128.95
163.21
179.15
186.99
190.11
187.47
158.51
133.14
238.70
302.37
299.53
159.80
112.09
0.53
0.09
1.93
0.15
0.15
0.26
1.70
1.05
0.16
2.80
1.70
95.47
252.03
275.16
280.41
281.69
277.61
254.20
228.61
256.39
295.91
293.77
149.57
122.17
5.68
1.35
0.41
1.02
0.42
0.12
2.36
0.51
2.18
2.93
1.76
136.68
267.38
276.51
279.19
279.30
179.68
96.79
101.79
164.31
210.61
213.03
75.85
48.72
2.40
0.83
0.36
0.67
1.01
1.38
1.98
0.48
1.58
2.15
1.95
2.48
2.18
2.85
2.34
1.00
1.67
1.16
88.57
190.42
227.93
224.71
132.93
112.48
33.96
0.09
1.04
0.09
1.51
0.98
1.37
1.08
0.86
1.99
1.69
1.93
2.88
2.66
1.58
1.46
1.81
3.44
115.56
134.62
140.58
140.39
132.39
116.15
0.22
1.42
0.22
0.46
0.88
0.25
1.16
1.35
1.39
3.31
1.38
22.80
131.38
132.19
139.95
137.63
135.76
136.78
134.34
322.80
360.80
367.85
235.17
175.43
1.53
0.09
0.22
0.32
0.85
0.79
2.34
1.36
1.61
3.01
0.69
20.97
176.42
181.17
188.45
188.73
183.40
177.64
180.73
316.73
364.43
360.69
232.82
166.27
5.05
0.99
0.35
0.20
0.85
0.44
2.60
13.76
112.74
123.79
127.17
222.23
263.42
282.27
291.08
276.12
280.77
277.78
286.21
344.79
367.76
360.98
226.60
167.95
0.09
0.09
0.09
0.09
0.33
0.20
1.88
55.64
112.90
122.59
128.69
226.77
278.01
282.33
290.91
283.35
279.45
275.81
276.42
354.01
360.55
355.20
245.10
148.29
0.12
0.09
0.77
0.46
1.27
0.83
2.14
1.38
1.24
1.89
1.40
0.95
122.13
128.22
124.49
125.52
122.54
119.31
148.15
305.25
349.81
345.86
210.08
158.49
80.09
1.02
0.33
0.09
0.12
0.27
0.95
0.09
1.63
2.25
2.42
2.05
1.31
71.66
106.24
107.53
108.21
107.92
113.27
127.80
132.37
130.36
124.74
100.57
0.09
1.72
0.57
0.16
0.21
0.19
1.28
0.12
2.00
1.18
2.18
1.33
1.57
0.55
1.81
1.82
2.21
2.52
102.28
133.79
137.86
135.29
127.26
102.87
0.17
0.00
0.46
0.27
0.67
1.17
1.52
1.14
2.67
2.95
2.99
79.41
199.80
230.66
239.11
254.31
252.42
247.41
279.64
361.28
378.47
378.10
226.07
184.56
9.44
0.75
0.36
10.67
149.19
44.81
0.38
1.30
86.68
198.29
201.20
170.88
271.42
275.48
277.01
279.48
277.78
273.66
312.01
352.27
358.83
358.08
345.78
287.75
32.33
0.64
0.48
0.77
0.36
0.68
1.89
19.48
76.72
96.05
265.77
385.97
416.17
417.57
423.41
424.82
423.93
413.74
442.75
387.03
396.82
413.12
227.40
183.25
18.00
1.02
0.87
0.36
0.48
0.36
1.11
39.70
119.06
235.39
336.30
397.53
433.05
461.82
470.27
472.67
469.09
438.38
415.72
412.70
418.33
440.18
413.68
207.09
118.56
6.88
0.53
0.48
1.09
2.24
3.25
1.04
74.69
264.05
281.20
281.06
394.76
465.95
472.79
475.17
460.63
347.69
348.87
502.24
510.39
508.77
501.26
306.78
132.63
100.82
81.33
80.97
79.84
81.71
80.22
80.52
176.90
282.32
334.37
402.35
398.70
402.78
400.29
397.31
393.02
396.22
399.49
353.83
348.47
380.45
385.27
313.16
94.41
81.76
80.78
80.51
80.52
79.88
80.37
80.51
81.41
196.50
243.39
257.57
280.80
280.48
280.43
302.18
280.61
270.38
269.62
256.94
248.58
249.55
249.15
197.79
142.08
107.01
78.25
80.31
80.31
80.74
80.55
89.07
171.85
333.46
367.75
367.42
356.72
268.65
244.58
245.58
257.69
260.80
263.93
236.41
221.67
248.67
259.19
116.15
79.35
116.80
121.68
121.53
120.36
120.90
121.38
120.56
242.36
345.31
391.88
396.69
398.89
325.53
289.03
289.43
290.33
290.88
375.02
358.71
351.16
362.51
403.69
314.37
172.27
148.73
152.21
150.27
149.78
150.61
151.02
154.45
261.52
282.57
279.76
298.43
414.84
445.29
462.99
468.18
473.71
475.06
459.12
425.17
400.74
442.00
447.97
338.56
237.36
158.74
162.19
160.91
160.01
160.26
185.92
218.05
300.69
303.01
299.07
300.98
448.46
484.76
494.92
500.80
500.29
493.07
488.76
411.28
403.28
362.69
353.34
377.50
268.40
167.68
160.20
159.82
160.74
159.66
159.78
174.82
299.62
310.49
309.63
309.96
414.90
468.18
482.27
486.44
479.13
482.57
492.33
427.27
411.27
434.69
510.62
330.16
161.19
158.64
132.11
130.57
129.46
131.09
130.81
131.02
238.01
288.89
290.77
291.33
307.42
310.48
310.23
310.08
313.46
431.73
462.04
456.50
447.85
462.46
516.29
328.65
136.06
88.14
79.92
79.98
80.76
80.04
80.77
79.83
132.08
180.62
181.07
180.82
180.15
180.05
181.49
180.99
180.90
182.21
280.75
435.38
467.83
467.60
501.61
313.12
103.70
79.80
43.00
39.62
39.63
40.34
41.03
117.88
212.90
306.01
319.53
320.00
410.29
403.58
404.42
406.37
404.97
401.43
426.54
386.27
381.92
405.22
454.47
411.10
207.86
88.67
80.93
80.28
80.43
79.90
80.63
135.90
240.94
310.37
310.68
310.08
392.97
429.86
433.44
442.34
442.54
437.40
490.21
433.19
415.97
429.03
488.78
379.26
209.34
200.05
200.12
187.14
180.18
180.16
185.68
228.12
287.37
342.22
342.35
345.74
486.50
522.86
529.25
533.41
531.92
519.84
520.23
443.98
437.32
463.13
493.93
429.77
297.22
236.67
199.94
199.63
200.31
199.66
200.08
247.78
248.60
253.31
234.34
200.45
330.03
376.11
381.31
287.35
251.20
250.38
338.99
302.23
294.33
312.68
358.63
356.25
294.16
200.80
199.56
199.18
200.52
199.22
198.98
199.23
228.08
216.51
208.47
220.68
368.98
368.86
375.81
379.01
374.06
429.24
454.92
464.30
434.41
450.28
471.65
478.62
322.79
191.67
59.54
57.74
59.96
58.75
60.55
58.89
109.87
122.18
119.15
121.00
122.14
119.98
120.91
117.31
120.19
130.22
291.63
460.95
447.80
440.16
435.08
338.77
125.59
101.27
99.70
99.15
98.88
100.47
100.02
99.58
150.81
219.28
230.24
230.44
230.84
230.59
229.96
230.80
230.40
230.88
339.11
468.13
494.19
499.05
407.29
344.57
113.79
100.59
100.36
100.70
98.76
83.14
102.02
106.38
279.49
276.94
270.67
264.32
424.47
441.21
454.99
461.02
459.29
454.47
454.97
478.86
488.25
485.82
462.48
361.66
198.87
156.38
150.68
149.38
149.04
151.57
151.98
151.17
191.70
234.68
249.90
260.04
434.79
443.86
459.57
465.47
461.79
458.32
457.62
502.92
511.75
509.75
498.12
393.58
179.28
100.32
99.90
99.41
100.06
101.11
101.63
220.53
250.71
292.22
427.98
444.04
477.80
480.70
486.24
489.28
489.77
482.08
484.80
512.36
508.68
504.86
574.03
462.07
420.19
348.21
158.99
160.55
160.98
160.74
193.64
213.97
250.29
423.78
490.34
497.31
539.79
541.37
544.23
545.00
540.64
534.26
499.22
503.04
466.18
449.88
385.03
366.65
349.22
209.04
199.45
200.89
200.14
200.51
203.42
255.45
280.19
280.17
378.48
423.37
458.13
458.40
464.46
465.62
481.71
477.98
480.23
414.01
410.11
425.91
474.30
424.53
205.34
156.08
139.88
140.21
140.73
140.52
142.16
138.72
208.67
288.64
290.22
313.94
382.41
380.14
409.97
413.27
411.63
410.39
457.60
436.34
426.92
426.05
492.96
344.58
138.75
113.54
100.64
100.01
99.04
100.39
100.29
93.74
125.70
224.26
230.34
230.81
230.09
229.46
228.13
230.42
230.49
233.52
388.71
430.98
442.43
471.61
487.03
392.67
196.57
52.40
50.56
50.39
50.81
49.92
51.55
46.75
0.44
2.57
0.15
20.85
176.20
172.84
180.24
181.05
174.14
177.04
179.43
193.45
199.81
193.71
184.74
178.40
166.01
157.53
119.33
93.36
92.59
94.77
106.78
110.83
117.15
126.62
132.02
149.87
183.95
184.21
190.87
195.36
191.04
187.59
181.39
208.83
218.46
214.71
204.35
185.95
178.43
170.08
129.59
103.18
102.03
101.90
107.38
111.40
122.47
131.83
137.90
149.69
192.33
192.94
198.86
199.93
196.48
183.77
160.53
183.28
189.14
188.49
177.32
149.78
117.01
110.43
105.47
102.53
101.21
101.12
106.11
108.78
119.60
132.16
136.77
149.39
189.24
190.80
198.05
198.52
195.26
181.84
157.86
180.65
189.61
187.75
176.98
155.79
117.84
109.47
104.20
100.68
99.28
98.23
101.24
101.51
107.10
115.35
117.70
122.62
124.13
120.82
121.94
119.33
118.60
116.51
120.30
141.59
145.71
144.79
137.32
125.18
115.03
109.59
104.20
99.82
99.00
98.95
101.55
100.52
108.45
116.09
121.41
122.52
121.65
119.04
119.82
119.01
118.29
116.64
136.38
170.29
172.47
170.79
163.43
143.79
112.98
106.26
100.81
96.33
94.44
93.63
94.40
93.10
96.39
101.85
107.04
107.95
110.68
110.42
112.74
110.93
113.04
114.62
170.36
200.26
212.85
214.49
206.40
191.66
172.83
106.02
101.14
98.46
97.29
98.70
108.51
111.76
120.30
131.53
137.63
142.65
162.10
166.73
168.73
166.98
166.87
161.53
161.17
181.28
188.29
184.22
173.29
158.64
143.69
21.94
0.33
0.39
2.03
2.08
2.07
1.68
2.78
4.17
134.13
138.11
180.07
186.27
194.85
196.84
196.54
190.51
188.66
216.12
225.62
225.30
216.96
197.05
179.42
165.85
166.06
158.78
148.79
145.79
158.06
238.98
328.23
366.67
372.70
378.37
417.38
426.09
383.60
379.53
385.30
381.99
387.96
332.51
323.37
321.90
401.82
326.21
235.02
228.51
209.01
179.72
180.72
181.99
192.22
300.25
397.79
395.46
385.27
371.14
388.52
407.38
415.99
437.50
456.38
425.02
382.17
292.60
290.44
319.95
369.52
333.37
316.98
239.27
189.74
184.88
183.82
183.50
194.57
210.28
348.53
433.07
437.23
440.41
438.00
435.65
465.35
467.98
465.42
458.21
461.17
375.95
320.95
336.84
421.64
288.18
197.28
189.59
184.64
180.91
180.28
179.04
182.43
184.15
314.42
379.24
384.67
384.27
384.47
378.36
377.28
376.78
377.49
375.88
413.83
376.72
359.24
405.10
450.48
359.03
270.67
185.68
169.48
167.81
165.06
164.04
163.58
165.00
180.97
291.96
308.54
308.94
309.37
307.95
306.51
306.41
304.85
305.17
337.30
377.57
394.72
385.19
364.83
330.71
301.57
182.32
170.96
166.99
167.89
170.00
183.18
188.08
352.64
428.66
420.76
422.27
439.50
414.09
409.23
409.12
408.45
407.98
375.58
307.69
321.84
352.08
412.25
255.06
172.76
217.94
238.36
237.98
236.19
239.17
247.00
250.48
368.77
384.84
353.34
365.68
392.04
395.85
403.81
420.10
418.31
413.77
404.10
325.93
289.28
316.77
382.76
307.11
268.14
243.83
240.24
239.69
332.24
333.54
261.48
251.46
170.92
116.88
126.02
173.75
199.83
196.94
191.41
197.00
193.28
163.82
159.89
251.08
307.77
306.30
282.52
193.17
138.08
111.70
106.53
102.60
93.24
94.21
102.33
105.37
111.94
122.09
121.24
139.98
226.54
229.69
237.89
239.64
238.25
234.08
215.07
291.20
356.96
348.94
246.02
153.00
116.12
110.13
106.36
102.70
100.72
101.69
109.34
110.06
119.51
129.04
136.53
194.92
213.66
213.04
220.68
221.10
218.25
216.97
212.04
327.93
346.12
345.25
232.26
149.52
118.61
112.02
106.90
104.53
102.58
102.58
105.33
9.27
0.92
1.89
0.09
2.02
1.14
1.23
108.82
119.99
118.51
117.95
147.17
262.22
277.25
270.98
178.36
137.39
112.99
104.91
99.70
97.10
95.74
93.23
94.12
89.94
96.92
100.92
106.07
107.36
109.25
110.30
110.62
112.22
111.86
117.24
143.04
252.42
278.80
279.21
191.20
152.70
110.47
99.54
94.87
92.02
91.15
91.70
95.35
96.63
106.61
116.15
173.80
231.31
289.43
217.85
231.64
233.88
231.72
222.34
221.00
303.30
352.44
349.32
253.97
170.89
136.13
108.02
103.44
99.48
97.36
98.82
103.88
104.50
116.99
126.58
175.72
186.74
234.65
238.64
244.79
247.19
245.73
235.63
212.84
336.82
349.35
349.30
249.09
167.14
136.67
108.38
102.18
98.49
97.09
96.61
100.25
96.97
108.32
127.64
173.06
178.23
216.54
231.13
235.18
233.81
231.10
226.51
230.12
337.52
372.90
369.62
262.13
192.02
115.59
108.35
100.47
100.98
98.78
97.62
97.16
90.41
97.72
105.63
145.44
157.42
159.72
159.51
160.16
204.40
176.16
160.66
161.55
276.11
295.13
295.29
187.61
130.29
116.95
110.11
106.02
103.93
101.58
100.49
127.36
252.20
290.97
332.68
392.88
396.67
396.62
393.37
391.71
347.11
293.23
296.21
248.39
188.21
127.14
112.07
107.56
99.72
93.64
88.69
84.68
82.91
82.19
83.11
166.39
364.41
340.35
346.24
398.95
419.53
419.05
419.21
417.91
420.19
400.10
369.58
245.80
155.58
126.25
123.28
118.62
109.70
102.30
97.03
93.06
90.39
88.58
87.58
87.37
84.74
89.18
95.92
100.63
103.45
104.76
105.50
104.13
101.50
100.97
102.25
155.22
195.46
204.55
199.51
189.78
163.42
100.15
93.03
88.84
87.12
86.92
90.67
102.31
105.20
113.28
121.97
175.85
195.18
196.67
194.84
200.41
203.02
201.82
196.98
225.01
288.37
345.65
350.36
308.80
232.35
163.39
104.05
99.06
96.69
94.58
98.13
107.35
110.87
119.74
130.63
275.24
297.57
295.60
293.21
296.33
297.07
296.69
292.17
289.04
287.16
313.42
358.40
345.19
326.54
226.61
101.12
96.64
94.21
93.24
95.60
106.90
109.79
119.93
136.16
199.73
244.37
245.93
247.27
254.60
257.81
257.14
250.82
245.88
265.29
281.59
307.53
320.41
213.11
162.35
106.90
100.91
98.03
96.60
99.07
110.71
111.92
121.15
134.40
141.94
149.91
154.03
148.52
154.71
153.82
153.59
148.30
193.92
198.23
268.58
281.26
227.73
147.45
77.42
71.38
72.73
102.05
98.92
101.29
109.39
111.39
121.52
135.00
193.18
163.11
173.13
174.82
152.75
152.02
151.28
166.11
195.43
281.37
342.94
342.34
245.25
161.69
77.14
73.37
68.88
67.12
66.70
66.80
66.32
66.29
45.69
0.89
56.93
61.04
61.06
60.39
60.75
61.45
60.82
59.91
95.72
214.74
346.48
356.26
287.20
188.48
119.83
113.66
107.02
103.33
101.54
100.77
98.49
96.53
33.51
2.47
54.15
61.16
61.72
61.24
60.86
61.43
60.25
61.22
82.86
292.63
363.52
360.39
266.53
179.08
87.38
104.37
93.95
91.45
89.75
92.34
100.38
102.57
113.86
128.23
187.17
190.13
184.72
204.73
237.79
239.79
238.66
230.54
188.94
269.69
306.30
318.90
209.93
142.04
112.43
68.46
101.94
98.63
96.70
98.04
105.32
107.22
114.32
127.60
186.01
192.03
234.57
208.36
195.19
195.53
192.18
187.56
190.08
352.61
370.18
367.66
269.73
221.35
169.48
160.62
152.95
148.41
145.16
118.73
102.50
105.45
121.35
132.13
188.43
201.44
227.14
246.97
252.73
253.52
250.64
245.31
244.08
372.81
315.48
333.79
265.15
193.90
174.05
122.61
102.37
99.68
98.32
99.01
103.52
105.51
120.12
131.21
189.47
197.24
239.71
271.56
280.43
281.27
276.10
267.18
266.15
383.74
348.12
352.12
297.08
233.93
143.84
111.81
106.24
103.41
103.09
102.40
106.55
109.31
122.58
207.65
144.87
219.40
246.70
269.75
278.59
274.71
236.61
202.94
205.28
323.03
237.77
255.26
224.25
144.61
120.55
113.05
107.77
104.82
101.53
100.92
102.89
103.68
112.16
121.41
135.53
189.04
188.21
189.19
189.16
188.34
188.69
238.62
252.76
295.08
273.47
325.85
277.66
148.07
127.56
119.97
113.10
110.15
106.96
104.50
101.35
101.85
104.75
107.67
163.05
166.78
166.14
164.41
163.78
161.49
161.07
161.94
169.15
243.38
252.44
250.66
207.26
130.21
116.94
108.32
100.20
97.28
94.32
95.07
98.12
102.39
117.07
125.37
189.57
197.45
199.74
201.56
206.05
203.65
200.84
193.70
246.51
328.07
335.86
336.30
282.75
204.84
120.23
112.80
107.42
104.60
101.83
102.94
107.45
109.44
118.08
129.25
188.65
196.97
243.25
244.07
253.59
257.08
254.76
249.61
246.91
366.21
373.94
372.32
273.23
192.70
112.68
104.52
99.05
96.52
95.81
97.08
103.85
107.35
119.12
129.54
192.08
199.58
256.62
261.27
267.88
270.43
264.80
257.93
255.85
379.76
391.82
389.62
289.13
212.23
120.52
113.40
107.85
105.32
102.00
104.42
111.74
112.10
123.65
132.86
296.59
338.50
341.63
394.70
406.31
404.53
398.21
389.62
386.47
403.55
410.09
413.46
402.38
219.70
186.19
107.30
101.45
97.66
94.65
93.95
94.87
94.71
175.27
228.51
230.57
214.63
317.72
325.77
322.69
326.12
332.58
331.99
379.97
398.76
373.52
349.53
387.66
186.19
107.86
100.93
97.99
94.00
90.00
90.00
91.00
91.00
99.71
236.11
314.26
318.63
321.68
322.35
187.22
173.89
169.38
167.61
226.23
355.58
367.47
383.46
294.83
197.51
107.43
101.64
97.71
94.56
93.91
92.20
92.57
91.08
96.23
102.97
107.01
108.10
109.64
109.91
112.45
113.08
114.05
108.16
119.12
240.63
265.81
263.23
182.20
119.94
107.65
100.72
96.73
93.18
92.97
95.30
103.31
105.86
154.95
251.40
331.51
346.94
367.01
367.15
372.96
376.02
366.86
363.43
365.31
347.32
329.45
351.93
368.12
154.83
111.01
103.58
100.34
98.03
95.77
97.96
106.78
110.21
120.32
281.93
332.37
250.86
312.60
280.80
239.60
254.68
273.35
276.68
194.13
282.83
307.93
311.22
148.73
113.34
103.31
95.34
93.71
90.28
89.27
92.30
102.54
108.74
115.17
171.59
192.70
198.36
200.07
201.76
207.90
209.71
206.73
199.69
201.53
318.17
358.48
354.64
343.84
177.30
119.42
111.56
106.90
104.13
102.02
103.81
113.12
115.42
122.20
307.39
336.75
336.81
332.71
333.13
337.71
339.63
335.76
302.50
176.44
278.43
289.92
285.02
182.95
128.68
110.28
101.99
98.44
96.75
93.50
96.29
105.49
109.90
119.46
128.61
162.77
177.39
176.35
175.28
179.56
180.13
175.75
170.78
173.94
275.59
285.64
281.98
196.04
122.84
110.19
104.68
99.77
96.59
94.83
94.73
96.97
96.56
105.38
116.50
121.21
125.45
126.76
125.39
121.06
117.31
115.81
128.45
176.08
268.59
314.23
298.96
209.45
152.81
103.90
96.95
93.08
91.14
89.68
89.90
90.66
89.51
95.79
101.56
106.50
107.14
110.54
112.26
113.42
112.77
111.71
149.13
175.32
199.88
206.88
206.08
194.33
152.76
103.20
98.70
93.04
91.12
90.64
93.00
103.77
106.86
116.55
126.55
140.15
203.42
241.09
241.49
244.22
245.06
242.27
236.94
245.86
349.81
363.70
359.51
260.40
154.61
97.94
93.75
89.18
88.25
86.82
90.45
100.99
104.63
113.60
126.30
186.27
198.78
250.51
254.09
264.08
263.14
259.26
251.21
256.21
353.79
370.84
365.89
271.06
165.51
111.19
102.49
98.17
95.55
92.28
92.74
93.16
91.78
98.02
102.92
160.28
170.07
174.75
175.34
173.89
172.77
171.69
170.34
209.62
349.39
356.76
355.95
261.85
158.69
101.68
95.37
91.32
88.82
90.49
90.93
101.23
107.65
219.08
365.64
381.46
389.48
388.99
421.04
448.47
451.01
447.72
441.73
447.69
477.85
475.46
445.66
379.65
367.41
301.63
187.10
103.97
36.78
2.41
4.22
117.65
167.99
198.55
376.71
481.48
531.99
527.44
529.15
536.37
537.93
535.80
532.82
497.67
420.36
416.52
412.79
494.22
461.45
332.13
363.53
303.58
234.58
201.75
196.73
197.45
150.67
185.11
327.23
465.64
474.08
477.67
479.21
480.75
487.31
448.34
424.89
476.62
486.67
478.37
466.10
485.78
404.59
313.88
191.23
108.40
93.64
91.03
90.78
90.79
89.55
95.93
195.10
253.74
276.53
327.19
352.43
359.42
343.71
290.10
287.59
290.61
419.76
425.04
422.73
369.46
297.87
193.44
97.24
93.87
91.60
90.18
93.31
199.32
259.48
299.35
494.60
496.21
497.16
489.30
465.90
460.98
480.10
500.13
501.17
502.20
401.83
369.27
422.15
487.45
461.11
277.37
122.06
94.91
91.12
90.65
111.83
212.36
246.01
275.02
395.29
494.73
497.60
452.63
456.96
463.26
463.64
463.71
489.62
540.67
452.53
444.93
485.57
536.87
515.56
255.54
112.09
88.99
87.32
86.31
89.44
151.79
185.33
240.52
412.23
474.22
473.61
458.26
474.47
482.32
483.45
488.24
495.86
542.79
452.58
437.00
466.00
460.07
354.21
179.31
96.41
86.99
85.74
85.15
88.53
100.12
105.15
116.43
251.77
341.30
400.29
405.42
399.00
401.68
419.88
434.12
455.37
475.16
442.63
442.67
467.16
388.31
266.50
111.85
94.87
92.19
89.71
88.09
91.36
102.91
233.49
275.93
394.54
429.18
425.45
433.39
438.99
442.40
444.80
443.06
456.60
489.88
446.40
443.60
478.68
446.91
396.04
263.28
114.84
97.48
94.86
93.15
93.59
93.23
94.51
101.49
112.62
118.48
293.47
360.92
362.51
341.96
301.32
298.31
264.56
310.24
422.42
438.09
459.17
369.31
287.87
185.46
193.51
186.59
165.81
93.90
93.27
93.04
92.68
100.39
191.96
220.56
248.53
258.60
250.68
225.45
216.50
210.22
200.08
239.27
424.11
492.91
493.84
439.62
361.43
218.86
101.93
97.04
95.48
94.34
96.51
111.08
106.41
186.40
355.71
482.28
505.86
504.31
495.42
494.53
496.56
495.24
494.42
545.43
474.07
464.76
480.08
553.95
576.92
363.71
244.73
186.15
113.63
95.45
100.09
196.76
321.36
331.07
457.21
485.97
489.61
531.03
532.03
538.51
535.42
533.16
527.98
499.77
403.46
395.19
406.12
455.43
463.79
304.96
162.66
94.74
88.75
89.11
92.23
168.06
164.17
211.61
419.01
509.95
495.38
477.42
474.18
478.92
478.30
476.06
470.55
469.79
391.08
380.79
376.40
465.12
418.79
204.28
99.44
95.28
93.48
93.04
95.88
226.99
250.31
351.64
429.17
458.59
401.78
433.55
451.53
577.72
578.36
575.07
568.22
552.21
445.78
447.53
482.06
550.09
544.20
323.68
213.46
30.99
1.00
0.22
0.53
96.81
192.44
250.18
370.88
381.32
379.87
380.59
380.33
522.63
569.34
551.12
529.68
525.51
423.57
405.16
441.86
524.64
543.60
427.89
375.62
282.89
233.46
277.13
269.45
307.56
263.29
248.66
400.19
480.74
488.77
528.09
543.78
542.94
536.17
533.24
537.88
551.15
497.43
492.12
488.95
548.82
409.57
355.29
348.90
337.50
245.69
188.33
171.44
157.67
96.91
135.28
246.24
354.31
387.00
393.08
394.96
394.81
356.15
354.56
368.28
430.14
428.49
428.02
441.71
490.14
387.48
311.16
155.87
105.54
88.44
88.08
90.63
238.81
287.00
323.59
441.50
385.50
398.09
438.88
444.66
461.49
460.04
457.90
427.29
427.34
413.10
401.37
402.85
477.00
462.32
307.19
223.09
144.61
82.20
81.04
85.43
221.09
276.06
319.14
364.48
369.57
379.21
413.86
415.22
444.46
446.48
411.63
405.65
406.25
426.49
427.79
455.38
461.69
367.08
194.22
102.33
90.68
89.71
87.80
89.85
98.53
104.53
114.60
222.01
225.56
237.87
272.45
279.02
287.49
221.92
232.99
231.81
235.75
374.46
391.36
403.38
252.50
122.60
67.91
64.35
61.52
60.88
59.63
81.82
103.84
105.80
119.35
126.71
167.91
198.52
234.63
234.43
240.35
241.01
238.87
234.54
238.32
341.98
357.41
353.22
255.52
158.80
105.77
96.44
202.54
216.94
196.97
216.66
227.30
196.87
117.43
166.95
227.03
271.02
326.88
270.09
313.44
335.89
332.23
326.78
327.33
380.13
396.81
420.67
394.72
177.65
284.40
395.12
396.24
322.82
290.66
290.23
293.07
289.69
354.43
231.60
205.56
211.12
181.23
174.01
175.27
176.76
174.12
177.20
228.41
305.81
311.45
309.76
301.39
180.21
284.53
302.60
290.89
263.42
245.33
230.63
192.57
113.76
88.26
136.08
202.53
228.07
112.10
97.21
96.84
210.28
252.51
254.95
343.70
306.42
300.43
296.74
283.38
150.27
239.20
231.77
146.26
119.23
107.63
113.99
260.56
348.92
314.49
154.24
188.00
194.29
245.17
243.00
247.08
252.74
243.18
246.54
249.51
351.52
369.86
367.36
270.09
204.39
292.60
462.83
543.44
544.96
543.30
546.45
539.76
507.22
368.69
135.96
182.41
206.11
235.78
235.27
242.61
243.28
242.34
238.92
238.59
347.17
362.91
363.82
290.81
154.80
266.98
412.96
328.68
293.59
289.02
293.38
143.70
107.67
114.89
125.53
198.35
207.85
260.15
255.04
255.81
259.52
258.29
249.88
255.28
348.56
365.42
344.48
278.50
164.76
270.85
372.24
383.11
354.70
345.30
355.90
442.98
493.83
358.61
229.04
182.16
191.87
232.02
227.78
230.29
238.76
235.52
231.43
234.12
344.10
354.29
352.74
257.33
383.92
308.33
325.49
339.47
313.90
306.32
309.26
382.53
443.36
456.30
407.14
163.63
191.91
227.65
230.96
236.29
237.19
232.53
228.72
231.13
318.26
322.98
320.33
244.48
331.06
446.33
334.05
369.05
344.03
320.67
288.73
305.55
281.59
111.80
269.68
184.24
159.36
160.84
159.51
164.46
165.31
164.00
164.13
222.11
297.54
324.41
323.85
248.72
207.66
346.20
475.50
318.49
118.34
85.68
84.71
79.76
129.20
83.27
240.00
285.99
165.93
91.58
99.63
103.66
105.10
90.25
97.95
150.61
301.96
272.60
319.16
187.89
138.96
256.57
101.36
79.61
77.69
77.72
80.27
92.21
96.01
104.17
113.59
158.27
229.45
267.33
272.34
275.60
274.84
270.49
268.90
273.30
339.37
347.34
344.84
290.04
157.73
87.24
84.16
82.83
80.94
79.67
83.64
96.09
103.83
113.42
121.31
209.66
239.47
290.27
291.95
302.38
305.66
295.02
292.65
298.78
364.53
380.24
372.98
315.74
174.99
104.08
95.59
92.65
90.81
90.62
93.04
104.14
108.10
115.80
124.69
214.13
251.01
293.19
292.90
298.40
299.06
293.96
282.21
291.56
366.73
375.94
370.91
313.20
164.32
105.99
98.68
95.12
93.05
93.66
95.13
106.01
109.45
117.99
125.51
207.84
249.72
290.71
281.27
280.33
273.60
271.20
265.96
273.39
343.79
346.97
345.84
291.89
139.67
83.27
77.92
75.48
74.16
74.57
77.20
87.74
93.97
105.46
117.62
175.93
181.31
178.39
189.30
218.00
218.29
215.53
212.45
216.54
324.82
342.22
336.44
242.11
144.93
97.08
91.07
87.64
85.79
84.28
85.05
87.11
89.05
97.08
106.76
143.33
152.63
156.54
157.58
157.37
155.00
154.00
155.06
215.30
252.56
302.25
291.81
222.12
143.16
93.27
87.88
83.19
80.63
79.23
78.04
78.68
72.28
76.88
85.40
88.47
91.24
92.20
94.06
96.12
95.07
95.07
109.31
154.88
242.71
286.23
287.67
202.93
124.82
88.73
82.46
78.17
76.38
75.42
77.64
89.10
91.42
101.62
112.13
116.54
140.50
166.65
165.99
168.78
177.47
175.34
171.47
171.15
295.44
367.81
346.85
255.44
131.55
100.79
93.80
90.45
88.48
87.64
89.37
98.99
102.96
108.68
117.46
121.29
125.90
155.43
167.92
174.90
173.04
170.21
165.99
168.66
264.72
316.92
311.52
195.07
126.55
94.23
88.32
85.43
83.48
83.40
86.03
97.61
101.05
112.15
120.67
125.24
129.95
135.61
180.58
183.21
184.46
183.23
179.40
182.64
274.29
337.32
323.94
222.25
143.92
101.74
93.21
89.53
87.45
86.97
89.34
98.65
105.02
113.97
121.12
123.07
125.04
169.34
181.89
184.57
185.17
183.25
179.13
182.50
313.44
336.33
327.84
204.91
134.37
60.92
0.12
0.12
0.09
0.09
0.12
1.34
0.09
0.06
0.79
0.06
0.73
0.59
0.03
0.06
0.55
0.56
7.81
62.19
125.08
172.41
169.06
78.19
19.74
1.56
0.12
0.15
0.15
0.15
26.78
83.84
86.88
96.26
105.88
108.74
109.91
112.11
112.91
112.22
109.53
108.57
114.16
166.18
220.43
236.12
232.96
177.77
133.76
91.84
85.61
81.75
78.40
77.40
77.07
76.69
77.45
85.54
94.58
100.30
103.10
105.22
105.03
103.30
102.09
102.55
109.67
156.17
228.78
242.25
244.64
189.85
144.85
101.69
94.88
90.72
89.40
89.91
91.55
95.41
100.81
109.65
121.21
124.18
50.53
0.34
0.08
1.01
0.06
0.78
0.42
58.88
135.23
180.68
177.82
83.33
63.52
58.75
89.20
86.78
83.72
83.41
86.12
94.94
98.25
104.80
110.95
152.61
173.25
221.81
225.72
231.09
232.51
231.59
224.49
227.03
278.63
322.95
295.81
188.98
155.35
93.15
83.03
78.88
76.48
76.15
78.92
87.88
95.45
104.60
111.58
114.70
116.11
138.97
195.50
168.69
152.90
149.63
145.01
123.83
224.30
299.64
296.10
145.34
84.64
55.11
51.64
49.96
49.08
48.81
50.52
54.89
57.57
61.33
109.69
113.50
118.07
138.16
155.28
152.83
148.63
146.58
143.24
146.65
288.53
364.20
345.72
189.55
116.04
91.60
85.39
82.32
80.49
81.10
83.51
93.39
96.76
103.99
113.34
160.19
165.91
204.18
208.53
210.09
211.98
209.50
204.85
203.86
244.93
282.74
281.26
208.04
133.10
89.11
81.60
78.05
75.60
74.45
76.03
77.18
83.97
92.80
102.12
108.45
111.99
113.25
111.13
110.05
110.58
111.59
112.06
139.60
205.23
221.71
218.58
164.56
137.73
100.81
92.64
88.43
85.80
83.77
82.88
79.72
77.32
79.17
84.64
88.00
89.70
90.92
96.45
101.96
103.90
102.21
112.05
139.86
201.49
203.68
160.15
112.23
112.98
73.97
69.16
66.32
64.37
63.68
64.33
65.21
66.69
74.21
75.36
78.94
91.16
92.66
92.77
89.47
70.22
47.29
55.52
80.02
187.11
298.59
264.12
164.02
140.04
100.57
90.43
85.56
83.44
82.75
85.44
95.12
103.84
110.97
156.38
164.88
165.98
157.57
154.74
158.51
158.76
156.12
174.28
205.19
263.02
311.31
272.46
215.66
131.32
82.19
75.59
72.59
70.94
70.59
72.55
79.67
86.03
96.02
129.30
169.51
178.15
176.12
175.08
175.52
208.09
225.87
195.25
229.37
293.99
337.74
304.07
218.75
153.63
103.51
95.88
92.11
89.83
88.87
89.66
96.98
106.00
114.63
124.10
177.56
180.95
228.00
243.84
253.31
251.45
243.01
238.15
235.23
299.00
306.00
301.83
195.04
146.46
100.98
93.76
90.04
88.16
87.55
90.00
98.08
105.53
115.01
122.64
169.49
178.51
225.23
230.85
237.29
234.36
229.42
223.57
221.20
266.40
302.46
299.58
252.35
137.48
105.90
98.11
92.87
91.42
88.88
89.12
91.01
91.21
99.34
108.32
109.18
115.66
116.48
117.92
119.33
119.18
118.48
125.89
172.53
240.62
250.78
247.29
191.11
162.62
108.63
100.92
96.08
93.08
90.96
89.97
90.20
89.78
93.21
100.49
102.53
103.75
105.87
104.92
106.57
106.86
107.76
128.85
164.26
231.88
300.07
298.19
191.21
143.32
98.58
93.03
89.09
87.09
86.33
90.99
97.36
104.45
113.66
121.47
169.30
187.25
227.46
227.26
228.33
228.90
233.30
200.82
163.25
335.87
380.88
294.64
181.92
103.00
89.80
86.10
80.69
78.24
79.15
81.93
92.35
110.11
107.66
117.12
156.20
193.91
261.41
269.09
259.39
281.95
287.54
220.15
175.18
288.34
362.29
267.70
181.49
118.66
99.52
91.43
87.04
84.17
82.81
85.62
93.90
97.26
107.18
116.86
164.80
194.19
239.54
244.21
252.15
264.04
256.87
241.44
236.61
375.76
408.98
324.12
260.51
170.52
102.92
95.33
91.04
88.36
86.89
88.53
97.47
100.45
110.68
121.43
185.53
228.83
227.20
178.78
182.75
188.42
187.04
182.08
195.22
366.69
391.64
319.13
251.25
172.44
107.75
101.39
96.95
94.30
92.91
92.02
88.21
85.21
91.64
96.94
145.88
226.74
251.70
221.41
247.70
251.34
244.26
241.70
155.95
305.59
230.98
218.68
164.22
114.17
100.17
91.88
87.98
85.07
84.11
84.78
86.12
88.59
98.00
104.89
212.78
244.53
245.22
246.60
243.75
245.42
247.47
246.81
244.84
265.87
269.22
168.74
118.67
107.61
97.95
91.14
87.55
85.96
84.23
83.80
83.09
81.81
87.74
94.00
97.55
98.66
101.21
101.18
101.22
98.00
102.00
101.21
106.05
192.29
229.78
227.57
128.85
107.09
95.84
89.84
87.48
88.53
97.14
86.93
95.06
98.53
107.65
117.48
216.30
227.60
230.71
230.21
234.40
235.97
230.33
241.96
283.94
389.50
425.57
370.75
307.13
155.39
107.99
101.59
96.19
94.46
92.48
94.88
102.98
106.61
117.98
130.93
223.42
241.70
283.83
285.16
288.01
287.94
285.36
279.48
278.54
424.44
459.31
365.85
225.68
152.86
91.86
85.64
81.92
79.68
79.52
83.71
90.86
97.40
125.90
166.78
170.99
175.59
184.24
182.68
188.64
190.03
190.16
182.55
208.47
351.61
394.54
322.19
216.92
151.77
99.24
92.80
88.68
85.96
85.36
87.37
93.16
99.29
109.45
119.05
122.82
182.78
249.20
251.85
259.94
262.59
258.55
250.97
243.92
330.80
392.51
326.73
237.54
164.40
106.44
87.08
80.49
78.56
78.17
79.64
83.77
88.89
99.50
107.01
158.11
178.97
184.01
183.69
187.23
186.82
183.43
177.67
224.96
367.41
352.78
291.61
200.17
149.46
94.27
87.64
83.80
81.08
79.32
78.81
78.84
80.25
90.94
105.50
159.92
180.95
182.77
184.06
185.33
183.14
182.55
180.55
181.19
205.25
226.21
229.68
131.77
133.13
111.83
104.04
97.53
94.20
91.77
90.68
90.17
88.89
92.86
97.69
138.04
153.68
157.44
160.20
159.48
160.27
157.40
158.11
157.23
188.01
198.46
156.04
132.91
119.29
108.92
100.80
96.20
93.60
91.68
91.81
95.36
101.56
110.14
121.52
165.97
189.91
241.52
240.46
245.31
245.35
244.38
239.58
239.00
302.10
414.04
359.49
211.82
141.50
98.79
92.83
89.44
86.59
85.95
87.84
93.99
100.33
109.25
117.90
132.59
235.07
282.87
283.59
290.42
301.10
386.16
308.00
254.56
340.80
431.35
394.83
257.06
138.01
94.13
88.20
84.80
83.09
82.76
85.12
91.89
99.79
109.46
117.87
166.73
195.78
252.10
255.88
294.55
316.63
322.46
290.65
242.55
388.22
425.81
409.50
275.53
161.49
103.78
95.60
91.81
89.71
88.53
90.23
96.65
102.37
112.63
121.50
161.81
225.75
307.31
323.51
325.10
355.69
360.72
338.58
263.50
351.79
477.22
456.32
244.66
111.39
63.95
60.27
57.69
52.25
49.52
47.18
54.08
54.84
58.98
64.70
98.49
162.23
248.37
243.03
159.17
154.88
199.55
198.99
196.11
279.88
404.63
376.17
216.30
137.82
100.80
93.47
88.86
86.10
77.11
77.45
78.73
90.56
95.31
104.40
106.53
105.20
105.05
105.01
102.65
104.51
106.73
102.88
107.21
247.11
324.02
278.58
120.71
254.56
208.69
89.63
85.12
83.33
82.14
80.60
80.80
79.97
85.54
94.71
145.70
150.35
155.27
160.74
149.83
150.55
149.53
150.65
150.23
205.39
282.59
186.55
118.95
106.76
96.52
89.15
85.32
83.15
82.02
84.89
90.04
97.05
107.06
119.31
179.06
198.65
242.31
242.91
247.31
286.75
275.37
265.18
240.61
326.67
378.20
360.40
253.79
156.59
101.43
93.72
89.60
87.03
85.72
87.64
92.89
98.65
109.98
122.46
173.51
183.18
243.39
258.59
240.91
260.13
269.38
262.67
246.12
315.15
413.74
365.44
229.34
139.38
84.32
76.80
73.16
71.44
70.72
72.71
75.52
75.96
83.60
92.25
155.51
163.37
160.85
163.82
166.13
260.86
275.02
229.01
170.35
236.35
297.87
292.65
169.53
97.49
83.92
78.16
75.24
73.52
73.40
75.91
83.93
89.61
100.77
110.33
168.60
186.86
223.86
223.31
224.91
227.03
226.59
222.15
225.86
320.56
411.46
388.80
243.83
140.02
89.60
83.80
80.88
79.51
79.00
81.20
87.52
95.57
106.51
115.39
179.61
188.71
247.89
239.17
239.70
236.75
233.40
226.04
229.35
296.11
398.93
326.87
203.48
144.90
90.54
84.06
80.59
79.32
77.68
77.80
80.46
80.72
87.88
97.58
100.82
105.15
106.42
106.74
104.97
104.29
102.06
101.30
136.67
340.31
368.30
260.29
116.55
99.20
88.41
82.76
79.17
77.28
76.13
75.91
77.24
77.61
82.54
89.10
93.78
97.03
99.39
100.81
101.04
100.03
99.25
99.29
158.35
345.07
386.49
324.35
188.04
103.42
92.85
86.68
82.77
80.57
79.88
81.64
89.36
95.33
107.10
115.29
164.17
171.80
169.56
168.00
173.52
197.56
202.85
196.14
165.88
269.15
285.73
261.21
177.73
61.63
92.05
86.00
82.62
80.32
79.33
81.16
87.98
94.05
108.07
117.78
180.53
186.10
189.16
187.54
191.92
194.16
190.55
183.92
183.62
265.82
338.70
271.52
130.57
112.10
97.25
90.45
86.97
85.01
84.33
82.72
89.42
95.98
107.74
115.74
172.72
177.45
165.21
174.12
177.67
175.25
171.31
169.03
169.54
190.78
208.39
203.35
118.48
101.19
90.00
83.29
80.01
77.97
77.40
79.45
86.80
96.01
110.24
119.28
146.52
188.74
193.80
189.93
193.22
196.60
192.56
179.74
124.24
137.96
142.46
162.46
129.97
112.08
99.70
93.09
89.41
87.28
86.49
88.45
90.65
98.65
111.34
111.02
170.64
183.56
180.40
178.29
181.74
186.54
183.11
182.90
200.81
197.56
219.77
201.59
192.96
176.77
100.53
91.93
88.41
85.69
84.54
84.89
84.57
85.53
93.18
97.18
104.97
105.62
108.09
106.93
104.57
104.86
106.16
105.76
108.62
123.69
127.47
124.12
116.61
106.74
98.26
90.09
86.16
83.65
80.80
79.72
82.30
82.16
87.65
93.14
97.85
99.58
100.50
102.90
104.64
103.27
103.49
103.50
107.22
128.03
131.08
127.78
119.25
105.12
93.28
86.29
82.80
80.77
80.13
82.32
87.85
95.73
109.89
124.43
155.18
168.33
227.77
224.80
229.53
226.57
221.94
214.80
210.90
244.99
258.52
248.63
205.36
171.74
103.88
95.48
90.71
87.73
86.40
86.64
87.41
89.57
98.53
109.23
140.94
144.03
145.11
146.97
151.85
151.07
102.28
144.79
198.75
257.06
271.20
251.36
203.66
183.06
99.92
94.56
91.00
87.76
86.52
87.88
92.05
96.92
107.88
119.89
135.54
180.77
180.90
179.69
181.44
179.29
176.21
170.50
169.12
198.92
220.12
134.61
115.61
102.91
92.80
86.89
83.44
81.09
80.16
81.56
86.12
92.81
102.22
116.97
154.81
177.80
178.98
178.99
185.21
187.15
183.90
176.67
173.40
197.36
213.15
150.93
131.66
117.92
105.40
97.96
93.83
91.31
90.39
91.55
95.52
102.21
110.07
119.87
162.29
177.85
181.75
211.63
255.09
249.86
238.38
234.31
234.46
263.86
275.46
213.78
199.57
187.55
115.75
97.56
93.69
90.84
89.04
88.89
88.88
89.17
94.65
102.21
106.82
111.34
116.70
118.72
118.85
118.93
118.00
115.26
118.78
133.06
134.87
131.17
124.82
113.95
103.37
96.97
92.16
88.81
84.45
76.45
57.61
73.15
77.40
80.12
82.81
85.74
96.50
101.12
101.81
102.01
100.63
100.60
105.16
120.53
127.01
125.42
118.48
107.81
98.21
91.92
88.11
85.32
84.80
86.61
91.67
97.56
108.32
117.32
141.98
160.81
164.72
163.94
169.34
169.00
167.65
161.58
157.69
183.05
191.93
138.43
123.13
112.50
102.65
96.18
92.65
92.09
89.77
90.05
94.80
99.66
110.98
121.53
158.58
171.76
173.03
174.56
178.11
178.28
174.95
170.46
180.38
251.81
277.26
218.91
204.67
186.97
105.38
98.05
94.37
92.01
90.65
91.97
96.18
102.81
116.14
127.24
159.97
175.13
177.70
174.86
179.53
180.87
178.47
172.28
218.15
260.93
280.18
225.27
208.07
195.00
128.13
101.92
97.48
92.88
90.20
92.04
94.99
97.12
105.30
113.30
160.35
158.46
159.04
157.38
156.59
156.24
157.07
154.16
153.41
174.38
192.71
132.91
122.36
111.11
97.72
91.08
87.69
85.85
85.16
86.81
91.39
97.08
109.16
122.00
156.13
170.95
172.76
173.35
172.05
174.19
170.16
165.17
163.14
184.68
196.26
151.87
125.20
115.20
47.53
0.09
0.09
0.12
0.09
0.09
0.12
0.00
1.75
1.95
0.26
0.16
1.01
1.87
0.58
0.86
1.06
1.48
0.30
0.49
0.59
1.15
0.21
0.29
0.09
0.06
0.06
0.09
0.09
0.09
0.09
0.00
0.00
0.00
0.00
0.00
0.03
0.03
0.03
0.03
0.06
0.03
56.96
75.45
78.49
75.43
68.39
63.85
59.77
55.69
53.69
52.69
52.17
52.94
55.32
57.04
61.44
68.43
98.12
103.69
105.03
103.24
106.02
137.19
152.92
113.52
140.86
186.38
247.48
185.32
144.78
131.12
60.27
56.20
53.97
53.58
52.77
53.57
59.06
60.16
66.42
69.14
103.26
112.91
114.50
114.91
118.66
114.22
93.50
40.82
82.48
125.55
118.08
76.12
67.64
63.60
0.91
0.58
0.09
0.44
0.09
0.09
1.40
0.03
1.01
0.00
48.44
50.24
49.87
49.53
50.59
50.39
47.75
47.09
95.01
138.40
144.98
85.57
74.88
67.10
0.71
0.09
0.12
0.15
0.12
0.09
2.28
0.03
0.64
0.00
42.01
51.78
52.36
51.76
51.80
51.55
49.75
51.16
88.21
135.92
143.97
83.23
77.02
73.95
9.57
0.09
0.29
0.09
0.14
1.07
0.83
0.00
0.77
0.91
29.46
30.35
32.31
29.99
30.80
32.78
32.98
30.32
31.45
48.84
45.77
5.34
0.55
1.66
1.31
1.65
0.33
0.92
1.64
1.78
1.08
0.06
2.13
1.32
1.40
2.46
2.70
13.25
4.73
2.10
0.76
1.38
24.62
65.82
68.42
70.75
69.79
8.83
1.39
1.92
90.53
91.21
88.92
88.30
80.65
55.92
66.58
69.69
69.99
71.62
69.66
69.19
69.42
68.43
68.56
67.90
93.65
148.01
156.27
153.02
147.85
130.50
63.40
60.41
58.28
57.17
57.08
58.77
62.92
59.92
64.55
46.63
24.26
31.69
30.05
30.65
30.08
31.21
30.61
30.63
86.10
105.88
102.01
83.13
73.84
71.34
2.19
108.82
66.29
60.56
60.44
78.60
20.71
0.09
127.33
33.41
28.14
30.21
30.80
30.57
31.22
30.89
30.65
30.24
30.13
30.39
30.02
1.97
0.96
0.91
0.06
1.85
0.06
0.09
0.51
0.39
2.65
0.09
1.27
1.75
38.06
39.65
40.99
40.13
40.50
39.76
39.03
40.97
38.76
59.57
60.20
20.05
1.12
0.17
0.09
0.06
0.06
0.09
0.09
0.78
0.33
0.00
0.20
0.00
30.42
28.95
29.87
29.61
30.87
30.51
31.59
29.73
90.63
106.05
123.49
79.66
72.71
67.89
0.06
72.55
88.81
86.57
84.86
85.81
91.60
97.01
108.10
28.32
26.31
30.13
30.72
31.09
31.48
31.09
32.16
30.66
31.34
31.43
30.13
8.65
0.56
1.67
2.08
1.10
0.49
0.27
0.28
0.06
0.45
0.03
1.74
1.27
0.63
1.12
1.46
2.00
0.65
1.63
1.35
0.27
1.60
1.44
0.06
48.24
36.13
0.74
0.06
1.46
0.06
0.06
0.06
0.09
0.09
0.00
0.91
1.13
0.98
0.69
0.59
0.48
1.20
2.14
1.69
0.00
1.77
6.63
0.90
0.93
0.39
1.15
0.65
1.22
0.12
0.06
0.24
0.95
1.52
1.48
1.57
1.98
28.46
30.28
31.19
30.20
31.29
31.06
31.39
30.36
31.68
32.49
60.65
60.05
5.56
0.30
0.66
0.06
0.52
0.92
0.60
0.15
2.60
1.05
2.04
0.61
33.27
30.19
30.48
30.34
50.58
81.49
77.06
84.09
105.91
162.83
172.59
171.10
114.28
107.80
105.62
133.43
245.52
191.16
187.97
182.55
130.92
85.27
92.20
97.61
116.14
82.40
62.61
62.13
64.59
63.98
62.25
60.54
62.78
85.05
96.21
41.30
35.67
35.60
0.70
177.30
200.54
166.74
164.79
190.92
85.82
1.04
2.11
1.40
29.90
30.89
31.21
29.50
30.78
31.44
30.25
30.14
29.70
45.60
60.36
8.36
0.72
0.00
0.61
0.47
0.50
166.01
191.85
46.61
175.76
199.34
39.96
1.38
23.71
30.08
31.02
31.15
31.57
31.98
30.04
31.29
57.64
127.27
129.77
76.24
72.05
71.60
190.82
200.03
201.69
200.83
199.89
200.52
200.97
200.50
82.47
2.65
122.65
56.67
1.17
1.79
109.86
192.03
54.87
1.54
179.25
31.50
0.92
0.84
172.37
200.94
166.26
14.38
0.40
0.76
1.53
0.85
1.74
0.03
0.89
1.47
2.41
1.70
1.52
1.74
2.69
1.76
1.77
1.89
1.88
2.07
1.55
1.29
0.86
0.76
0.40
7.10
0.28
0.03
0.12
0.97
3.01
0.63
1.80
4.15
29.18
31.09
31.78
79.32
113.61
109.33
106.34
102.68
109.56
164.88
168.59
113.46
98.47
95.88
60.70
2.52
0.21
0.61
0.66
0.95
1.85
0.65
0.43
1.86
32.93
40.40
140.41
164.23
169.60
170.59
164.78
159.57
162.16
215.58
221.12
186.51
133.90
112.76
0.00
1.05
0.78
0.18
0.39
1.21
1.69
1.58
1.99
1.53
26.22
58.01
136.03
140.99
141.82
143.34
163.98
169.33
139.29
222.69
270.32
217.87
150.26
132.77
21.68
1.47
0.42
0.17
0.03
1.15
1.31
0.88
1.60
0.75
38.29
71.20
218.01
226.95
235.50
233.15
227.81
220.54
222.61
282.77
293.02
208.96
192.81
175.87
2.16
0.86
0.38
0.88
0.72
0.16
3.19
1.94
0.76
3.29
45.98
48.54
47.93
92.23
102.13
101.22
96.30
99.47
221.16
260.83
281.77
260.44
191.83
167.52
38.63
0.61
0.70
0.65
1.20
1.22
1.98
0.35
1.69
1.93
0.85
1.04
1.41
0.61
0.33
1.49
0.13
1.07
1.10
2.68
0.99
0.84
1.33
1.58
1.61
1.93
0.57
0.06
0.62
0.03
0.71
0.00
0.67
2.39
1.79
2.27
0.67
1.37
1.50
0.63
1.15
0.00
0.66
3.54
0.57
0.03
0.03
1.43
0.22
0.77
0.06
0.51
1.92
0.70
2.03
0.06
0.06
1.71
28.90
30.75
82.46
129.58
182.14
185.63
184.08
177.81
174.82
226.61
245.49
204.05
152.25
126.27
17.45
0.09
1.31
0.09
0.06
0.09
0.89
0.09
0.65
1.03
38.54
41.75
112.97
144.48
146.99
148.51
144.67
140.41
138.62
177.06
180.49
147.26
114.26
103.29
93.17
0.90
0.09
0.43
0.09
2.32
0.43
0.09
0.60
1.26
19.37
31.25
31.04
115.36
145.39
149.95
147.64
139.18
145.62
191.05
230.77
150.97
110.97
97.68
30.92
0.24
0.30
0.42
0.06
0.09
1.66
0.59
0.47
1.18
28.56
41.04
40.50
40.48
42.53
42.96
42.88
39.73
42.43
65.14
80.86
52.40
0.21
1.20
0.03
0.06
0.06
0.82
0.03
0.09
1.43
0.06
1.25
2.91
34.86
40.95
128.15
184.78
191.51
244.12
238.77
231.86
233.80
300.28
338.54
235.95
168.91
117.70
16.80
1.71
0.18
0.03
0.38
0.03
0.62
0.00
1.58
2.60
1.78
2.07
0.34
1.88
1.67
0.47
1.04
1.02
0.13
4.11
1.09
1.53
2.30
17.49
101.03
51.28
1.19
0.16
0.83
0.47
72.04
86.08
90.10
95.21
99.66
101.90
104.58
106.00
1.43
1.34
1.22
1.64
0.00
3.63
2.27
1.75
1.40
0.06
1.92
1.32
0.73
1.39
1.05
0.59
1.32
0.83
1.77
1.71
5.79
31.42
31.27
154.07
159.11
157.47
158.47
152.59
158.08
299.58
354.14
234.17
189.26
174.17
106.63
91.81
88.93
87.85
86.30
89.61
36.93
1.63
0.06
2.86
28.71
31.46
59.44
84.04
122.06
164.10
161.98
158.03
162.28
225.23
230.66
171.12
146.61
136.33
9.15
0.06
0.06
0.33
0.06
1.08
1.24
1.23
1.36
2.35
21.73
40.58
93.25
226.42
237.17
239.04
239.14
229.47
231.97
295.00
313.45
271.44
198.33
131.10
0.06
0.09
0.06
0.09
0.34
1.08
0.63
0.56
2.77
2.57
26.57
31.35
189.77
206.33
217.33
221.14
219.69
212.80
216.61
282.16
302.86
216.24
192.68
154.63
10.23
0.24
0.06
1.14
0.78
0.89
1.45
0.39
0.17
3.15
34.51
41.48
109.14
216.93
227.41
232.09
222.54
218.88
216.48
241.07
241.47
242.24
197.34
168.74
0.03
1.59
0.03
0.25
0.69
0.77
1.68
0.03
1.39
46.36
49.98
50.26
170.92
229.09
223.15
173.57
168.06
152.21
123.85
137.53
132.05
127.95
125.43
114.50
52.03
0.81
0.03
0.06
0.03
0.06
0.32
0.30
0.37
2.48
1.15
1.26
43.53
107.78
108.85
104.55
102.52
102.22
132.63
158.31
158.03
157.82
147.63
133.67
106.28
10.24
0.78
0.27
0.03
0.69
1.90
0.49
1.70
2.73
30.17
30.92
41.21
178.96
194.03
195.56
195.01
181.32
161.77
241.04
269.97
141.33
119.24
105.70
40.57
0.97
0.03
0.06
0.06
0.97
1.30
0.06
0.06
2.96
29.07
31.03
157.49
180.40
181.07
184.28
181.41
175.94
184.08
299.07
313.19
204.90
157.21
130.19
6.46
0.87
1.13
0.23
1.67
1.94
1.68
0.06
0.78
1.88
55.46
61.28
258.23
294.42
303.41
307.66
303.17
300.43
313.66
400.10
385.44
217.93
188.65
152.06
3.19
0.20
0.35
0.03
0.23
1.21
0.64
0.06
2.01
1.39
53.89
66.65
210.45
258.40
236.38
209.22
206.48
201.11
202.77
321.09
328.73
155.58
133.81
120.06
0.06
0.91
0.06
0.06
0.06
0.68
1.09
0.27
0.84
0.59
37.27
50.42
166.99
165.50
167.87
169.23
167.04
161.48
168.15
268.51
295.06
162.26
125.05
112.83
103.06
23.31
0.26
0.06
0.06
0.61
0.66
0.03
1.07
1.25
1.37
1.17
1.22
0.78
1.30
0.00
1.87
0.15
1.36
56.03
60.03
1.99
1.00
0.39
0.41
0.54
0.06
0.06
0.06
73.30
87.23
89.14
96.80
103.75
104.36
106.25
108.48
97.20
0.94
0.98
1.01
0.00
0.53
28.97
28.48
6.24
0.48
1.22
0.06
0.30
0.27
0.33
0.23
0.89
3.77
0.55
0.03
1.94
25.44
31.00
82.35
103.69
106.00
74.88
81.39
86.51
77.51
86.59
220.80
101.53
87.00
86.25
4.39
0.06
0.06
0.74
0.40
0.21
2.17
0.12
0.82
1.92
0.03
0.07
49.06
60.90
63.89
64.05
60.44
58.74
155.33
211.33
211.62
206.28
186.83
173.81
5.74
0.06
0.04
0.06
0.13
0.06
1.88
0.09
0.69
1.49
0.47
84.82
183.97
193.24
201.18
200.06
194.38
185.43
193.81
217.04
219.53
214.40
196.41
178.38
26.44
0.06
0.06
0.03
0.03
0.06
1.16
0.03
0.86
1.39
2.22
94.59
188.09
191.56
200.90
202.63
198.68
191.55
197.69
217.37
219.06
213.30
202.36
168.45
0.03
0.06
0.49
0.06
0.07
0.09
0.06
0.03
1.59
40.90
123.06
129.47
168.71
187.86
192.88
190.26
186.10
179.91
192.64
212.58
213.73
209.58
199.50
155.25
0.38
0.73
0.20
0.09
0.31
0.49
0.28
0.06
0.54
0.41
98.28
109.78
114.84
118.52
121.12
121.76
121.32
119.33
128.86
141.69
143.18
138.58
127.15
105.43
0.06
0.20
0.06
0.80
0.35
0.14
1.44
0.00
83.44
94.74
102.80
93.53
70.06
104.09
104.83
104.41
103.67
108.56
125.26
141.47
141.56
139.52
131.36
116.36
0.00
0.26
0.16
0.00
0.00
0.00
2.08
0.00
0.58
89.36
129.43
134.47
86.83
127.79
136.83
139.14
138.03
132.24
136.20
148.55
148.45
143.14
131.80
115.83
10.73
3.88
0.15
0.12
0.09
0.29
1.91
0.45
2.69
115.79
126.30
132.27
124.15
123.33
131.82
136.29
133.96
128.79
133.27
142.74
143.65
137.40
129.94
113.44
7.43
0.68
0.87
0.00
0.21
0.65
1.57
0.00
0.88
2.56
1.52
15.23
125.36
129.08
139.08
141.81
140.28
135.34
138.86
151.89
151.24
148.68
134.56
111.40
0.00
0.15
0.00
0.00
0.06
0.00
1.01
1.45
0.00
1.45
1.09
4.07
125.61
124.22
130.33
133.17
59.79
82.54
126.96
141.91
140.64
135.72
125.54
95.78
0.00
0.24
1.43
0.63
0.00
0.38
1.84
0.08
1.52
2.84
1.67
1.78
88.24
124.56
129.82
132.80
128.25
122.48
133.74
148.71
146.08
138.68
128.92
75.16
1.51
0.47
1.46
0.28
0.00
0.36
0.55
0.26
1.25
2.80
1.53
1.40
108.68
121.31
123.00
122.48
120.83
120.74
132.35
145.74
144.61
140.28
134.58
123.44
8.68
1.05
0.68
0.00
0.78
0.00
2.69
1.27
2.64
0.27
1.68
1.85
1.33
1.02
2.09
1.42
1.18
1.26
111.24
148.26
149.85
147.43
139.59
118.49
1.65
0.00
0.11
0.41
0.00
0.72
0.88
2.45
0.77
2.71
1.58
19.08
142.74
138.55
144.41
146.53
143.94
137.37
141.21
148.60
149.81
145.05
133.39
115.49
0.00
0.65
0.76
0.10
0.61
0.77
0.89
0.00
0.56
2.23
1.64
2.00
65.31
88.12
91.50
90.05
87.75
109.16
141.49
150.11
151.31
144.36
131.65
109.63
0.66
0.72
1.31
1.16
1.96
1.83
3.16
0.09
2.13
2.56
2.03
2.31
108.36
120.44
134.98
133.76
128.17
126.28
161.85
169.04
171.12
166.88
158.13
140.60
8.31
1.12
0.96
1.58
1.19
1.72
3.37
0.06
1.62
2.96
1.49
1.37
36.97
165.58
175.85
177.90
174.30
169.69
182.25
206.57
211.39
196.60
186.76
160.89
6.88
0.35
1.21
1.89
1.14
1.25
2.59
0.36
0.06
3.42
1.46
1.21
114.61
141.44
147.46
149.15
143.65
139.68
144.73
201.01
200.78
195.96
188.37
158.97
0.36
0.36
0.09
1.15
1.42
0.88
0.49
1.05
1.16
1.33
1.24
1.74
1.88
0.96
1.84
1.58
1.98
0.88
1.70
1.40
3.57
0.59
1.95
0.15
0.38
0.06
0.87
0.06
0.98
0.53
1.34
0.18
78.70
100.87
104.26
27.51
1.17
1.50
1.26
1.42
0.24
16.48
129.87
145.15
146.11
142.75
134.51
107.49
0.12
0.06
0.53
0.90
0.92
0.83
3.08
0.36
2.13
0.82
3.15
1.53
138.57
204.54
213.51
212.51
205.79
198.85
189.62
249.63
250.64
233.77
153.52
117.11
0.03
0.85
0.25
0.67
0.40
0.03
1.58
1.13
2.49
1.90
2.13
10.57
222.48
213.99
210.89
221.41
310.35
301.49
279.56
340.54
349.84
345.70
226.37
195.93
27.98
0.06
0.12
0.47
0.54
0.77
2.17
1.74
2.14
3.49
1.20
2.00
240.18
222.80
208.04
161.80
253.24
247.23
205.74
267.54
277.23
273.87
218.32
170.90
4.11
0.91
0.99
0.09
1.00
0.29
0.92
0.69
2.23
1.74
23.64
41.14
157.46
210.94
219.06
220.35
217.98
201.98
214.04
235.28
238.86
232.79
205.24
177.56
17.67
2.50
0.06
1.67
0.14
0.43
2.91
1.11
2.05
4.02
37.40
40.59
41.73
41.95
41.65
41.48
42.63
42.16
143.78
241.02
244.40
200.25
179.83
163.25
0.03
2.90
4.22
1.30
2.58
1.04
1.63
0.54
1.13
2.63
1.53
1.53
1.75
2.04
2.49
1.62
2.01
1.60
1.70
3.82
0.94
1.24
1.80
2.20
0.86
1.66
0.06
1.13
1.23
0.09
1.42
0.46
2.64
1.80
1.30
2.10
1.36
5.47
0.00
1.05
1.78
1.16
1.60
1.06
2.26
1.63
2.45
0.99
2.06
0.90
2.59
0.50
2.34
0.99
3.13
0.44
4.44
2.99
39.05
41.66
40.55
41.19
41.67
32.61
21.49
82.56
174.50
164.18
143.35
139.31
125.51
112.00
2.99
1.63
0.06
1.98
2.69
1.06
1.73
1.63
1.81
2.67
63.82
72.33
208.19
234.19
242.54
241.56
231.51
227.43
243.17
207.12
189.75
185.62
173.10
157.28
18.24
0.76
0.80
1.05
1.53
1.55
1.98
0.99
0.60
3.70
48.80
50.81
49.55
167.57
186.08
187.15
185.52
177.61
186.16
154.67
115.99
126.21
118.08
95.39
2.73
128.43
150.30
151.57
158.51
147.41
141.49
11.59
1.12
7.34
62.28
61.74
178.65
177.40
179.40
180.38
176.69
174.16
186.08
170.79
131.84
124.68
114.60
100.48
18.70
134.61
150.50
151.89
159.73
162.28
109.63
83.11
83.06
82.10
84.02
37.36
96.44
143.76
170.68
175.03
170.67
162.92
159.83
153.60
145.31
143.26
136.71
199.62
103.18
150.95
160.24
176.26
180.48
180.76
172.98
137.94
130.29
129.50
74.45
70.19
104.84
70.48
55.17
54.60
54.02
53.44
58.98
12.81
0.60
2.33
2.36
92.01
102.63
137.26
140.49
140.71
141.17
140.69
140.64
100.63
9.04
1.74
1.11
1.25
0.00
8.69
1.88
1.91
1.57
2.16
1.94
4.65
1.46
2.14
1.44
2.82
1.09
126.58
141.31
140.27
140.08
141.06
142.29
110.16
19.60
4.68
40.84
41.91
149.24
163.75
169.03
168.74
169.05
166.05
173.20
191.55
194.35
141.85
125.39
80.93
0.45
165.70
200.96
200.38
201.10
200.52
202.05
145.54
101.44
34.74
36.89
41.84
42.26
41.03
41.48
42.35
40.64
40.26
39.76
40.60
1.11
0.20
1.40
1.32
1.52
158.49
199.60
201.35
200.82
200.93
184.65
179.93
99.06
61.12
60.56
60.97
187.52
194.85
200.78
205.46
201.95
194.28
201.60
158.87
152.59
147.91
136.18
118.76
10.93
157.53
201.10
201.08
199.64
200.86
201.06
147.05
26.33
2.56
44.07
51.19
50.68
5.19
30.64
7.64
1.32
0.06
0.64
2.53
1.27
0.59
2.24
0.97
0.15
131.76
200.07
200.17
200.83
200.81
188.99
180.63
181.13
157.02
60.99
51.72
50.41
51.15
50.54
52.22
50.71
50.43
5.61
2.54
2.40
0.29
1.29
2.82
0.09
169.07
236.87
240.58
247.40
230.95
61.27
0.06
0.09
0.06
0.06
0.06
0.06
0.03
0.03
0.03
0.06
0.03
0.09
0.06
0.09
0.09
0.09
0.06
0.09
0.09
0.09
0.06
0.09
0.09
0.12
0.06
0.06
0.06
0.03
0.03
0.03
0.03
0.03
0.00
0.03
0.06
0.09
0.09
59.33
84.83
0.16
118.26
199.83
214.57
220.01
218.41
186.52
179.79
215.42
219.71
219.94
163.38
57.30
40.56
41.01
40.24
41.84
39.69
41.21
40.92
41.45
80.19
81.62
82.23
100.44
101.22
100.74
230.49
250.90
222.51
200.89
201.19
210.59
173.69
120.31
106.31
100.56
95.53
51.19
49.68
51.66
51.79
50.29
45.76
30.32
3.31
2.44
0.06
1.47
159.04
219.74
201.12
200.66
201.00
201.36
200.26
201.98
201.72
102.50
63.75
61.39
61.33
40.44
31.72
30.93
30.75
32.16
31.31
31.18
55.21
61.08
104.98
104.61
177.77
201.11
204.55
211.77
210.85
210.09
211.13
184.01
136.48
137.11
60.45
51.73
51.01
40.58
40.74
42.66
41.07
97.94
110.27
112.08
69.17
1.11
42.52
203.16
256.05
196.54
108.11
102.64
106.76
107.96
108.85
111.01
108.74
147.84
153.07
150.66
151.34
150.89
149.64
151.83
150.85
151.60
151.24
152.65
152.27
151.53
150.67
152.58
151.27
133.18
168.03
198.22
134.55
93.18
92.68
94.54
72.08
122.33
131.69
161.61
208.51
222.17
181.56
174.09
156.04
134.07
123.20
159.89
172.74
168.28
141.55
141.35
150.05
152.65
278.38
214.35
144.57
140.09
141.48
141.03
29.40
33.33
103.83
104.41
13.52
2.76
0.87
2.14
1.91
88.70
102.53
101.20
186.47
200.66
194.82
28.29
1.71
153.50
165.98
104.48
76.23
66.65
105.23
216.74
210.60
151.52
149.20
143.54
152.12
152.22
114.05
121.50
181.71
201.43
158.48
195.23
29.92
1.55
92.72
102.22
139.17
101.45
275.88
274.01
221.68
189.80
190.72
254.11
156.35
103.64
101.03
101.43
101.19
102.29
101.92
101.92
101.89
102.52
103.08
12.10
3.38
1.88
89.37
101.47
100.90
179.25
281.25
291.65
241.74
241.27
242.00
239.17
161.05
97.54
71.69
70.67
72.16
72.59
70.51
71.92
71.80
71.62
71.13
69.36
11.06
29.48
63.96
72.69
183.95
247.41
301.78
302.08
249.71
206.96
274.90
385.08
381.71
302.04
196.97
165.67
166.05
166.51
161.91
135.45
62.91
100.34
166.10
187.88
42.43
135.20
193.28
371.46
360.20
294.81
197.77
118.20
89.06
81.07
93.68
202.26
298.05
346.59
284.73
187.21
165.11
161.09
161.12
162.61
161.92
162.44
161.24
162.35
198.80
199.19
200.49
197.29
150.59
149.71
305.21
313.43
281.90
223.42
221.49
221.04
161.96
160.90
211.52
113.60
72.64
70.43
71.42
71.54
115.38
122.31
121.94
121.50
177.61
200.98
146.61
103.88
102.05
114.79
279.50
331.86
311.96
284.98
281.02
282.46
220.65
129.29
73.10
69.98
70.79
69.85
71.23
72.43
70.60
71.71
71.00
70.94
149.01
198.06
200.35
112.05
101.01
100.56
148.32
84.36
52.99
51.38
53.36
192.09
134.59
118.23
218.71
81.63
198.99
226.34
225.31
227.53
226.50
225.95
226.21
225.73
89.17
0.24
105.55
223.96
249.59
202.61
285.49
207.10
141.56
137.77
163.39
265.58
301.84
273.47
299.74
294.77
292.10
294.21
287.49
251.48
250.64
212.78
200.57
200.35
22.23
0.92
41.24
139.10
150.29
173.26
210.14
150.46
109.41
101.58
121.76
194.30
199.73
168.17
119.41
101.76
101.26
101.73
100.63
101.66
101.42
100.78
101.60
100.00
14.58
1.57
42.10
96.36
193.08
199.03
219.21
241.23
185.96
167.20
167.59
236.40
203.99
174.34
259.03
264.57
257.81
242.88
241.21
269.97
330.26
289.42
275.63
275.12
176.23
149.85
149.37
78.70
105.78
138.72
252.85
258.06
173.23
154.37
154.96
231.82
226.51
216.29
249.14
297.51
301.55
301.05
301.17
301.91
296.70
250.45
229.30
199.03
142.10
130.38
143.80
150.19
149.58
189.76
300.18
229.90
163.67
156.54
157.22
156.62
124.96
175.15
261.66
302.22
300.69
300.95
268.38
251.15
250.59
250.09
251.11
244.12
202.17
201.38
201.91
185.60
147.27
180.76
261.18
270.09
220.49
176.48
196.07
224.04
180.65
151.10
226.48
168.75
151.51
151.36
151.16
152.25
150.53
150.50
150.67
150.37
235.22
260.87
259.80
262.09
162.20
22.33
94.04
16.33
1.11
1.11
16.59
129.11
133.07
119.24
306.85
323.20
325.58
346.40
350.14
352.31
350.69
350.50
350.23
349.89
242.76
230.62
234.07
241.67
331.42
169.58
161.32
81.05
72.04
70.70
113.73
218.65
215.79
232.29
245.43
252.42
250.45
250.81
251.70
250.75
250.52
250.41
205.52
190.08
160.85
180.68
232.55
240.51
378.79
326.05
320.81
259.97
200.43
189.51
212.03
314.63
326.39
339.16
292.33
252.01
251.42
251.92
250.56
252.36
251.64
237.31
231.60
229.32
160.08
195.73
235.78
241.82
349.05
288.75
293.20
266.15
224.65
154.77
163.10
289.46
342.26
290.33
292.19
292.52
291.11
291.01
289.78
291.25
292.10
329.05
275.51
270.00
236.12
202.57
211.21
242.06
336.39
274.95
323.01
329.52
272.61
224.52
240.10
352.47
341.63
265.98
252.53
253.24
214.71
197.56
190.56
192.56
182.65
181.25
180.40
170.16
123.34
80.67
144.56
206.35
302.76
336.84
369.42
290.73
267.78
207.51
248.32
288.88
155.60
112.07
101.41
88.35
79.76
60.84
68.64
75.24
80.60
83.53
91.63
85.54
6.60
1.37
29.49
55.34
97.61
139.27
155.90
160.43
95.78
69.53
46.38
32.42
0.09
4.37
84.94
96.51
101.84
102.45
101.96
101.45
102.12
108.29
111.42
111.42
67.92
51.88
50.75
80.46
99.89
100.24
88.71
86.46
32.36
7.61
33.20
96.13
81.98
81.20
82.10
81.97
82.00
46.65
0.82
2.22
1.77
1.55
3.02
5.59
100.83
120.86
120.70
121.13
191.74
202.46
208.14
230.99
228.44
196.25
195.87
197.69
194.92
194.79
121.20
82.43
84.21
75.58
81.14
81.71
48.13
0.96
61.57
16.58
2.29
1.31
0.33
1.36
124.15
188.28
250.41
287.11
210.22
159.53
151.95
237.06
268.00
277.37
281.44
281.00
217.06
201.31
199.05
182.58
181.25
182.28
180.23
198.97
15.92
1.09
31.32
18.32
202.42
257.00
306.26
311.00
266.45
225.34
220.01
259.45
231.75
270.99
291.34
273.59
251.96
224.71
180.48
181.53
181.66
181.60
206.28
209.62
109.80
119.71
149.14
199.65
228.96
270.44
316.44
297.84
216.42
192.03
190.15
278.10
280.08
281.25
281.24
281.23
268.69
79.91
79.53
82.79
80.75
96.49
260.92
227.37
117.20
82.30
132.56
197.96
221.91
241.02
285.78
300.68
301.83
283.92
247.89
248.18
199.24
206.04
251.86
249.03
136.11
151.63
158.64
160.33
161.63
160.82
161.10
160.05
112.38
121.13
120.51
256.22
299.85
375.62
367.64
298.82
206.02
144.35
124.95
112.81
10.50
20.42
124.48
235.59
271.12
248.06
249.64
254.90
372.81
382.13
381.85
381.77
216.23
181.85
182.46
312.63
359.43
276.32
263.85
254.04
178.98
142.63
158.16
211.86
228.11
278.17
306.60
301.70
300.87
301.16
301.05
301.57
301.56
300.92
302.24
299.63
182.42
172.29
172.14
277.66
302.16
301.81
242.32
172.29
154.90
154.18
103.47
112.85
113.41
232.43
301.67
301.02
300.91
301.92
301.43
301.14
284.00
241.25
217.61
200.10
177.48
181.15
181.04
262.78
300.34
301.03
300.95
300.14
222.17
159.49
135.90
135.67
50.17
38.84
113.79
222.50
299.81
300.75
301.07
301.17
301.17
301.23
300.41
300.19
211.29
181.33
181.77
104.13
100.99
144.34
230.07
160.32
122.30
109.35
118.43
146.22
132.07
241.38
300.08
303.10
301.69
300.28
301.41
301.10
299.71
302.61
300.08
300.06
214.75
180.79
182.10
262.94
300.33
300.57
318.62
315.98
243.83
210.25
210.55
267.22
227.02
265.55
317.76
320.58
321.89
320.64
320.77
320.47
320.41
299.82
301.16
233.76
170.58
151.59
174.54
279.82
313.98
321.50
322.02
320.52
247.71
181.45
180.90
171.78
68.02
84.99
237.72
318.11
320.45
318.88
312.39
300.38
300.41
300.44
297.00
272.20
100.00
71.37
92.82
231.66
297.01
297.74
296.67
291.28
257.42
211.04
195.34
150.32
49.31
60.21
138.85
271.74
317.67
319.90
319.92
320.60
319.30
321.00
321.14
266.38
184.72
180.91
181.02
292.03
320.07
297.06
262.79
217.87
150.17
128.50
110.38
110.47
35.88
56.70
155.40
247.27
249.93
206.77
200.60
267.80
271.02
270.14
270.62
269.91
187.83
67.72
93.95
221.48
299.72
301.44
236.54
216.43
210.16
129.91
130.43
130.69
30.03
66.77
226.46
290.43
290.40
291.13
291.10
291.71
290.72
291.89
290.61
290.35
185.61
171.71
175.51
283.28
290.57
291.02
0.00
0.00
0.00
0.00
0.00
0.00
0.00
0.00
0.00
0.00
0.00
0.00
0.00
0.00
0.00
0.00
0.00
0.00
0.00
0.00
0.00
0.00
0.00
0.00