0.65
0.09
0.12
0.12
0.12
1.84
0.12
1.76
1.53
0.48
1.26
2.20
2.46
3.56
1.97
0.42
0.09
1.39
3.96
4.01
0.57
0.67
0.12
0.12
0.12
0.12
0.84
0.12
0.73
1.43
0.12
1.90
1.12
1.79
2.09
0.95
0.09
0.87
0.55
0.37
0.15
1.15
2.43
0.65
0.12
1.43
1.13
0.15
0.75
0.12
0.70
1.23
1.11
1.05
0.25
1.11
0.63
2.47
1.46
1.47
1.30
1.79
0.86
1.64
0.93
1.43
1.51
2.77
0.66
0.97
0.12
1.28
0.15
1.03
0.43
1.44
1.79
2.38
0.46
2.36
2.97
2.21
3.08
2.33
2.14
3.12
2.07
2.67
1.34
1.17
2.96
1.87
1.96
1.68
0.32
0.12
1.09
0.90
0.09
1.42
1.05
2.79
1.55
1.65
3.60
3.13
3.88
3.70
1.94
3.20
2.82
2.32
1.79
1.69
4.62
2.89
2.43
2.49
1.04
0.24
0.33
0.43
0.09
0.12
1.20
3.94
1.22
2.18
3.32
2.86
2.33
2.41
1.69
2.58
1.88
2.59
2.29
1.06
3.50
3.47
1.33
1.80
0.27
2.08
0.12
2.24
0.31
0.73
1.67
2.30
3.65
1.08
3.58
3.33
2.95
1.35
1.22
3.58
2.00
2.28
2.54
1.47
3.96
2.05
1.66
1.27
0.16
0.09
1.47
1.57
0.09
1.10
0.72
4.69
0.33
3.16
3.35
3.06
3.76
1.94
0.60
4.09
2.39
15.03
3.97
0.12
5.34
0.36
1.39
1.03
0.80
0.12
0.12
0.75
1.24
1.01
1.84
3.20
0.09
2.36
2.99
4.27
3.79
2.17
0.78
1.32
0.42
0.72
0.06
0.09
1.68
1.18
0.12
0.92
0.09
0.79
0.09
0.09
2.10
0.55
0.09
0.69
0.17
0.71
0.97
1.13
1.20
0.23
1.50
1.07
0.52
0.35
0.50
0.64
1.05
1.10
0.79
1.45
1.52
0.84
1.38
1.50
1.13
1.24
0.60
64.17
79.85
80.59
81.49
11.92
1.22
1.77
0.98
1.73
0.35
0.06
1.11
4.52
55.19
54.26
9.71
0.79
0.33
0.14
0.72
0.97
0.09
0.41
0.91
0.72
0.09
0.27
1.30
0.59
0.03
0.57
1.70
0.03
0.00
0.03
0.09
2.78
0.09
2.10
0.86
0.09
0.09
0.06
0.59
0.09
0.68
0.75
0.97
0.09
1.06
0.71
1.11
1.33
1.30
0.82
0.92
0.03
1.19
0.63
0.40
1.14
72.30
87.62
7.56
8.04
0.94
0.44
95.37
100.21
54.67
4.20
0.41
0.17
0.57
0.29
3.30
2.30
0.03
1.41
1.34
0.76
1.70
1.20
0.48
1.28
59.01
101.11
6.50
1.27
1.87
0.60
0.53
53.51
60.51
17.55
57.04
6.19
0.12
1.86
1.29
1.19
3.54
4.13
1.59
4.28
2.20
1.88
0.93
0.19
3.93
2.86
0.09
1.32
0.09
1.95
1.55
0.36
40.04
2.09
0.52
1.97
0.12
2.67
3.74
2.60
3.28
3.32
1.60
0.85
0.78
1.24
0.70
1.62
3.20
2.51
2.06
3.10
1.09
2.24
0.09
50.32
6.69
2.44
1.41
2.42
1.18
1.51
1.24
2.31
1.27
1.29
1.97
1.89
1.01
1.71
2.55
2.09
2.27
3.11
1.99
2.55
1.02
0.52
0.43
2.16
2.02
1.20
1.67
46.08
17.31
0.09
3.88
3.46
3.32
2.66
2.36
3.07
1.76
1.22
1.54
0.84
37.77
42.20
7.20
2.52
0.15
0.64
115.19
88.74
4.84
1.40
1.50
112.77
115.07
10.90
3.21
3.14
3.12
2.72
2.16
1.85
3.44
1.90
1.25
3.85
139.46
151.56
88.18
4.97
0.85
88.49
68.39
5.08
0.60
0.11
2.32
122.46
104.28
85.73
102.07
101.94
101.41
84.57
9.79
3.26
3.80
2.23
1.08
0.43
73.47
61.48
31.62
0.09
0.56
79.30
11.44
2.78
0.99
0.86
1.98
3.28
1.12
1.76
2.34
94.63
101.99
14.78
6.83
88.43
15.51
2.26
1.54
37.27
9.69
3.83
1.36
0.09
0.73
0.52
1.63
1.09
1.46
1.34
1.91
4.80
0.33
4.64
6.07
2.25
3.20
2.86
0.12
2.18
1.69
1.45
0.89
3.39
3.30
1.35
0.72
0.09
2.37
0.12
95.34
120.48
147.14
151.42
151.79
145.51
12.72
2.78
3.93
2.66
3.61
2.82
1.31
1.24
5.58
80.92
101.59
101.34
122.38
123.56
120.93
119.90
10.44
0.15
0.27
0.15
0.67
1.16
2.17
0.73
0.13
2.72
1.55
2.23
0.23
1.18
0.69
1.17
1.03
1.92
0.22
2.07
59.16
95.62
31.31
0.81
1.61
0.12
0.39
0.12
0.93
1.07
0.24
1.71
1.16
0.51
0.09
7.03
1.96
0.49
0.83
0.50
0.30
0.42
1.13
2.23
1.40
3.04
1.16
1.43
0.10
0.27
0.33
0.57
1.20
0.58
1.60
1.56
2.11
1.71
4.51
2.53
2.37
1.33
1.94
4.00
2.86
1.29
0.26
0.06
1.56
0.98
0.60
2.46
1.16
1.84
0.96
1.27
0.54
0.15
0.57
2.16
0.12
1.88
0.09
0.80
1.32
3.06
2.24
1.82
2.84
1.63
0.71
0.06
4.51
1.96
1.56
2.57
0.09
0.97
1.99
0.69
0.46
1.10
0.98
2.59
0.34
2.10
4.49
2.75
0.21
0.03
77.36
78.78
60.17
61.16
61.43
60.92
91.67
57.49
7.58
1.05
1.62
0.37
0.56
1.78
0.64
0.84
0.45
73.34
100.75
100.28
101.15
18.78
1.65
46.45
8.70
35.35
99.90
103.27
13.13
0.14
94.42
102.87
23.61
1.53
0.27
0.12
1.26
91.48
8.35
11.59
27.21
136.13
13.64
35.86
158.42
53.82
99.24
100.69
100.54
101.16
42.40
94.99
114.99
141.01
106.87
101.59
101.09
99.92
183.46
192.03
43.98
39.90
3.74
0.20
0.57
29.67
16.40
31.28
15.23
0.03
1.31
2.15
1.30
1.21
1.37
1.21
39.03
56.19
77.86
79.22
79.13
79.68
136.53
152.37
123.43
114.70
52.49
48.56
53.29
134.51
219.96
147.74
127.43
107.65
119.86
124.67
122.87
124.67
122.97
122.54
128.29
161.60
195.36
202.21
200.27
167.09
162.71
160.12
107.12
100.77
55.91
50.25
94.65
148.05
130.37
102.27
102.88
102.21
102.69
154.63
105.79
101.53
158.62
161.99
115.69
102.07
159.03
201.73
201.22
165.00
161.41
159.64
276.96
285.44
232.14
208.33
206.62
229.83
278.94
281.70
281.27
280.67
279.67
168.02
263.90
280.83
280.76
279.79
280.70
278.21
165.28
150.36
109.85
252.16
279.67
280.37
261.10
182.34
119.08
100.85
101.72
165.65
200.44
246.05
301.61
301.27
301.25
300.59
300.46
301.42
301.33
300.31
300.69
297.93
242.58
240.49
240.77
295.77
206.04
132.75
7.22
0.50
0.43
0.54
0.28
1.45
0.09
1.56
3.87
3.07
2.80
1.58
1.49
2.35
3.28
2.09
0.77
1.91
3.53
2.71
0.09
0.12
0.71
0.46
0.09
1.20
0.09
1.19
0.09
0.68
0.38
2.31
1.69
1.69
2.95
2.11
1.84
2.04
0.03
0.98
0.06
1.95
3.05
3.14
0.79
2.35
0.09
1.30
0.22
1.16
0.37
1.33
0.94
0.18
0.19
0.12
0.09
0.06
0.06
0.03
0.06
0.03
0.03
0.06
0.06
0.12
0.09
0.92
1.11
0.66
0.40
0.12
0.15
0.42
0.53
0.18
0.69
0.18
0.81
0.12
0.27
0.35
0.77
0.67
0.06
0.06
0.66
1.25
1.22
0.85
2.25
1.13
0.54
0.23
0.12
0.46
1.67
0.77
0.79
0.18
0.55
1.03
0.15
1.08
1.30
1.57
9.35
0.06
0.95
0.16
0.06
1.27
1.00
0.85
1.34
0.12
0.12
1.28
0.12
0.42
1.17
0.12
0.15
0.15
0.12
0.15
0.15
0.09
0.06
0.09
0.06
0.06
0.06
0.03
0.09
0.06
0.09
0.09
0.09
0.09
0.09
0.09
0.12
0.09
0.12
0.15
0.12
0.12
0.83
0.92
1.89
1.69
3.04
2.30
3.54
3.63
2.87
3.59
2.69
2.92
1.92
1.98
3.86
3.28
2.60
3.52
2.29
1.14
2.21
0.15
0.15
1.82
1.15
3.26
1.63
3.84
5.09
3.55
3.62
9.18
8.15
3.09
2.24
3.51
0.68
0.09
5.17
3.95
1.99
2.26
1.41
2.30
1.28
1.04
0.12
1.21
1.32
1.78
0.12
4.80
5.06
2.52
3.27
3.31
2.28
2.88
2.77
0.84
0.72
0.12
3.63
3.85
0.88
0.63
2.06
2.04
2.64
4.04
2.21
3.28
3.15
3.14
0.15
3.78
2.66
3.20
2.83
2.98
3.78
4.36
2.05
2.53
3.40
0.74
3.30
4.74
2.00
0.80
1.02
0.16
0.15
0.65
0.16
0.32
22.52
1.19
0.50
0.98
0.92
2.21
2.47
2.55
0.90
1.82
2.67
0.29
0.79
0.60
0.88
0.74
0.99
1.93
0.15
2.68
0.18
0.18
1.05
1.12
0.21
0.18
0.43
1.05
1.42
0.06
0.03
0.61
0.03
3.18
4.00
2.15
1.90
0.12
4.29
4.08
2.74
1.71
0.18
2.08
2.20
1.16
0.27
0.47
1.07
1.85
0.76
1.80
2.01
0.12
1.77
3.28
2.96
2.85
3.54
2.72
2.48
1.12
4.13
3.08
2.67
4.36
2.42
2.27
0.95
2.08
0.49
1.70
1.47
2.96
0.15
2.78
3.07
6.74
7.13
8.52
3.55
5.05
2.39
3.95
2.06
1.82
3.41
8.32
6.05
7.82
3.63
3.65
1.75
2.54
0.88
2.10
2.07
4.62
0.90
3.27
6.17
4.47
4.66
9.06
5.52
2.48
2.83
1.77
0.19
0.40
5.28
8.49
6.47
1.57
0.16
0.75
1.47
0.18
0.18
0.81
0.60
3.29
0.15
4.91
6.44
1.53
4.01
3.20
0.99
2.89
1.24
1.38
0.64
4.63
1.85
3.91
2.11
1.40
1.23
0.61
0.12
0.97
0.12
0.61
0.29
1.43
0.09
2.68
3.14
2.09
2.80
3.49
0.06
0.93
0.18
0.03
1.51
2.67
2.96
7.89
4.06
0.51
1.23
0.12
0.69
1.91
0.26
0.51
0.91
2.78
0.15
0.12
3.55
3.86
3.88
4.71
2.16
2.20
3.13
0.90
1.76
1.33
2.57
3.50
0.71
2.33
0.43
0.15
0.34
0.60
0.15
0.45
0.12
0.15
0.12
0.09
0.06
0.03
0.30
2.51
2.76
2.38
2.70
3.52
0.83
2.26
4.16
7.07
1.69
2.33
0.15
0.15
0.15
0.18
0.15
0.15
0.15
0.15
0.15
0.09
0.09
0.06
0.06
1.64
0.55
2.97
2.02
1.98
1.61
1.57
4.02
2.54
2.20
1.33
0.18
0.24
0.24
0.27
0.24
0.24
0.27
0.24
0.18
1.55
2.17
4.43
3.13
3.82
1.86
3.09
3.89
1.91
1.94
1.47
2.88
4.83
1.74
1.20
0.38
0.64
0.18
0.18
0.21
0.18
0.18
0.21
0.18
0.09
0.09
0.09
0.06
0.06
0.00
0.03
0.00
0.03
0.00
0.09
1.04
1.91
0.23
0.51
0.12
0.15
0.15
0.15
0.15
0.18
0.15
0.18
0.15
0.12
0.12
0.06
0.06
0.03
0.03
0.06
0.03
0.06
0.06
0.12
0.12
1.14
1.43
0.12
0.12
0.15
0.15
0.12
0.12
0.12
0.09
0.12
0.12
0.12
0.09
0.06
0.06
0.06
0.06
0.06
0.03
0.09
0.09
0.15
0.18
1.63
0.21
0.28
0.12
0.15
0.18
0.18
0.21
0.24
0.27
0.24
0.18
0.12
0.09
0.09
0.06
0.06
0.03
0.03
0.06
0.06
0.12
0.12
0.15
3.24
1.07
0.12
0.18
0.18
0.18
0.21
0.21
0.21
0.21
0.21
0.21
0.12
0.12
0.09
0.06
0.06
0.06
0.03
0.06
0.09
0.09
0.12
0.15
2.93
0.15
0.15
0.18
0.15
0.18
0.18
0.21
0.21
0.18
0.21
0.18
0.12
0.09
0.09
0.06
0.06
0.06
0.03
0.06
0.03
0.09
0.12
0.12
0.15
0.15
0.15
0.15
0.18
0.21
0.18
0.21
0.18
0.18
0.21
0.15
0.12
0.09
0.09
0.06
0.06
0.09
0.03
0.06
0.03
0.06
0.12
0.12
0.15
0.15
0.18
0.15
0.21
0.18
0.18
0.18
0.21
0.18
0.21
0.18
0.15
0.12
0.09
0.06
0.06
0.06
0.03
0.06
0.06
0.09
0.12
0.12
0.15
0.12
0.18
0.15
0.18
0.18
0.15
0.21
0.18
0.18
0.18
0.15
0.12
0.12
0.09
0.09
0.06
0.03
0.06
0.03
0.06
0.09
0.09
0.12
0.12
0.15
0.15
0.15
0.21
0.18
0.21
0.15
0.18
0.18
0.18
0.15
0.12
0.12
0.09
0.09
0.06
0.06
0.03
0.06
0.06
0.06
0.12
0.09
0.12
0.15
0.12
0.15
0.18
0.21
0.24
0.27
0.27
0.27
0.27
0.18
0.15
0.12
0.09
0.09
0.06
0.06
0.03
0.06
0.06
0.06
0.15
0.12
0.18
0.15
0.18
0.21
0.18
0.21
0.18
0.21
0.24
0.27
0.24
0.18
0.18
0.12
0.12
0.06
0.06
0.06
0.03
0.03
0.06
0.09
0.09
0.15
0.15
0.18
0.18
0.18
0.15
0.18
0.18
0.15
0.18
0.18
0.18
0.15
0.12
0.12
0.09
0.09
0.06
0.06
0.03
0.06
0.06
0.09
0.15
0.15
0.18
0.24
0.21
0.21
0.21
0.21
0.24
0.36
0.30
0.33
0.30
0.30
0.24
0.21
0.15
0.15
0.15
0.21
0.15
0.12
0.12
0.12
0.12
0.15
0.09
0.12
0.12
0.15
0.18
0.15
0.09
0.12
0.09
0.09
0.12
0.12
0.15
0.09
0.09
0.09
0.09
0.06
0.03
0.03
0.03
0.09
0.09
0.09
0.12
0.09
0.12
0.12
0.12
0.09
0.12
0.12
0.12
0.09
0.12
0.12
0.09
0.09
0.09
0.06
0.06
0.03
0.06
0.03
0.06
0.06
0.06
0.12
0.12
0.12
0.12
0.15
0.12
0.15
0.12
0.12
0.12
0.12
0.12
0.15
0.09
0.06
0.06
0.03
0.06
0.03
0.06
0.03
0.06
0.06
0.12
0.15
0.18
0.15
0.15
0.15
0.15
0.18
0.21
0.27
0.27
0.33
0.33
0.21
0.15
0.09
0.06
0.09
0.06
0.06
0.03
0.06
0.09
0.18
0.24
0.24
0.27
0.36
0.33
0.27
0.27
0.24
0.27
0.27
0.27
0.30
0.30
0.24
0.21
0.15
0.12
0.09
0.06
0.06
0.09
0.06
0.12
0.18
0.24
0.27
0.27
0.27
0.24
0.21
0.24
0.27
0.24
0.24
0.24
0.21
0.27
0.21
0.18
0.15
0.12
0.09
0.09
0.09
0.06
0.06
0.09
0.09
0.18
0.21
0.21
0.27
0.24
0.21
0.21
0.24
0.21
0.21
0.24
0.24
0.24
0.21
0.15
0.15
0.12
0.12
0.09
0.09
0.09
0.06
0.12
0.15
0.18
0.21
0.18
0.18
0.18
0.15
0.18
0.18
0.15
0.18
0.15
0.18
0.18
0.15
0.15
0.09
0.09
0.09
0.09
0.06
0.09
0.06
0.09
0.12
0.15
0.15
0.15
0.15
0.12
0.18
0.15
0.18
0.18
0.21
0.15
0.18
0.18
0.15
0.12
0.12
0.09
0.09
0.06
0.06
0.09
0.06
0.12
0.15
0.18
0.18
0.15
0.12
0.18
0.18
0.24
0.24
0.24
0.24
0.27
0.27
0.30
0.18
0.18
0.12
0.09
0.09
0.09
0.06
0.09
0.06
0.09
0.15
0.18
0.21
0.18
0.21
0.18
0.18
0.18
0.21
0.21
0.24
0.30
0.30
0.36
0.24
0.21
4.46
0.12
0.09
0.09
0.06
0.06
0.09
0.09
0.18
0.27
0.30
0.27
0.24
0.21
0.21
0.21
0.24
0.30
0.27
0.30
0.30
0.27
0.27
0.18
0.18
0.18
0.12
0.12
0.12
0.09
0.12
0.09
0.12
0.18
0.18
9.86
7.35
0.15
0.18
0.24
0.24
0.24
0.18
0.21
0.18
0.18
0.15
0.12
0.12
0.09
0.09
0.09
0.06
0.09
0.06
0.09
0.12
0.12
0.12
0.09
8.01
0.09
0.15
0.12
0.15
0.15
0.15
0.18
0.18
0.18
0.06
0.00
0.09
0.12
0.09
0.06
0.09
0.06
0.06
0.09
0.09
0.12
0.12
0.15
0.15
0.15
0.18
0.15
0.12
0.15
0.15
0.15
0.15
0.15
0.12
0.12
0.09
0.09
0.06
0.06
0.06
0.09
0.06
0.09
0.12
0.12
0.12
0.12
0.15
0.15
0.15
0.15
0.18
0.15
0.15
0.12
0.18
0.15
0.12
0.12
0.06
0.06
0.06
0.06
0.06
0.06
0.09
0.06
0.12
0.09
0.12
0.92
0.18
0.21
0.21
0.15
0.21
0.15
0.18
0.15
0.18
0.21
0.15
0.12
0.09
0.09
0.09
0.06
0.06
0.06
0.06
0.09
0.12
0.12
0.12
0.09
0.12
0.15
0.18
0.15
0.24
0.21
0.18
0.18
0.21
0.18
0.18
0.12
0.12
0.09
0.06
0.06
0.06
0.06
0.06
0.06
0.09
0.15
0.15
6.26
0.12
0.15
0.18
0.18
0.21
0.21
0.18
0.21
0.18
0.21
0.15
0.12
0.09
0.09
0.06
0.06
0.06
0.06
0.06
0.09
0.12
0.15
0.15
7.60
0.15
0.15
0.21
0.21
0.21
0.21
0.21
0.24
0.27
0.21
0.18
0.15
0.09
0.12
1.57
0.09
0.06
0.09
0.09
0.12
0.15
0.21
0.24
3.11
0.21
0.21
0.24
0.30
0.36
0.36
0.39
0.42
0.45
0.42
0.33
0.27
0.24
0.21
0.12
0.12
0.09
0.12
0.15
0.15
0.18
0.27
0.30
0.33
0.30
0.33
0.33
0.27
0.18
0.21
0.15
0.18
0.18
0.18
0.15
0.12
0.12
0.09
0.09
0.06
0.06
0.03
0.06
0.06
0.06
0.12
0.09
0.12
0.15
0.12
0.15
0.18
0.18
0.21
0.15
0.18
0.18
0.18
0.15
0.12
0.12
0.09
0.09
0.06
0.06
0.03
0.06
0.06
0.06
0.12
0.09
0.12
0.15
0.12
0.15
0.18
0.36
0.36
0.39
0.36
0.42
0.33
0.30
0.27
0.27
0.21
0.15
0.12
0.18
0.12
0.12
0.18
0.21
0.33
0.36
0.36
2.07
0.27
0.24
0.24
0.30
0.30
0.30
0.30
0.33
0.30
0.21
0.15
0.15
0.12
3.00
8.11
8.66
7.99
0.06
0.12
0.15
0.15
0.18
9.08
7.83
0.21
0.24
0.30
0.24
0.27
0.27
0.30
0.27
0.30
0.24
0.21
0.15
0.12
0.15
0.09
0.70
0.55
1.51
0.12
0.15
0.21
0.24
12.23
7.94
0.30
0.27
0.30
0.27
2.05
3.42
1.23
0.30
0.30
1.02
0.21
0.21
0.52
0.15
1.95
1.85
0.09
0.12
0.15
0.18
0.24
3.90
8.90
2.38
0.24
0.27
0.30
0.36
0.36
0.33
0.36
0.39
0.33
0.30
0.21
0.18
0.18
0.15
0.15
0.12
0.15
0.15
0.18
0.21
0.27
0.30
8.59
4.93
5.23
0.27
0.36
0.36
0.39
0.39
0.39
0.45
0.48
0.36
0.27
0.21
0.18
0.15
0.15
0.12
0.12
0.15
0.15
0.15
0.27
0.27
0.27
0.24
0.24
0.27
0.33
0.30
0.33
0.33
0.33
0.36
0.36
0.33
0.24
0.21
0.18
0.15
0.15
0.12
0.12
0.12
0.15
0.21
0.24
0.27
0.24
0.24
0.18
0.21
0.24
0.21
0.27
0.24
0.27
0.27
0.30
0.24
0.21
0.18
0.18
0.15
0.15
0.12
0.09
0.12
0.12
0.15
0.18
0.21
0.24
0.21
0.21
0.21
0.21
0.27
0.24
0.27
0.27
0.27
0.27
0.21
0.18
0.15
1.64
2.94
3.30
2.44
4.28
0.28
0.09
0.15
3.53
0.24
0.84
1.27
1.03
0.27
0.27
0.27
0.27
0.27
0.27
0.24
0.30
0.24
0.21
3.19
0.15
0.13
0.53
0.58
2.82
2.53
2.78
0.89
1.65
4.39
2.66
5.05
1.83
1.40
0.27
0.30
0.27
0.27
0.30
0.30
0.33
0.24
0.21
0.15
0.15
0.12
0.09
0.06
1.84
2.58
3.87
3.03
1.29
3.39
5.23
2.95
3.13
2.63
0.27
0.27
0.27
0.27
1.81
2.16
3.62
0.80
3.78
4.08
1.86
2.76
2.13
1.80
2.72
3.63
4.31
5.60
4.27
5.30
6.01
6.08
5.96
6.28
4.39
20.78
29.52
1.70
0.33
2.52
1.69
0.00
0.11
4.52
2.29
0.89
6.07
1.11
0.14
0.78
1.70
0.49
2.99
7.47
8.32
8.14
5.85
2.05
1.92
0.33
0.42
1.06
1.35
1.75
3.40
0.36
3.10
4.17
4.11
4.83
0.12
5.48
4.27
1.69
2.43
2.73
6.35
6.42
0.33
1.02
2.35
0.45
0.39
0.60
0.48
0.51
0.51
0.60
0.57
0.42
0.30
0.24
0.18
0.18
0.15
0.18
0.18
0.36
0.36
0.42
0.39
5.08
2.47
2.49
3.11
1.03
0.54
0.45
0.42
0.45
0.57
0.57
0.42
0.68
0.00
3.13
6.04
0.33
5.36
1.74
1.49
2.51
3.21
0.56
0.48
3.37
2.87
2.30
1.54
2.67
1.10
0.60
0.57
0.54
0.60
0.66
0.60
0.54
0.42
2.73
0.60
0.28
0.37
0.21
4.34
2.71
1.80
3.10
1.91
7.86
9.01
2.93
3.58
3.37
2.57
0.51
0.48
0.51
0.54
0.54
0.54
0.54
0.48
7.46
2.74
2.85
2.97
3.20
2.37
3.21
2.70
2.13
2.23
5.32
3.98
3.44
2.71
1.67
0.51
0.48
0.48
0.51
0.51
0.54
0.54
0.48
0.30
5.57
8.30
9.64
8.56
2.57
2.86
2.07
1.07
3.22
3.45
4.57
4.38
3.33
6.14
3.27
0.45
0.51
0.48
0.51
0.45
0.48
0.42
0.42
0.33
3.44
2.02
1.42
3.15
0.52
2.55
1.44
2.13
2.57
2.45
3.41
4.07
4.97
5.22
2.38
0.51
0.48
0.48
0.48
0.51
0.51
0.54
0.45
0.36
0.30
2.43
1.93
2.44
2.17
0.94
2.01
1.92
0.82
1.34
3.87
0.42
0.99
2.57
1.60
0.48
4.61
0.59
0.48
0.51
0.51
0.51
0.03
0.00
0.00
0.00
0.85
2.52
2.25
1.09
2.11
2.18
2.76
1.79
3.45
2.13
1.75
1.78
0.42
0.45
0.45
0.54
0.51
0.54
0.54
0.54
0.48
0.42
0.33
4.32
1.30
3.38
1.23
1.14
2.69
1.32
1.49
1.29
1.92
3.72
1.89
3.35
1.40
0.48
0.54
0.51
0.48
0.51
0.54
0.54
0.48
0.36
0.33
2.66
2.17
0.24
8.09
3.36
2.27
2.80
2.81
1.26
7.15
9.31
7.90
10.60
3.63
0.42
0.45
0.48
0.48
0.51
0.51
0.48
0.42
0.39
3.72
1.99
2.23
3.98
2.40
2.60
0.71
2.70
1.02
2.66
6.29
10.29
6.84
9.97
9.08
0.48
0.48
0.51
0.54
0.57
0.54
0.57
0.54
0.42
4.12
2.66
1.69
3.46
1.13
2.57
1.73
2.44
1.76
1.00
6.92
10.08
8.98
3.52
1.43
0.39
0.39
0.42
0.36
0.30
0.36
0.33
0.33
0.33
4.29
1.68
3.02
2.17
0.49
0.83
2.12
1.60
2.49
1.03
5.80
2.33
2.23
4.06
8.35
0.09
0.24
0.27
0.27
0.27
0.27
0.27
0.21
4.15
4.24
2.82
1.80
1.20
2.43
2.67
1.02
1.07
3.11
3.84
8.23
9.15
9.54
6.32
4.11
0.18
0.24
0.18
0.12
0.12
0.15
0.18
0.15
0.12
0.12
0.18
2.53
2.32
3.87
2.23
1.60
0.99
1.42
3.42
2.24
2.39
1.14
0.99
0.99
0.12
0.12
1.51
0.81
1.60
1.40
0.15
0.12
0.09
1.42
3.05
2.54
2.69
0.39
2.79
2.76
1.15
3.28
1.40
6.25
2.70
0.97
1.69
1.82
0.32
1.38
0.43
0.29
0.87
1.95
2.38
0.12
3.88
3.42
5.22
0.04
0.06
0.03
0.42
1.11
3.17
2.60
2.99
6.43
6.84
2.47
1.95
2.56
0.35
2.04
0.15
1.48
0.15
2.16
2.91
0.12
3.02
2.11
0.06
0.09
2.39
1.20
2.25
2.52
1.75
3.95
3.19
8.10
10.78
2.89
4.28
1.51
0.22
0.12
0.15
0.15
0.15
0.15
0.15
0.12
2.95
3.34
1.45
2.87
3.09
1.96
1.15
5.41
2.01
1.42
31.54
5.73
2.36
1.91
3.51
0.09
0.12
0.12
0.12
0.76
1.23
2.18
0.12
0.09
0.06
0.06
3.78
3.00
2.58
2.21
2.01
1.88
2.67
2.28
0.30
4.68
1.53
2.73
0.09
2.15
0.09
0.12
0.12
0.09
0.09
0.12
0.09
0.03
2.61
2.72
2.95
2.84
2.06
1.81
1.74
0.82
0.94
0.15
0.06
0.06
2.93
0.06
0.06
0.06
0.03
0.06
0.06
0.06
0.09
0.06
0.06
0.03
0.06
0.03
0.03
0.44
1.64
0.31
1.88
0.03
0.91
5.54
3.94
12.36
60.06
34.99
0.15
0.12
0.09
0.09
0.09
0.09
0.12
0.09
0.12
0.12
0.12
0.09
0.09
2.60
1.63
2.33
2.12
5.29
0.09
0.12
0.12
0.12
0.73
0.12
0.63
0.15
0.15
0.15
0.12
0.12
0.12
0.12
0.12
0.15
0.30
0.18
0.15
0.06
2.32
1.11
2.13
1.13
1.04
0.06
0.06
0.06
8.80
6.75
0.06
0.12
0.09
0.15
0.12
0.16
1.13
0.12
0.12
0.15
0.30
0.18
0.15
0.06
10.07
0.03
0.06
3.50
7.83
0.06
0.06
0.65
9.21
7.82
0.62
0.12
0.09
0.12
1.32
0.56
0.09
1.40
1.84
0.74
3.24
7.79
8.44
9.81
8.89
8.16
8.40
7.78
5.76
0.09
0.09
3.14
4.84
0.09
0.12
0.12
0.09
0.15
0.12
0.12
0.92
1.58
0.12
0.12
0.09
0.09
2.00
3.42
2.00
1.02
6.08
3.70
0.41
0.40
0.33
6.90
1.73
0.12
0.15
0.15
0.12
0.15
0.15
0.15
0.15
0.15
0.15
0.09
0.12
0.06
0.09
0.06
0.03
0.06
0.06
0.06
0.06
0.12
0.12
0.15
2.33
0.15
0.12
0.15
0.15
0.15
0.18
0.39
0.47
0.99
0.75
0.60
1.15
0.60
1.53
2.31
1.51
3.81
2.57
1.12
1.44
0.54
2.02
0.15
0.15
0.12
0.15
0.18
0.15
0.15
0.15
0.12
0.15
0.12
0.15
0.12
0.09
0.12
0.06
0.09
0.06
0.09
0.06
0.06
0.06
0.12
0.09
0.12
0.12
0.09
0.12
0.15
0.15
0.15
0.12
0.15
0.12
0.15
0.12
0.12
0.12
0.09
0.09
0.06
0.09
0.06
0.06
0.09
0.09
0.09
0.12
0.12
1.16
1.95
0.12
0.15
0.15
0.15
0.12
0.15
0.12
0.15
0.12
0.12
0.09
0.09
0.06
0.03
0.06
0.06
0.06
0.06
0.06
0.12
0.12
0.12
2.00
0.75
0.15
1.82
0.12
0.15
0.12
0.12
0.12
0.15
0.09
0.12
0.09
0.06
0.06
0.06
0.06
0.03
0.03
0.03
0.06
0.09
0.09
0.09
2.18
0.12
0.12
3.57
0.12
0.15
0.12
0.12
0.12
0.12
0.12
0.12
0.09
0.09
2.05
3.37
3.33
0.06
3.92
6.12
3.31
0.06
0.09
0.09
2.29
0.12
0.15
0.15
2.41
1.32
0.12
0.12
0.12
0.12
0.09
0.12
0.06
0.09
3.19
3.01
3.83
2.26
2.66
1.73
0.64
0.09
0.12
4.26
8.37
1.56
2.43
2.55
0.18
0.15
0.18
0.15
0.15
0.15
0.12
0.09
0.09
0.06
0.06
0.06
0.06
0.06
0.06
0.06
0.12
0.12
0.15
0.12
3.02
2.10
1.05
2.28
0.18
0.15
0.18
0.15
0.21
0.18
0.15
0.12
0.09
0.42
0.06
0.03
9.96
6.38
7.84
1.61
0.09
0.12
0.12
2.12
8.06
0.09
0.12
0.12
0.15
0.15
0.15
0.15
0.15
0.18
0.15
0.09
0.09
0.09
0.03
0.06
0.03
0.06
0.03
0.60
1.93
0.09
0.12
0.12
1.17
0.15
0.15
0.15
0.18
0.15
0.18
0.21
0.18
0.18
0.15
0.12
0.12
0.09
0.06
0.06
0.03
0.06
0.06
1.56
0.09
0.12
0.12
0.09
10.34
0.09
0.09
0.12
0.09
0.12
0.12
0.12
0.09
0.12
0.12
0.09
0.09
0.09
0.06
0.06
0.06
0.09
0.09
0.09
0.09
0.15
0.12
0.12
0.18
0.21
0.24
0.21
0.18
0.15
0.12
0.12
0.12
0.15
0.12
0.12
0.09
0.09
0.06
0.06
0.06
0.03
0.03
0.06
0.09
0.12
0.09
0.12
0.09
0.09
0.12
0.09
0.12
0.12
0.12
0.09
0.12
0.09
0.12
0.09
0.09
0.06
0.03
0.06
0.06
0.03
0.06
0.06
0.15
0.21
0.12
0.15
9.19
5.27
0.97
9.88
0.09
0.09
0.09
0.12
0.12
0.12
0.12
0.09
0.09
0.12
0.12
0.03
0.03
0.00
0.06
0.18
0.24
0.06
0.03
3.11
9.66
7.79
0.53
6.03
0.06
0.09
0.06
0.09
0.12
0.27
0.18
0.12
1.09
4.76
7.16
0.03
0.03
0.06
0.09
0.06
0.06
0.15
0.09
0.15
0.48
1.49
0.06
0.09
0.09
0.12
0.12
0.12
0.12
0.12
0.12
0.09
0.06
0.06
0.09
0.06
0.03
0.06
0.03
0.03
0.03
0.06
0.06
0.09
3.28
0.09
0.06
0.09
0.06
0.09
0.09
0.12
0.12
0.09
0.12
0.06
0.06
0.03
0.06
0.09
0.03
0.03
0.03
0.03
0.03
0.06
0.09
0.09
1.52
2.18
0.06
0.06
0.09
0.12
0.09
0.12
0.09
0.12
0.12
0.15
0.09
0.09
0.06
0.06
0.03
0.03
0.03
0.00
0.03
0.03
0.03
0.06
0.06
0.09
0.09
0.12
0.09
0.12
0.12
0.12
0.09
0.12
0.09
0.09
1.96
0.03
0.06
0.03
0.03
0.03
0.03
0.03
0.06
0.03
0.06
0.06
0.09
0.12
0.12
0.12
0.12
0.18
0.15
0.15
0.15
0.57
2.56
0.12
0.06
0.09
0.03
0.03
0.03
0.03
0.03
0.03
0.03
0.06
0.12
0.09
0.12
0.09
0.12
0.12
0.12
0.12
0.09
0.12
0.09
0.12
0.09
0.09
0.09
0.03
0.06
0.03
0.03
0.03
0.03
0.00
0.03
0.06
0.06
0.12
0.09
0.12
0.09
0.12
0.12
0.15
0.12
0.15
0.12
0.15
0.09
0.09
0.06
0.06
0.06
0.03
0.03
0.03
0.03
0.00
0.03
0.09
0.12
0.12
0.12
0.12
0.12
0.09
0.12
0.15
0.12
0.15
0.12
0.15
0.09
0.09
0.06
0.06
0.06
0.03
0.03
0.03
0.03
0.00
0.03
0.09
0.12
0.12
0.12
0.12
0.12
0.09
0.12
0.15
0.12
0.15
0.12
0.15
0.09
0.09
0.06
0.06
0.06
0.03
0.03
0.03
0.03
0.00
0.03
0.09
0.12
0.12
0.12
0.12
0.12
0.09
0.12
0.09
0.09
0.12
0.12
0.09
0.12
0.06
0.06
0.03
0.06
0.09
0.03
0.03
0.03
0.03
0.03
0.06
0.09
0.09
0.06
0.09
0.06
0.06
0.09
0.00
0.00
0.00
0.00
0.00
0.00
0.00
0.00
3.64
0.00
2.38
0.79
0.20
2.27
1.44
1.31
0.59
0.48
0.00
0.00
0.00
0.00
0.00
0.00
0.00
0.00
0.00
0.00
0.00
0.00
0.00
0.00
0.00
5.23
7.55
9.54
9.76
8.19
9.16
9.30
7.69
1.74
5.23
9.48
9.36
8.42
6.49
0.00
0.09
0.44
0.12
0.12
0.09
0.12
0.06
0.06
4.37
7.13
7.55
0.03
0.03
0.03
0.03
0.03
0.06
0.09
18.91
0.14
0.62
0.21
0.06
0.09
0.09
0.09
0.12
0.12
0.09
0.12
0.06
0.06
1.20
7.50
8.79
5.18
0.03
0.03
0.03
0.03
0.06
0.09
0.09
9.15
3.41
0.06
0.06
0.09
0.09
0.09
0.12
0.12
0.09
0.12
0.06
0.06
2.17
0.06
0.09
0.03
0.03
7.98
9.55
7.87
7.39
0.09
0.25
1.10
0.49
1.79
7.79
0.09
0.06
0.09
0.09
0.09
0.09
0.09
0.09
0.06
0.03
0.03
0.03
1.53
0.99
1.41
3.59
1.36
0.06
0.06
13.76
19.11
6.39
0.12
0.09
0.12
0.12
1.60
1.13
0.55
1.43
0.09
0.09
0.06
0.06
0.03
0.03
0.03
0.03
0.03
0.03
0.03
0.03
0.06
4.32
3.74
2.49
0.09
0.35
0.12
2.17
0.09
0.09
0.12
0.09
0.09
0.06
0.06
2.15
0.03
0.03
0.03
0.03
0.00
0.03
0.03
0.03
0.09
0.09
0.09
0.09
0.09
0.12
0.12
0.12
0.09
0.12
0.12
0.09
0.09
0.09
0.06
0.03
0.03
0.03
0.06
0.03
0.14
0.00
0.03
0.03
0.06
0.06
0.09
0.12
0.09
0.12
0.15
0.12
0.12
0.12
0.12
0.09
0.09
0.09
0.09
0.06
0.06
0.03
0.03
0.06
0.03
0.03
0.06
0.06
0.09
0.09
0.12
0.12
0.12
0.12
0.12
0.12
0.12
0.12
0.12
0.12
0.09
0.09
0.09
0.06
0.03
0.06
0.03
0.03
0.03
0.03
0.03
0.06
0.06
0.06
0.06
0.09
0.06
0.06
0.06
0.09
0.09
1.30
0.09
0.09
0.06
0.06
0.03
0.03
0.03
0.03
0.03
0.03
0.03
0.03
0.06
0.06
0.12
0.09
0.09
0.12
0.12
0.12
0.12
0.12
0.12
0.12
0.12
0.12
0.12
0.12
0.06
0.06
0.06
0.03
0.06
0.03
0.03
0.03
0.03
0.06
0.09
0.09
0.12
0.48
0.12
2.08
0.15
0.09
0.15
0.12
0.12
0.12
0.12
0.09
0.09
0.06
0.06
0.06
0.03
0.06
0.03
0.06
0.06
0.09
0.09
0.12
0.12
0.12
0.12
0.09
0.12
0.12
0.09
0.12
0.12
0.09
0.09
0.90
0.09
0.00
0.00
0.03
0.06
0.03
0.06
0.03
0.06
0.09
0.09
1.91
0.09
0.12
0.12
0.12
0.12
0.12
0.12
0.15
0.12
0.09
0.15
0.09
0.12
0.06
0.09
0.06
0.06
0.06
0.06
0.06
0.06
0.09
0.12
0.09
0.12
0.09
0.09
0.18
0.18
0.09
0.12
0.09
0.12
0.09
0.12
0.06
0.09
0.06
0.06
0.06
0.03
0.06
0.03
0.06
0.06
0.06
0.09
1.97
0.09
0.09
0.09
0.09
0.12
0.09
0.12
0.09
0.09
0.12
0.09
0.09
0.06
0.03
0.06
0.03
0.03
0.03
0.03
0.03
0.03
0.06
0.09
0.09
0.09
0.09
0.12
0.09
0.12
0.12
0.09
0.09
0.09
0.09
0.09
0.09
0.06
0.06
0.03
3.54
0.03
0.03
0.03
0.03
0.06
0.06
0.06
0.12
0.09
0.12
0.15
0.12
0.12
0.15
0.12
0.12
0.12
0.12
0.12
0.09
0.06
0.06
0.06
0.03
0.03
0.03
0.03
0.06
0.03
0.09
0.09
0.09
0.12
0.15
0.12
0.12
0.12
0.15
0.12
0.12
0.12
0.12
0.14
0.09
0.09
0.06
0.03
0.03
0.06
0.03
0.03
0.06
0.09
0.09
0.09
0.81
0.09
0.12
0.12
0.12
0.12
0.76
2.56
0.87
0.09
0.09
0.09
0.09
0.09
0.06
0.03
0.06
26.37
53.43
0.06
0.03
0.03
0.06
0.09
0.09
0.09
0.12
0.09
0.09
0.12
0.12
0.15
0.12
0.15
0.12
0.09
0.09
0.09
0.06
0.03
0.03
0.03
0.03
0.03
0.03
0.03
0.06
0.06
0.09
0.12
0.12
0.12
0.09
0.12
0.09
0.12
0.09
0.09
0.09
0.12
0.06
0.09
0.06
0.06
0.06
0.03
0.06
0.06
0.03
0.03
0.09
0.06
0.09
0.09
0.12
0.09
0.12
0.09
0.12
0.12
2.45
0.09
0.12
0.06
0.09
0.09
0.03
0.03
0.03
0.06
0.03
0.03
0.03
0.03
0.06
0.09
0.12
0.09
0.12
0.12
0.12
0.12
0.15
0.12
0.12
0.15
0.15
0.12
0.09
0.09
0.09
0.06
0.06
0.06
0.03
0.06
0.15
0.18
0.12
0.09
0.09
0.09
0.06
0.09
0.09
0.12
0.09
0.12
0.09
0.09
0.12
0.09
0.09
0.06
0.06
0.06
0.06
0.03
0.03
0.03
0.06
0.54
0.09
0.12
0.12
0.12
0.12
0.12
0.12
0.09
0.12
0.09
0.12
0.09
0.12
0.12
0.09
0.06
0.06
0.06
0.03
0.06
0.03
0.03
0.06
0.06
0.06
0.09
0.09
0.12
0.12
0.15
0.12
0.15
0.12
0.12
0.12
0.12
0.12
0.12
0.09
0.06
0.06
0.03
0.03
0.03
0.03
0.03
0.03
0.03
0.06
0.09
0.12
0.12
0.09
0.12
0.09
0.12
0.15
0.12
0.12
0.15
0.15
0.12
0.09
0.09
0.09
0.06
0.06
0.03
0.06
0.03
0.06
0.03
0.06
0.09
0.12
0.12
0.09
0.12
0.12
0.12
0.15
0.12
0.12
0.12
0.09
0.09
0.12
0.09
0.09
0.06
0.06
0.06
0.03
0.03
0.06
0.06
0.06
0.09
0.09
0.09
0.12
0.12
0.12
0.12
0.09
0.12
0.12
0.09
0.12
0.09
0.09
0.03
0.06
6.61
0.03
0.06
0.03
0.03
0.03
0.09
0.06
0.09
0.09
0.12
0.12
0.12
0.09
0.12
0.12
0.12
0.12
0.12
0.12
0.20
0.12
0.09
0.06
0.06
0.06
0.06
0.06
0.03
0.06
0.03
0.09
0.09
0.13
0.12
0.12
0.12
0.12
0.12
0.15
0.12
0.15
0.12
0.15
0.12
0.09
0.06
0.06
0.06
0.06
0.03
0.03
0.03
0.03
0.03
0.06
0.06
0.09
0.09
0.12
0.09
0.09
0.09
0.12
0.12
0.09
0.12
0.09
0.09
0.09
0.06
0.06
0.06
0.06
0.03
0.06
0.03
0.06
0.06
0.09
0.09
0.09
0.12
0.09
0.12
0.09
0.12
0.12
0.12
0.09
0.09
0.12
0.12
0.09
0.06
0.59
0.06
0.06
0.06
0.03
0.06
0.06
0.06
0.15
0.15
0.09
0.12
0.12
0.09
0.15
0.18
0.12
0.12
0.12
0.12
0.12
0.15
0.09
0.09
0.06
0.12
0.06
0.03
0.06
0.09
0.09
0.06
0.06
0.09
0.09
0.09
0.09
0.12
0.12
0.09
0.12
0.09
0.09
0.09
0.09
0.12
0.06
0.06
0.06
0.03
0.03
0.03
0.03
0.03
0.03
0.03
0.03
0.06
0.09
0.12
0.09
0.12
0.12
0.12
0.12
0.09
0.12
0.12
0.09
0.12
0.09
0.06
0.06
0.03
3.51
2.82
0.03
0.03
0.03
0.03
0.03
0.06
0.25
0.06
0.09
0.12
0.06
0.09
0.09
0.09
0.09
0.12
0.12
0.09
0.09
0.09
0.06
0.06
0.06
0.06
0.03
0.03
0.03
0.03
0.06
0.06
0.09
0.09
0.09
0.09
0.06
0.09
0.09
0.12
0.12
0.09
0.12
0.12
0.09
0.09
0.06
0.03
0.06
0.03
0.03
0.03
0.03
0.03
0.06
0.09
0.12
0.09
0.09
0.09
0.12
0.12
0.15
0.12
0.12
0.12
0.15
0.12
0.09
0.09
0.06
0.06
0.03
0.03
0.03
0.03
0.03
0.03
0.06
0.06
0.73
0.09
0.09
0.12
0.12
0.12
0.12
0.12
0.12
0.12
0.12
0.12
0.09
0.06
0.06
0.06
0.06
0.03
0.03
0.03
0.03
0.06
0.06
0.09
0.33
0.12
0.12
0.12
0.12
0.12
0.15
0.12
0.12
0.12
0.12
0.12
0.09
0.06
0.06
0.06
0.06
0.03
0.03
0.03
0.03
0.03
0.06
0.09
2.04
0.09
0.12
0.12
0.09
0.12
0.12
0.12
0.09
0.12
0.09
0.12
0.09
0.06
0.09
0.03
0.06
0.06
0.03
0.03
0.03
0.03
0.06
0.06
0.09
0.09
0.09
0.09
0.09
0.12
0.12
0.09
0.12
0.12
0.09
0.12
0.09
0.06
0.06
0.06
0.06
0.03
0.00
0.03
0.03
0.03
0.09
0.06
1.04
0.09
0.09
0.09
0.09
0.09
0.09
0.09
0.09
0.12
0.09
0.09
0.09
0.06
0.03
0.03
1.40
2.94
1.58
2.00
0.27
0.03
0.03
0.06
2.49
0.06
0.09
0.09
0.12
0.12
0.12
0.12
0.12
0.12
0.12
0.09
0.12
0.06
0.06
0.61
0.03
0.06
0.03
0.03
1.82
0.03
0.06
0.69
1.16
0.12
0.89
0.09
0.12
0.15
0.12
0.41
0.12
0.12
0.09
0.12
0.06
0.09
0.03
0.06
0.03
0.03
0.03
0.03
0.23
0.06
0.09
0.06
0.09
0.09
0.09
0.12
0.09
0.12
0.12
0.12
0.12
0.09
0.12
0.12
0.09
0.06
0.06
0.05
0.06
0.03
0.03
0.03
0.03
0.06
0.09
0.09
0.41
0.09
0.12
0.09
0.12
0.15
0.12
0.12
0.12
0.12
0.12
0.12
0.09
0.06
0.42
0.06
0.03
0.06
0.03
0.03
0.03
0.06
0.06
0.09
0.09
0.09
0.09
0.12
0.12
0.09
0.12
0.12
0.12
0.12
0.15
0.09
0.12
0.09
0.06
0.06
0.03
0.03
0.06
0.03
0.03
0.03
0.06
0.31
2.64
0.12
0.12
0.12
0.12
0.12
0.12
0.12
0.12
0.12
0.12
0.12
0.09
0.06
0.06
1.10
0.03
1.63
0.03
0.06
0.21
0.24
0.15
0.12
0.09
0.06
0.09
0.09
0.09
0.12
0.12
0.12
0.12
0.12
0.12
0.12
0.09
0.23
0.06
0.06
0.03
0.03
0.03
0.06
0.00
0.06
0.06
0.09
0.09
0.09
0.12
0.12
0.12
0.12
0.15
0.12
0.12
0.12
0.12
0.09
0.09
0.09
0.06
0.09
0.06
0.03
0.03
0.03
0.03
0.03
0.06
0.09
0.09
0.09
0.09
0.06
0.09
0.12
0.09
0.12
0.09
0.12
0.12
0.17
0.12
0.09
0.06
0.03
0.03
0.03
0.00
16.37
0.00
0.06
0.06
0.09
0.66
0.24
0.30
0.33
0.21
0.06
0.06
0.09
1.83
0.06
0.09
0.50
0.06
0.06
0.03
0.03
0.03
0.03
0.44
0.00
0.19
0.03
0.03
0.06
0.22
0.09
0.09
0.09
0.09
0.09
0.19
0.00
0.00
0.00
0.00
0.00
0.00
0.07
0.24
0.00
0.00
0.00
0.00
0.00
0.00
0.00
0.00
0.00
0.00
0.06
0.00
0.00
0.00
0.00
0.09
0.12
0.12
0.12
0.12
0.09
0.09
0.06
0.03
0.03
0.03
0.03
0.00
0.47
0.00
0.03
0.06
0.03
0.22
0.06
0.06
0.06
0.09
0.12
0.12
0.12
0.09
0.09
0.09
0.83
0.09
0.06
2.53
6.03
0.84
0.03
0.00
0.03
0.03
0.03
0.03
0.09
0.06
0.12
0.09
0.12
0.12
0.12
0.22
0.09
0.12
0.09
0.12
0.10
0.09
0.09
1.99
0.06
0.06
0.03
0.03
0.06
0.03
0.03
0.09
0.09
3.37
0.12
0.12
0.15
0.15
0.12
0.15
0.12
0.15
0.12
0.15
0.69
0.12
0.12
0.27
0.09
0.06
0.09
0.06
0.06
0.09
0.09
0.09
0.12
0.83
0.09
0.15
0.12
0.15
0.15
0.15
0.12
0.15
0.12
0.15
0.12
0.12
1.54
0.09
0.09
0.06
0.09
0.06
0.06
0.09
0.09
0.09
0.12
0.51
0.09
0.15
0.12
0.15
0.15
0.12
0.12
0.12
0.12
0.09
0.12
0.12
0.06
0.09
0.06
0.06
0.06
0.03
0.03
0.06
0.06
0.09
0.09
0.24
0.15
0.09
0.09
0.06
0.06
0.09
0.06
0.09
0.06
0.06
0.09
0.06
0.06
0.03
0.03
0.03
0.00
0.03
0.03
0.00
0.03
0.03
0.03
0.03
0.06
0.09
0.09
0.06
0.09
0.09
0.12
0.09
0.12
0.09
0.09
0.06
0.03
0.09
0.00
1.00
0.00
0.03
0.00
0.03
0.00
0.03
0.06
0.06
0.09
0.06
0.12
0.09
0.09
0.09
0.09
0.12
0.06
0.09
0.09
0.06
0.06
40.82
76.36
107.89
121.37
121.30
126.11
155.55
149.78
119.75
120.60
142.15
200.88
188.14
132.96
31.92
0.12
0.12
0.12
0.09
0.12
0.09
0.12
0.09
0.09
49.09
102.53
135.73
152.13
149.71
52.92
101.29
101.09
99.84
55.99
33.49
100.69
60.03
0.09
0.12
0.09
0.09
0.09
0.12
0.41
0.09
0.09
0.06
0.06
0.03
0.06
0.03
0.03
0.48
0.03
0.03
0.00
0.06
0.06
0.06
0.09
0.06
0.09
0.13
0.09
0.09
0.09
0.09
0.09
0.09
0.09
0.06
0.06
0.03
0.03
0.03
0.03
0.03
0.00
0.03
8.90
0.09
0.09
0.12
0.09
0.12
0.12
0.09
0.12
0.12
0.12
0.12
0.12
0.12
0.09
0.09
0.09
0.06
0.06
0.06
0.06
0.03
0.03
0.03
0.03
0.03
0.06
0.09
0.09
0.09
0.09
0.12
0.09
0.32
0.12
0.09
0.12
0.09
0.12
0.09
0.06
0.06
0.03
0.03
0.03
0.03
0.03
0.03
0.03
0.03
0.09
0.09
0.12
0.09
0.12
0.12
0.09
0.12
0.12
0.12
0.12
0.12
0.09
0.09
0.06
0.06
0.03
0.03
0.03
0.03
0.03
0.03
0.03
0.03
0.09
0.06
0.09
0.09
0.12
0.09
0.12
0.12
0.09
0.12
0.09
0.12
0.09
0.09
0.09
0.06
0.03
94.73
29.13
0.03
0.03
0.03
0.00
0.06
0.06
0.09
0.06
0.06
0.09
0.09
0.09
0.15
0.43
0.77
1.27
0.80
3.67
0.12
2.74
1.73
0.09
0.06
0.09
0.06
0.06
0.09
0.09
0.09
0.12
0.12
0.09
0.15
0.12
0.15
0.15
0.12
0.12
0.09
0.12
0.12
0.09
0.12
1.74
0.06
0.06
0.03
0.03
0.03
0.03
0.03
0.03
0.06
0.06
0.09
0.09
0.09
0.09
0.09
0.09
0.12
0.09
0.09
0.09
0.09
0.15
0.12
0.06
0.06
0.06
0.00
1.34
0.12
0.06
0.03
0.12
0.03
0.06
0.03
0.06
0.03
0.06
0.03
0.06
0.06
0.06
0.09
0.06
0.09
0.44
0.03
0.03
0.03
0.57
0.00
0.03
0.00
0.06
0.21
0.30
0.06
0.06
0.03
0.06
0.03
0.06
0.06
0.06
0.06
0.06
0.09
0.06
0.06
0.09
0.03
2.42
2.26
0.06
0.03
0.03
0.00
0.03
0.98
1.85
0.06
0.06
0.06
0.06
0.09
0.06
0.36
0.54
0.54
0.33
0.15
0.12
0.06
0.06
0.03
0.00
0.00
0.00
0.00
0.00
0.00
0.00
0.00
0.00
0.00
0.00
0.06
0.06
0.06
0.03
0.06
0.06
0.06
0.06
0.06
0.09
0.06
0.09
0.06
0.03
0.00
0.03
0.00
0.03
0.03
0.00
0.03
0.00
0.03
0.03
0.06
0.06
0.06
0.06
0.06
0.12
0.09
0.12
0.09
0.12
0.09
0.09
0.06
0.12
0.03
0.06
0.03
0.03
0.03
0.03
0.00
0.03
0.06
0.06
0.06
0.09
0.09
0.09
0.12
0.09
0.12
0.09
0.12
0.09
0.09
0.16
0.06
0.09
0.03
0.06
0.03
0.03
0.03
0.03
0.00
0.03
0.03
0.09
0.09
0.06
0.09
0.09
0.09
0.12
0.12
0.09
0.09
0.09
0.09
0.09
0.09
0.06
0.03
0.06
0.03
0.03
0.00
0.03
0.03
0.03
0.06
0.09
0.64
0.09
0.09
0.09
0.09
0.12
0.09
0.12
0.09
0.12
0.09
0.12
0.09
0.09
0.06
0.06
0.03
0.03
0.03
0.00
0.03
0.03
0.03
0.09
0.11
0.06
0.12
0.09
0.09
0.09
0.09
0.12
0.09
0.12
0.12
0.06
0.06
0.56
0.00
0.03
0.03
0.00
0.03
0.00
0.00
0.03
0.00
0.09
10.35
40.44
39.90
4.21
0.09
0.09
0.09
0.09
0.09
0.12
0.09
0.09
0.06
0.03
0.06
0.03
0.00
0.75
0.03
0.03
0.03
0.03
0.06
0.09
0.09
0.09
0.09
0.09
0.09
0.09
0.12
0.09
0.09
0.12
0.09
0.09
0.06
0.06
86.88
169.45
181.28
181.48
180.49
181.46
182.06
181.17
155.84
151.59
250.12
281.36
217.04
114.64
3.01
0.55
1.82
0.09
0.09
0.06
0.09
0.09
0.03
0.03
28.77
55.98
50.54
51.09
51.16
5.82
0.00
0.00
0.00
0.00
0.00
0.06
0.06
0.06
0.06
0.06
0.06
0.03
0.06
0.03
0.06
0.06
0.06
0.03
0.03
0.03
0.03
0.00
0.00
0.03
0.03
0.00
0.03
0.06
2.43
0.03
0.09
0.39
0.42
0.39
0.33
0.06
0.06
0.06
0.03
0.00
0.00
0.00
0.00
2.93
0.84
1.49
0.97
0.00
2.08
0.00
0.03
0.06
0.46
0.03
0.06
0.03
0.06
0.06
0.06
0.06
0.06
0.06
0.06
0.06
0.06
0.03
0.03
0.00
0.03
0.00
0.03
0.00
0.03
0.03
0.03
0.06
0.06
0.06
0.09
0.06
0.09
0.06
0.09
0.09
0.06
0.09
0.09
0.09
0.06
0.06
0.03
0.03
0.03
0.03
0.00
0.03
0.03
0.03
0.06
0.03
0.06
0.06
0.06
0.15
0.15
0.21
0.09
0.06
0.09
0.06
0.06
0.09
0.06
0.06
0.03
0.00
0.03
0.00
0.00
0.00
0.00
0.03
0.00
0.03
0.06
0.06
0.06
0.06
0.06
0.09
0.09
0.06
0.96
0.09
0.09
0.06
0.06
0.06
0.03
0.00
0.03
0.00
0.03
0.00
0.03
0.03
0.03
0.06
0.09
0.09
0.12
0.09
0.09
0.09
0.15
0.12
0.18
0.15
0.18
0.12
0.15
0.12
1.44
0.47
0.06
0.00
0.03
0.00
0.03
0.03
0.00
0.06
0.57
0.06
0.06
0.06
0.09
0.06
0.06
0.06
0.09
0.06
0.09
0.06
0.03
0.06
0.03
0.03
0.00
0.00
0.00
0.00
0.03
0.00
0.00
0.06
0.12
0.15
0.12
0.06
0.06
0.09
0.06
0.06
0.09
0.18
0.09
0.09
0.06
0.06
0.03
0.03
0.03
0.00
0.03
0.03
0.00
0.03
0.06
0.09
0.06
0.09
0.09
0.09
0.06
0.09
0.12
0.09
0.09
0.09
0.09
0.06
0.09
0.06
0.06
0.03
0.06
0.03
0.00
0.03
0.03
0.00
0.06
0.06
0.40
0.09
0.09
0.09
0.09
0.09
0.09
0.09
0.09
0.09
0.09
0.09
0.06
0.06
0.03
0.06
0.03
0.40
0.00
0.03
0.03
0.00
0.03
0.06
1.00
0.09
0.09
0.09
0.09
0.09
0.09
0.09
0.09
0.09
0.09
0.09
0.06
0.03
0.03
0.03
0.03
0.00
0.03
0.03
0.00
0.03
0.03
0.06
101.56
108.69
26.63
0.09
0.12
0.09
0.12
0.09
0.09
0.15
0.33
0.12
0.03
0.03
0.00
0.00
0.00
0.00
0.00
0.00
0.00
0.00
0.00
0.00
0.00
0.00
0.00
0.00
0.00
0.00
0.00
0.00
0.00
0.00
0.00
0.00
0.00
0.62
0.00
0.00
0.00
0.00
0.00
0.00
0.00
0.00
0.00
0.00
0.03
0.06
5.97
0.09
0.06
0.06
0.09
0.09
0.09
0.09
0.06
0.09
0.06
0.06
0.06
0.03
0.03
0.03
0.00
0.03
0.00
0.03
0.03
0.03
1.54
0.06
0.09
0.09
0.12
0.09
0.12
0.09
0.09
0.09
0.09
0.98
0.06
0.06
0.06
0.03
0.53
0.03
0.03
0.03
0.03
0.03
0.06
0.09
2.80
0.09
0.09
0.09
0.09
0.12
0.09
0.09
0.09
0.09
0.12
1.03
0.45
0.06
0.00
0.00
46.51
60.17
60.32
59.81
60.22
59.58
59.77
60.16
190.30
198.95
118.69
5.52
0.04
0.06
0.06
0.06
0.03
0.06
0.09
0.03
0.03
0.03
0.00
0.03
0.00
0.03
0.00
0.00
0.03
0.00
0.03
0.03
126.57
185.29
96.18
8.77
0.75
0.03
2.21
1.41
0.21
1.91
1.48
1.17
0.06
1.53
0.00
1.85
1.67
2.72
0.64
0.20
2.07
2.27
1.52
2.55
93.28
161.04
117.14
9.99
0.09
0.06
0.09
0.09
0.06
0.06
0.09
0.06
0.06
0.03
0.03
74.60
186.79
199.84
103.76
82.02
61.02
0.03
0.00
0.06
0.06
0.06
0.09
0.06
0.09
0.09
0.06
0.09
0.09
0.09
0.09
1.46
0.06
0.06
0.00
0.05
0.00
0.00
0.00
0.00
0.00
0.00
0.00
0.00
0.00
0.00
0.00
0.00
0.00
0.00
0.00
0.00
0.00
0.00
0.00
0.87
0.00
0.00
0.00
0.00
0.00
0.00
0.00
0.00
0.00
0.00
0.00
0.00
0.06
0.09
0.12
0.09
0.09
0.09
4.84
0.09
0.09
0.09
0.09
0.09
0.09
0.19
0.09
0.03
0.03
0.03
0.12
0.30
0.06
0.32
0.03
0.06
2.43
0.06
0.06
0.06
0.09
0.06
0.06
0.06
0.06
0.06
0.06
1.11
0.03
0.03
0.82
1.86
1.15
0.03
0.00
0.03
0.00
0.06
0.03
0.06
0.09
0.12
0.18
0.30
0.21
2.26
0.27
0.09
0.06
0.12
0.09
0.06
0.06
0.03
0.03
0.03
0.00
0.03
0.03
0.09
0.03
0.03
0.06
0.06
113.53
36.02
0.06
0.06
0.06
0.06
0.03
79.71
99.82
100.19
100.64
101.02
9.13
0.36
0.00
0.05
0.00
0.00
0.00
0.00
0.00
0.00
0.00
1.31
93.00
103.00
46.21
1.37
0.00
0.00
0.00
0.00
0.00
0.00
0.00
0.00
0.03
0.18
0.03
0.00
0.20
0.03
0.00
0.00
2.35
0.00
0.03
0.03
0.24
0.09
0.12
0.09
0.06
0.06
0.06
0.06
0.06
0.03
0.06
0.03
0.03
0.00
0.03
0.00
0.03
3.93
0.03
0.00
0.03
0.12
0.18
0.12
0.03
0.06
0.03
0.06
0.06
0.03
0.06
0.06
0.06
0.06
0.06
0.06
0.06
0.03
0.00
0.03
0.03
0.00
0.00
0.03
0.00
2.57
2.39
0.99
0.14
0.06
0.03
0.06
0.06
0.03
0.06
0.06
0.03
0.06
0.09
0.06
0.06
0.03
0.05
0.00
5.79
0.00
0.03
0.03
0.03
0.00
0.03
0.06
0.18
0.06
0.06
0.09
0.06
0.06
0.09
0.06
0.09
0.09
0.06
0.09
0.09
0.09
0.61
0.00
0.00
0.00
0.00
0.00
0.00
0.00
0.00
0.00
0.00
0.00
0.00
0.00
0.00
0.00
0.00
0.00
0.00
0.00
0.00
0.00
0.00
0.00
0.00
0.00
0.00
0.08
0.00
0.08
0.60
0.00
0.00
0.00
0.00
0.00
0.00
0.00
0.00
0.00
0.00
0.00
0.00
0.00
0.00
0.00
0.00
0.00
0.00
0.00
2.25
4.19
0.00
0.00
3.53
0.00
0.00
0.00
1.63
0.12
0.06
0.03
0.03
0.03
0.03
0.03
0.03
0.03
0.06
0.03
0.03
0.00
0.27
0.00
0.03
3.34
0.03
0.00
3.32
0.00
0.03
0.03
0.06
0.06
0.06
0.06
0.06
0.06
1.42
0.06
2.91
0.06
0.03
0.03
0.03
0.03
0.03
0.00
0.15
0.03
0.03
0.03
0.00
0.03
0.03
0.06
0.37
0.03
0.03
0.00
0.03
0.03
0.03
0.03
0.03
0.06
0.03
0.06
0.06
0.12
0.09
0.03
0.00
0.00
0.06
0.03
0.00
0.00
0.03
0.03
0.06
0.03
0.06
0.03
0.06
0.12
0.15
0.12
0.15
0.12
0.15
0.12
0.12
0.12
0.11
0.09
0.06
0.09
0.06
0.06
0.09
0.09
0.09
0.12
1.48
0.09
0.15
0.12
0.15
0.15
0.15
0.12
0.15
0.12
0.15
0.12
0.12
0.12
0.81
0.09
0.06
0.09
0.06
0.06
0.09
0.09
0.09
0.12
160.61
197.41
65.08
1.92
0.15
0.15
0.09
0.06
1.35
0.06
0.09
0.06
0.06
0.63
0.00
0.00
0.00
0.00
0.00
0.00
0.00
0.00
0.00
0.06
82.96
82.23
41.07
0.09
0.06
20.42
0.06
0.06
0.06
0.06
0.09
0.75
0.03
0.03
0.03
0.00
0.03
0.00
0.00
0.13
0.24
0.12
0.09
0.06
0.09
0.06
0.06
0.03
0.06
0.03
0.06
0.06
0.03
0.06
0.03
0.06
0.00
0.03
0.11
0.00
0.84
0.22
0.00
0.00
0.00
0.00
0.03
0.03
0.81
0.06
0.03
0.06
0.03
0.06
0.06
0.03
0.06
0.06
0.03
0.06
0.00
0.03
0.00
0.00
0.03
0.00
0.03
0.09
0.06
0.03
0.28
0.06
0.42
0.03
0.06
0.03
0.06
0.03
0.06
0.06
0.06
0.03
0.03
0.43
0.03
0.00
0.87
0.03
0.00
0.03
2.94
0.00
147.08
126.24
108.97
0.24
4.04
0.03
0.03
0.06
0.06
0.03
0.06
0.06
0.06
0.06
0.03
0.06
0.03
0.03
0.03
0.00
0.03
0.00
0.00
0.03
0.00
0.03
0.03
0.06
0.87
0.06
0.06
0.06
0.09
0.09
0.06
0.09
0.09
0.09
0.09
0.12
0.06
0.03
0.09
0.03
0.00
0.03
0.03
0.00
0.03
0.00
0.06
0.03
0.09
0.06
0.06
0.06
0.09
0.09
0.06
0.09
0.09
0.06
0.09
0.06
0.06
0.03
0.03
0.03
0.03
0.03
0.03
0.00
0.03
0.03
0.06
0.09
0.16
0.09
0.09
0.12
0.09
0.06
0.09
0.12
0.12
0.12
0.06
0.06
0.03
0.03
0.00
0.03
0.00
0.83
0.00
0.00
0.03
0.00
0.03
0.03
0.03
0.06
0.03
0.09
0.06
0.06
0.06
0.06
0.03
0.06
0.06
0.06
0.03
0.03
0.03
10.73
0.00
0.00
0.00
0.00
0.30
1.14
2.19
5.16
5.92
1.44
3.43
1.38
2.41
0.09
0.12
0.12
0.06
0.06
0.06
0.09
0.09
0.03
0.00
0.03
0.00
0.03
0.00
0.03
0.19
0.03
0.00
0.03
1.09
0.06
0.03
0.03
0.06
0.09
0.21
0.24
0.09
0.12
0.06
0.06
0.06
0.03
0.03
0.03
0.00
0.00
0.00
3.90
0.00
0.53
1.78
0.06
1.14
0.03
0.03
0.06
0.03
0.03
0.06
0.03
0.06
0.03
0.06
0.03
0.03
0.03
0.00
0.03
0.00
0.06
0.09
0.09
0.09
0.12
0.03
0.03
0.03
0.03
0.03
0.06
0.09
0.12
0.06
0.06
0.03
0.06
0.06
0.03
0.06
0.03
0.00
0.03
0.00
0.00
0.00
0.03
0.06
0.06
0.09
0.79
4.44
0.06
0.03
0.06
0.06
0.06
0.03
0.06
0.06
0.06
0.06
0.06
0.03
0.03
0.03
0.18
0.03
0.00
0.00
0.03
0.00
0.00
0.37
0.03
0.03
0.03
0.06
0.06
0.03
0.06
0.09
0.06
0.09
0.09
0.06
0.06
0.03
0.03
0.25
0.03
0.00
0.03
0.00
0.03
5.24
0.03
0.03
0.03
4.36
0.09
0.06
0.03
0.06
0.03
0.03
0.06
0.06
0.03
0.06
0.03
0.03
1.80
1.72
4.44
0.00
0.00
0.00
44.25
23.12
0.21
0.21
0.03
0.06
0.03
0.06
0.06
0.06
0.03
0.15
0.15
0.03
0.03
0.03
0.09
0.03
0.03
1.55
0.09
0.03
0.00
0.03
0.03
0.06
0.15
0.36
4.36
0.06
2.04
0.68
0.03
0.03
0.03
0.03
0.09
0.09
0.06
0.03
0.06
0.03
1.10
1.75
0.00
0.00
0.03
0.00
0.03
0.00
0.09
1.58
0.20
0.06
0.15
0.06
0.03
0.06
0.03
0.03
0.12
0.09
0.03
0.03
0.03
0.03
0.03
0.00
0.00
0.03
0.47
0.20
0.00
0.03
0.00
0.03
0.12
3.06
0.03
0.03
0.06
0.03
0.03
0.06
0.03
0.03
0.03
0.03
0.06
0.00
0.03
0.00
0.03
0.03
0.00
0.03
0.00
0.06
0.15
0.15
0.34
0.90
0.03
0.03
0.00
0.03
0.00
0.03
0.00
0.03
0.03
0.00
0.03
0.00
0.00
0.03
0.00
0.03
0.00
0.00
0.03
0.03
0.18
0.06
0.03
1.40
0.03
0.03
0.06
0.03
0.03
0.03
0.06
4.10
0.36
0.69
0.33
0.18
0.06
2.43
0.88
0.03
0.32
0.03
0.96
0.00
0.70
0.03
0.03
0.13
0.03
0.18
0.06
0.03
0.03
0.00
0.03
0.03
0.06
0.03
0.03
0.03
0.00
0.03
0.00
0.00
0.00
0.00
0.00
0.03
0.00
0.03
0.00
0.96
0.11
0.03
0.03
0.06
0.06
5.10
0.12
0.06
0.03
0.06
0.03
0.03
0.03
0.03
0.03
0.00
0.00
0.00
0.03
0.00
0.00
0.03
0.03
0.03
0.03
0.09
0.12
0.03
0.03
0.03
0.03
0.03
0.03
0.06
0.03
0.03
0.06
47.72
62.90
66.12
64.89
65.25
64.88
64.80
50.78
44.25
42.28
2.31
0.03
0.03
0.06
0.03
0.06
0.06
0.09
0.06
0.03
0.03
0.06
0.03
0.03
21.81
23.83
0.03
0.00
0.00
0.05
0.03
0.03
0.03
0.34
0.03
0.03
0.06
0.03
0.09
0.15
0.57
0.21
0.06
0.03
0.00
0.00
0.03
0.06
0.09
0.03
0.03
0.03
0.00
0.00
0.03
0.00
0.03
0.06
0.03
0.03
0.03
0.03
0.03
0.03
0.03
0.06
0.06
0.03
0.06
0.03
0.00
0.00
0.00
0.00
0.00
0.00
0.00
0.00
0.00
0.00
0.03
0.03
4.09
0.03
0.03
0.03
0.06
0.03
0.06
0.03
0.06
0.06
0.06
0.03
0.03
0.03
0.00
0.03
0.00
0.00
0.03
0.00
0.03
0.03
0.00
0.06
0.06
0.03
0.06
0.06
0.06
0.06
0.06
0.06
0.06
0.06
0.09
0.09
0.03
0.03
0.00
0.03
0.00
0.03
0.00
0.61
0.51
0.00
0.03
0.06
1.05
0.06
0.09
0.06
0.06
0.09
0.06
0.06
0.09
0.09
0.09
0.06
0.03
0.00
0.03
0.00
0.00
0.03
0.00
0.00
0.00
0.00
0.00
0.03
0.36
0.03
0.06
0.06
0.06
0.06
0.06
0.06
0.09
2.09
0.15
0.06
0.06
0.00
0.03
0.00
0.03
0.00
0.00
0.03
0.00
0.03
0.03
0.03
0.06
0.03
0.06
0.06
0.15
0.06
0.21
0.09
0.03
0.03
0.03
0.03
0.03
0.00
0.03
0.00
0.00
0.00
0.03
0.00
0.03
0.06
0.06
0.06
0.03
0.03
0.03
0.03
0.09
0.09
0.03
0.03
0.06
0.03
0.03
0.03
0.03
0.03
0.03
0.03
0.00
0.03
0.00
0.03
0.03
0.06
0.09
0.12
1.01
0.21
0.18
0.15
0.09
0.06
0.40
0.06
0.06
0.03
0.03
0.06
0.06
0.03
1.30
0.00
0.06
0.09
0.06
0.06
0.00
0.03
0.03
0.03
1.79
0.06
0.06
0.03
0.03
0.03
0.03
0.06
0.06
0.06
0.06
1.53
0.06
0.03
0.30
3.31
0.00
0.03
0.00
0.00
0.00
0.03
0.00
0.03
0.18
0.03
0.00
0.03
0.06
0.06
0.15
0.18
0.18
0.12
0.15
0.09
0.06
0.03
0.00
0.03
0.00
0.00
0.00
0.00
0.03
0.00
0.00
0.00
0.03
0.03
0.03
0.03
0.03
0.00
0.15
0.12
0.15
0.12
0.15
0.12
0.12
0.12
0.09
0.09
0.06
0.09
0.06
2.41
0.09
2.57
0.09
0.12
1.24
0.09
0.15
0.12
0.15
0.15
0.06
0.06
0.06
0.06
0.06
0.03
0.03
0.03
0.03
0.03
0.03
0.00
0.00
0.00
0.03
0.00
0.03
0.03
0.06
0.06
0.03
0.09
0.09
0.06
0.12
0.09
0.09
0.06
0.09
0.06
0.09
0.09
0.12
0.12
0.18
0.15
0.15
16.41
0.09
0.03
0.06
0.06
2.00
0.09
0.15
0.15
0.12
0.15
0.06
0.06
0.06
0.06
0.06
0.06
0.06
0.03
0.03
0.03
0.00
0.03
0.00
0.00
0.03
0.12
0.15
0.12
0.12
0.03
0.03
0.03
0.03
0.00
0.03
0.03
0.03
0.03
0.00
0.03
0.03
0.00
0.00
0.00
1.70
0.23
0.09
0.21
0.96
0.06
0.03
0.15
8.05
0.06
0.03
0.03
0.03
0.03
0.03
0.03
0.06
0.03
0.06
0.21
0.12
0.03
0.03
0.06
0.03
0.03
0.03
0.00
0.00
0.00
0.00
0.03
3.48
0.03
0.03
0.00
0.03
0.09
0.06
0.15
0.06
0.18
0.06
0.06
0.03
0.03
1.76
0.03
0.03
0.00
34.19
1.45
0.00
0.00
0.03
0.00
0.03
0.03
0.00
0.03
0.03
0.12
0.03
0.03
0.03
0.03
0.06
0.06
0.03
0.00
0.03
0.03
0.00
0.03
0.00
0.00
0.00
0.00
0.03
0.22
3.08
0.03
0.06
0.21
0.24
0.39
0.27
0.15
0.06
0.03
0.03
0.03
0.03
0.00
0.00
0.00
0.00
0.00
0.00
0.06
0.03
0.00
0.03
0.03
0.03
0.03
0.03
0.03
0.06
0.03
0.12
0.18
0.36
0.30
0.06
0.06
0.06
9.56
5.14
0.00
0.00
0.03
0.00
0.00
0.03
0.00
0.00
0.06
0.00
0.03
0.03
0.03
0.03
0.03
0.06
0.03
0.06
0.03
0.06
0.03
0.03
0.03
0.00
0.03
0.03
0.00
0.03
0.00
0.03
0.00
0.03
0.03
0.06
0.03
0.06
0.03
0.06
0.03
0.06
0.03
0.06
0.03
0.06
0.06
0.03
0.03
0.00
0.03
0.00
0.03
0.00
0.03
3.03
0.00
0.06
0.06
7.03
0.06
0.06
0.03
0.06
0.06
0.06
0.06
0.09
0.09
0.06
0.06
0.06
0.03
0.03
0.03
0.00
0.88
0.37
0.00
0.03
0.03
0.03
0.09
0.15
0.24
0.06
0.06
0.06
0.06
0.06
0.06
0.06
0.06
0.09
0.06
0.06
0.03
0.30
0.06
0.03
0.03
0.03
0.34
0.03
0.03
0.06
0.09
0.92
0.09
0.06
0.23
0.06
0.06
0.09
0.09
0.06
0.09
0.06
0.06
0.06
0.06
1.28
0.03
23.26
0.00
0.03
0.00
9.54
0.00
0.06
0.09
0.09
0.09
0.09
0.09
0.09
0.09
0.09
0.06
0.09
0.12
0.12
0.15
0.06
0.48
0.81
0.03
0.09
0.03
29.09
0.00
0.15
0.15
0.03
0.06
0.81
0.06
0.06
0.09
0.06
0.09
0.00
0.00
0.00
0.00
0.00
0.00
0.00
0.00
0.00
0.00
0.00
0.00
0.00
0.00
0.00
0.88
0.00
0.00
0.00
0.00
0.00
0.00
0.00
0.00
0.06
0.09
0.15
0.09
0.09
0.09
0.09
0.06
0.06
2.29
0.03
0.03
0.03
0.03
0.03
0.06
0.06
0.06
0.39
0.06
0.09
0.12
0.09
0.09
0.06
0.09
0.06
0.09
0.09
0.09
0.06
0.06
0.03
0.03
0.03
0.03
0.03
0.74
0.03
0.03
0.09
0.06
4.62
0.06
0.09
0.06
0.09
0.06
0.06
0.06
0.09
0.06
0.12
0.57
0.06
0.06
0.44
0.06
0.13
0.86
0.03
0.00
0.03
1.55
0.09
0.06
1.75
0.09
0.09
0.09
0.09
0.09
0.12
0.09
0.09
0.09
0.09
0.55
0.06
0.06
0.54
0.03
1.14
1.65
2.88
0.03
0.21
0.36
0.06
0.09
0.06
0.06
0.09
0.06
0.06
0.09
0.06
0.09
0.06
0.09
0.09
0.12
0.06
0.06
1.41
0.03
0.00
0.00
0.00
0.03
0.00
0.03
0.06
0.06
1.15
0.09
0.06
0.09
0.06
0.09
0.06
0.06
0.06
0.06
0.06
0.06
0.06
0.06
0.03
0.18
0.03
0.00
0.00
0.03
0.00
0.03
0.03
0.09
1.02
0.06
0.06
0.09
0.06
0.09
0.09
0.06
0.09
0.06
0.09
0.09
0.06
0.06
0.06
0.06
0.03
0.03
0.12
0.03
0.00
0.03
0.03
0.06
1.11
0.06
0.06
0.06
0.09
0.06
0.15
0.12
0.15
0.12
0.15
0.12
0.12
0.12
0.09
0.09
0.06
0.09
0.06
0.06
0.09
0.09
0.09
0.12
0.27
6.59
0.15
0.12
0.15
0.15
0.15
0.12
0.15
0.12
0.42
0.12
0.12
0.12
0.09
0.09
0.06
0.09
0.06
0.45
0.09
0.09
0.09
0.12
0.12
0.09
0.15
0.12
0.15
0.15
0.09
0.09
0.06
0.09
0.09
0.09
0.06
0.06
0.06
0.03
0.03
0.03
0.03
0.03
0.03
0.03
0.06
0.09
2.72
0.09
0.06
0.06
0.09
0.09
0.06
0.09
0.09
0.12
0.12
0.18
0.06
0.06
0.03
0.03
0.03
0.00
0.03
0.03
0.00
0.03
0.06
0.09
0.34
0.12
0.09
0.12
0.09
0.12
0.09
0.09
0.09
0.09
0.12
0.12
0.06
0.03
0.15
0.03
0.00
0.03
0.03
0.03
0.03
0.03
0.06
0.09
0.12
0.12
0.12
0.09
0.12
0.09
0.24
0.21
0.12
0.09
0.06
0.12
0.06
0.09
0.34
0.03
0.03
0.03
0.00
0.03
0.00
0.03
0.09
0.09
0.09
0.09
0.09
0.12
0.09
0.09
0.09
0.09
0.09
0.09
0.09
0.09
0.09
0.70
0.09
0.03
0.03
0.03
0.03
0.03
0.03
0.03
0.06
0.06
0.32
0.06
0.09
0.09
0.09
0.09
0.09
0.09
0.09
0.09
0.06
0.09
0.06
0.06
0.06
0.03
0.06
0.00
0.03
0.03
0.03
0.06
0.06
0.06
0.83
0.06
0.09
0.09
0.06
0.06
0.06
0.09
0.06
0.09
0.06
0.12
0.12
0.06
0.82
0.06
0.00
0.03
0.09
0.60
0.96
1.99
0.03
0.06
0.06
0.06
0.03
0.06
0.03
0.06
0.03
0.06
0.06
0.06
0.06
0.46
0.06
1.18
0.77
0.81
0.03
0.00
0.00
0.03
0.62
0.00
0.03
0.03
1.80
0.06
0.03
0.03
0.03
0.03
0.03
0.06
0.03
0.03
0.06
0.03
0.03
0.03
0.00
0.00
0.00
0.03
0.03
0.03
0.00
0.00
0.03
0.06
0.09
0.06
0.09
0.09
0.09
0.15
0.15
0.09
0.09
0.09
0.09
0.09
0.06
0.06
0.03
0.03
0.00
0.00
0.03
0.06
0.03
0.03
0.00
0.06
0.03
0.06
0.03
0.06
0.06
0.06
0.06
0.06
0.06
0.06
0.09
0.06
0.06
0.03
0.06
0.00
0.00
0.00
0.00
0.00
0.00
0.00
0.06
0.06
0.12
0.09
0.09
0.06
0.06
0.09
0.06
0.09
0.09
0.09
0.09
0.09
0.06
0.06
0.03
0.03
0.06
0.03
0.03
0.03
0.03
0.03
0.06
0.45
6.60
0.09
0.06
0.09
0.09
0.09
0.00
0.00
0.00
0.00
0.00
0.00
0.00
0.00
0.00
0.00
0.00
0.00
0.00
0.00
0.00
0.00
0.00
0.00
0.00
0.00
0.00
0.00
0.00
0.00
0.00
0.00
0.00
0.00
0.00
0.00
0.00
0.00
0.00
0.00
0.00
0.00
0.00
0.00
0.00
0.00
0.00
0.00
0.00
0.00
0.00
0.00
0.00
0.00