0.00
0.92
0.79
0.33
0.36
0.00
0.94
0.00
0.00
0.00
0.00
0.00
0.00
0.00
0.00
0.00
0.23
0.00
0.00
0.00
0.00
0.00
0.45
0.10
0.69
0.35
0.00
0.09
0.00
0.00
0.45
0.00
0.00
0.00
0.00
0.00
0.03
0.00
0.00
0.00
0.63
0.00
0.00
0.00
0.87
0.00
0.00
0.21
0.00
0.10
0.00
0.00
0.00
0.00
0.00
0.00
0.00
0.00
0.00
0.00
0.00
0.00
0.00
0.00
0.00
0.00
0.00
0.00
0.00
0.00
0.47
0.00
0.81
0.00
0.00
0.00
0.00
0.00
0.00
0.00
0.00
0.00
0.00
0.00
0.00
0.00
0.00
0.00
0.00
0.00
0.00
0.00
0.00
0.00
0.00
0.00
0.00
0.00
3.82
0.00
0.00
0.00
0.00
0.00
0.00
0.00
0.00
0.00
0.00
0.00
0.00
0.00
0.00
0.00
0.00
0.00
0.00
0.00
0.00
0.00
0.00
0.00
2.15
0.11
0.00
0.00
0.00
0.00
0.00
0.00
0.00
0.00
0.00
0.00
0.00
0.00
0.00
0.00
0.00
0.00
0.00
0.00
0.00
0.00
1.07
0.00
0.00
0.00
0.00
0.00
0.00
0.00
0.00
0.00
0.00
0.00
0.00
0.00
0.00
0.00
0.00
0.00
0.00
0.00
0.00
0.00
0.00
0.07
0.00
0.00
2.23
0.00
0.00
0.00
0.00
0.00
0.00
0.00
0.00
0.00
0.00
0.00
0.00
0.00
0.00
0.20
0.00
0.00
0.00
0.00
0.00
2.45
0.74
0.00
0.00
0.00
0.00
0.00
0.84
0.00
0.00
0.00
0.00
0.00
0.00
0.00
0.00
0.00
0.53
0.68
0.00
0.00
2.86
0.00
0.28
0.00
0.65
2.72
0.00
0.00
1.74
0.00
0.00
0.00
0.00
0.00
0.00
0.00
0.00
0.00
0.00
0.00
0.00
0.00
0.00
0.00
0.00
0.00
0.00
0.00
0.00
0.00
0.00
0.00
0.00
0.00
0.00
0.00
0.00
0.00
0.00
0.00
0.00
0.00
0.00
0.58
0.00
0.00
0.00
0.00
0.00
0.00
0.00
0.00
0.00
0.00
0.59
0.00
0.00
0.00
0.68
0.00
0.00
0.00
0.02
0.00
0.00
0.08
2.56
0.34
11.22
0.00
0.13
0.00
0.00
0.61
0.82
4.69
0.00
0.21
0.00
0.00
0.00
0.06
0.00
0.00
0.00
0.00
0.00
0.00
0.00
0.08
0.00
0.00
0.00
0.00
0.00
0.00
0.00
0.00
0.00
0.00
0.00
0.00
0.00
0.00
0.00
0.00
0.00
0.00
0.00
0.00
0.99
0.00
0.00
0.00
0.00
0.00
0.00
0.00
0.00
0.00
0.00
0.00
0.00
0.00
0.00
0.00
0.00
0.00
0.00
0.00
0.75
0.00
0.00
0.00
0.00
0.00
0.00
0.00
0.00
0.00
0.00
0.00
0.00
0.00
1.10
0.00
0.23
0.00
0.00
0.00
0.00
0.00
0.00
0.00
0.23
0.00
0.00
0.00
0.00
0.00
0.00
0.00
0.00
0.00
0.00
0.00
0.00
0.00
0.00
0.00
0.00
0.00
0.09
0.00
0.00
0.00
0.00
0.00
0.00
0.00
0.00
0.00
0.00
0.00
0.00
0.00
0.00
0.00
0.00
0.00
0.00
0.00
0.00
0.00
0.00
0.00
0.00
0.00
0.00
0.00
0.00
0.00
0.00
0.33
0.00
0.00
0.00
0.00
0.00
0.00
0.00
0.00
0.00
0.00
0.00
0.00
0.00
0.00
0.72
0.00
0.00
0.00
0.00
0.00
0.00
0.00
0.00
0.00
0.00
0.00
0.00
0.00
0.00
0.00
0.00
0.00
0.00
0.00
0.00
0.00
0.00
0.36
0.00
0.00
0.00
0.00
0.00
0.00
0.00
0.00
0.00
0.00
0.00
0.00
0.00
0.00
0.00
0.00
0.00
0.00
0.00
0.00
0.00
0.00
0.00
3.33
0.00
0.00
0.00
0.00
0.00
0.00
0.00
0.00
0.00
0.00
0.00
0.00
0.00
0.00
0.00
0.00
0.00
0.00
0.00
0.00
0.00
0.00
0.00
1.41
0.00
0.35
0.00
0.00
0.00
0.00
0.00
0.00
0.00
0.00
0.00
0.00
0.00
0.00
0.00
0.00
0.00
0.00
0.00
0.00
0.00
0.00
0.00
0.00
0.00
1.58
0.00
0.29
0.00
0.00
0.00
0.00
0.00
0.00
0.00
0.00
0.00
0.00
0.00
0.00
0.00
0.00
0.00
0.00
0.00
0.00
0.00
0.00
0.00
0.13
0.00
0.78
0.00
0.00
0.00
0.00
0.00
0.00
0.00
0.00
0.00
0.00
0.00
0.00
0.00
0.00
0.00
0.00
0.00
0.00
0.00
0.00
0.00
0.00
0.00
0.00
0.00
0.00
0.00
0.00
0.00
0.00
0.00
0.00
0.00
0.00
0.00
0.00
0.00
0.00
0.00
0.20
0.00
0.00
0.00
0.00
0.00
0.00
0.00
0.00
0.00
0.00
0.00
0.00
0.39
0.00
0.00
0.00
0.00
0.00
0.00
0.00
0.00
0.00
0.00
0.10
0.00
0.00
0.00
0.00
0.59
0.00
0.00
0.00
0.00
0.00
0.00
0.00
0.00
0.00
0.00
0.00
0.00
2.32
0.00
0.00
0.00
0.00
0.00
0.00
0.00
0.00
0.00
0.00
0.00
0.00
0.00
0.00
0.00
0.00
0.00
0.00
0.00
0.00
0.00
0.00
0.00
0.00
0.00
0.00
0.00
0.00
0.00
0.00
0.00
0.00
0.00
0.00
0.00
0.46
0.00
0.00
0.00
0.00
0.00
0.00
0.00
0.00
0.00
0.12
0.00
0.00
0.00
0.00
0.00
0.00
0.00
0.00
0.00
0.00
0.00
0.00
0.00
0.00
0.00
0.00
0.00
0.00
0.00
0.00
10.31
0.00
0.00
0.00
0.00
0.00
0.00
0.00
0.00
0.00
0.00
0.00
0.00
0.00
0.18
0.46
0.00
0.00
0.19
0.00
0.42
0.00
0.08
0.00
0.00
0.00
0.00
0.00
0.00
0.00
0.00
0.00
0.69
0.00
0.45
0.00
0.00
0.00
0.00
0.00
0.29
0.00
0.00
0.00
0.00
0.00
0.00
0.59
0.00
4.64
8.53
6.89
7.40
6.83
7.26
7.74
6.39
7.29
6.24
1.74
0.35
0.00
0.00
0.00
0.00
0.26
0.33
0.00
0.00
0.14
0.00
0.86
0.00
0.26
0.00
0.00
0.00
0.00
0.40
0.00
0.00
0.00
0.00
0.00
0.00
0.00
0.00
0.00
1.28
0.00
0.00
0.00
0.00
0.00
0.00
0.00
0.10
0.00
0.00
0.00
0.00
4.19
0.00
0.00
0.22
0.00
0.00
0.00
0.00
4.67
0.31
0.00
0.38
0.00
0.00
0.57
0.92
8.60
7.53
7.96
8.13
9.11
5.72
6.25
5.75
4.75
7.50
4.61
5.85
5.37
7.16
7.43
4.30
4.80
4.57
4.89
7.65
8.01
7.87
4.76
5.47
0.64
0.00
0.00
0.00
0.00
0.00
0.00
0.00
0.00
0.00
0.00
0.00
0.00
0.00
0.00
0.00
0.00
0.00
0.00
0.00
0.00
0.00
2.50
4.42
0.00
0.00
0.00
0.00
0.00
0.00
0.00
0.00
0.00
0.00
0.00
0.00
0.00
0.00
1.30
0.00
0.00
0.00
0.00
0.00
0.00
0.00
0.00
0.07
0.00
0.00
0.00
0.18
0.00
0.00
0.00
0.00
0.00
0.00
0.00
0.00
0.00
0.00
0.64
0.00
0.00
0.00
0.00
0.00
0.00
0.00
0.00
0.00
0.00
0.00
0.00
1.19
0.00
0.00
0.00
0.00
0.00
0.00
0.00
0.00
0.00
0.00
0.00
0.00
0.00
0.00
0.00
0.00
0.00
0.88
0.00
0.00
0.00
0.00
0.00
0.00
0.00
0.00
0.00
0.00
0.00
0.00
0.00
0.00
0.00
0.00
0.00
0.00
0.00
0.00
0.00
0.21
0.00
0.47
0.54
0.00
0.00
0.00
0.30
0.00
0.00
0.00
0.12
0.88
0.00
0.09
0.00
0.00
0.00
0.00
0.95
0.00
0.00
0.00
0.00
0.67
0.00
0.00
0.00
0.10
0.00
0.00
0.00
0.00
0.00
0.00
0.54
0.00
0.00
0.00
0.00
0.00
0.00
0.00
0.00
0.00
0.00
0.00
0.00
0.00
0.00
0.00
0.00
0.00
0.00
0.00
0.00
0.16
0.00
0.00
0.00
0.00
0.00
0.00
0.00
0.00
0.00
0.00
0.00
0.00
0.00
0.00
0.00
0.00
0.00
0.00
0.19
0.69
0.00
0.00
0.00
1.59
0.00
0.00
0.00
0.00
0.00
0.00
0.00
0.00
0.00
0.00
0.00
0.00
0.00
0.00
0.00
0.00
0.00
0.49
0.00
0.45
0.00
0.00
0.00
1.93
0.00
0.00
0.00
0.00
0.00
0.51
0.00
0.00
0.06
0.00
0.00
0.00
0.00
0.00
0.00
0.00
0.71
0.00
0.00
0.00
0.00
0.00
0.00
0.00
0.80
0.00
0.00
0.00
0.00
0.00
0.00
0.00
0.00
0.00
0.00
0.00
0.00
0.00
0.00
0.00
0.78
0.00
0.00
0.08
0.00
27.10
60.98
61.85
62.75
3.84
0.34
0.00
0.00
0.00
0.00
0.00
0.00
0.00
0.00
0.00
0.00
0.00
0.00
37.38
62.98
79.96
89.37
99.86
100.53
101.35
93.19
90.24
65.94
40.11
37.04
37.37
0.00
0.00
0.00
0.00
0.00
0.00
0.00
0.00
0.00
0.00
0.00
77.12
81.94
6.34
0.84
39.85
79.30
80.39
38.38
40.86
0.00
0.00
0.00
0.00
0.00
0.00
0.00
0.00
0.00
0.00
0.00
0.00
0.00
0.00
0.00
0.00
0.00
95.68
139.40
160.82
161.74
160.75
135.29
69.91
59.76
58.35
55.83
57.51
57.16
59.27
56.21
56.84
60.53
59.34
59.57
0.00
0.00
0.00
0.00
43.05
100.63
185.64
202.30
202.53
201.62
202.03
200.98
203.32
200.16
148.31
149.17
149.04
151.30
151.90
150.41
150.34
151.37
151.62
148.93
62.37
0.00
0.00
0.85
138.17
196.73
203.28
201.33
202.84
201.36
202.38
201.16
204.12
201.47
157.55
150.26
149.66
149.61
152.13
151.14
151.13
151.70
150.13
149.44
51.58
0.00
0.11
0.00
142.76
200.10
202.40
202.85
202.43
201.24
201.90
199.77
154.69
150.54
149.41
87.50
78.88
79.04
80.03
79.14
78.74
78.91
79.69
79.70
30.63
0.00
0.00
0.57
187.36
203.64
201.46
201.00
203.08
203.23
202.15
201.97
151.69
150.27
148.66
96.31
81.24
78.59
79.72
78.54
78.51
103.35
159.95
159.31
28.24
0.00
0.41
9.44
203.78
126.84
141.00
224.63
225.33
223.83
222.88
220.78
224.75
220.90
221.18
222.60
213.20
161.81
164.44
165.61
162.50
161.54
160.80
160.15
76.90
48.51
50.22
94.55
196.52
268.53
274.26
276.09
274.37
274.46
273.23
273.67
274.21
227.45
269.81
248.23
210.48
179.23
183.07
199.93
201.35
201.41
200.76
200.09
109.40
48.82
49.09
123.88
249.36
274.43
274.58
274.79
274.34
275.05
274.49
273.21
273.68
272.26
271.05
254.27
226.42
215.30
202.62
199.25
199.41
200.59
202.33
200.82
100.79
48.78
50.91
188.85
259.63
274.22
274.90
273.88
274.71
274.31
275.14
273.95
278.71
273.84
271.65
270.64
271.21
271.30
272.18
272.16
272.81
272.64
273.64
294.23
191.84
98.59
142.52
251.34
274.47
293.52
278.42
275.38
273.52
275.28
273.73
273.89
275.64
273.99
278.58
284.60
288.80
287.47
288.53
288.00
288.91
288.06
287.62
286.87
195.83
118.70
120.59
236.68
274.86
273.84
290.88
304.62
305.61
305.09
304.57
302.99
303.98
303.23
214.63
200.45
180.28
169.40
167.74
173.33
150.05
129.44
149.65
171.07
131.36
48.39
62.86
146.69
227.22
271.23
300.57
303.12
304.40
303.44
303.33
274.04
275.37
273.28
265.31
227.68
204.44
189.13
191.45
200.47
196.36
182.64
195.24
203.10
178.07
150.02
154.08
209.92
272.31
306.22
303.52
304.54
304.18
303.05
303.19
302.35
303.78
301.21
266.62
212.11
185.47
151.04
148.47
151.12
147.94
143.85
146.39
151.14
138.89
71.31
112.34
195.14
286.94
305.14
304.16
302.52
303.35
303.58
302.46
302.22
304.53
302.25
266.45
222.18
185.91
143.15
159.47
168.27
164.35
165.85
170.22
170.94
107.02
48.26
100.19
185.38
285.51
303.20
306.79
303.42
304.32
303.05
303.55
301.19
304.28
301.07
292.70
251.54
213.07
178.56
187.17
199.31
195.05
210.45
234.97
253.47
181.60
98.16
121.08
207.95
299.20
306.89
299.71
305.11
305.18
305.50
305.59
303.09
307.85
303.29
296.77
270.34
270.73
272.34
272.84
272.55
273.02
273.79
281.39
304.73
262.76
149.56
153.45
212.48
288.87
317.09
363.78
367.45
367.40
367.24
367.65
363.98
335.55
250.43
251.82
259.27
280.64
217.15
282.48
284.07
295.52
309.73
325.02
318.09
189.33
117.65
120.54
198.05
258.32
305.95
368.84
366.65
365.42
366.21
370.39
331.20
287.17
234.51
179.01
148.26
139.46
99.20
32.08
52.47
97.33
133.55
162.36
195.95
130.98
49.03
72.37
146.53
198.09
201.92
251.65
278.39
303.81
308.12
324.14
243.54
174.60
158.58
133.09
130.35
143.35
137.25
129.98
129.05
128.97
128.43
149.13
196.45
128.17
41.45
48.46
92.51
166.53
252.76
299.88
322.40
343.63
365.77
365.08
272.02
232.94
211.74
162.88
139.43
137.81
126.50
132.80
146.21
129.12
133.18
149.58
151.83
98.51
48.38
49.21
109.61
164.02
233.83
297.27
318.71
345.34
365.07
359.01
269.13
223.06
192.43
117.81
78.91
84.99
111.11
117.42
130.05
109.17
129.84
160.13
180.53
125.02
47.52
68.77
121.56
171.48
231.72
274.91
287.46
302.58
334.17
345.02
271.55
211.89
207.79
176.35
147.86
132.71
128.74
129.31
127.84
128.34
128.91
148.81
165.21
121.37
89.82
94.16
149.40
211.42
255.30
265.60
286.39
284.09
295.27
321.45
302.42
311.83
311.06
271.49
251.55
213.99
212.08
214.67
218.25
227.41
252.03
284.73
274.99
158.91
150.29
184.55
265.72
177.06
240.00
376.02
383.32
386.92
388.96
385.08
376.45
307.09
375.26
386.67
387.03
386.28
381.91
310.93
294.27
339.14
344.44
343.35
352.39
307.35
166.85
169.27
236.63
320.44
364.16
311.81
276.06
274.06
219.92
150.51
150.41
149.08
18.42
0.00
72.11
99.71
107.16
121.45
149.81
179.78
178.98
155.25
199.48
99.56
47.06
42.34
100.84
161.76
162.26
177.32
192.65
192.09
191.97
191.70
170.25
127.40
168.93
131.83
101.50
38.18
88.11
109.48
82.45
54.09
95.06
146.75
161.60
67.19
0.00
0.00
45.52
133.22
175.17
178.79
178.60
178.75
180.78
179.96
147.49
112.51
83.91
62.55
31.66
21.47
4.89
32.88
14.51
4.50
83.42
144.45
179.27
152.27
81.59
0.00
60.43
108.45
160.51
175.98
209.83
236.60
250.54
251.66
208.49
151.66
135.10
73.08
49.91
51.57
51.00
57.33
46.60
89.51
98.85
98.37
100.43
74.07
40.90
58.49
106.68
192.75
200.87
148.43
92.38
71.87
71.84
70.74
92.08
112.46
109.94
95.50
90.25
92.45
91.08
91.14
92.23
96.59
98.02
136.77
179.00
167.43
96.50
91.30
92.05
103.16
128.86
166.10
167.92
129.57
233.12
262.99
263.45
263.69
223.86
156.50
133.06
131.78
136.06
139.59
178.47
276.41
303.59
329.36
252.47
130.18
0.00
101.67
183.45
228.88
260.76
262.13
227.27
19.38
182.38
238.75
263.21
264.04
261.91
250.96
216.11
181.02
177.04
180.67
180.63
204.11
220.70
220.63
196.48
78.18
20.55
85.50
179.20
231.04
233.03
215.27
202.04
204.40
200.21
202.40
173.29
176.31
163.28
106.83
99.31
103.08
86.65
79.55
80.00
80.73
78.16
95.63
99.09
42.09
0.00
55.50
98.18
95.48
129.91
221.30
215.24
218.63
215.14
219.07
197.04
168.54
165.94
120.49
97.13
98.22
92.97
99.02
51.88
62.84
89.30
93.73
97.06
43.83
0.00
85.39
99.71
98.00
100.13
194.42
195.32
200.49
199.86
200.92
197.95
145.66
147.88
91.22
34.50
0.00
22.50
73.07
95.31
101.89
95.61
97.76
98.38
44.18
0.00
70.05
99.33
172.92
200.33
198.56
200.50
251.22
250.10
251.16
248.24
159.64
147.50
103.39
97.14
80.33
56.33
75.13
76.17
73.98
58.85
97.31
99.39
79.58
55.33
69.19
102.34
151.79
195.55
219.95
258.69
273.48
283.66
283.04
257.73
222.72
219.73
156.81
116.23
76.66
77.28
78.66
76.36
78.01
93.99
114.21
121.57
89.21
53.72
75.45
121.79
201.37
204.37
213.44
219.52
260.35
295.38
295.80
293.91
311.73
292.49
220.14
222.39
223.00
219.91
221.53
223.18
237.82
247.65
282.65
235.06
164.45
102.07
139.39
188.36
226.16
247.11
254.91
302.73
333.92
352.40
357.17
355.81
379.14
383.69
291.51
274.64
229.64
234.50
296.05
303.31
297.74
297.55
296.35
303.47
200.49
173.75
0.00
92.21
3.43
234.43
354.62
354.18
353.58
356.72
356.94
345.95
335.09
355.79
209.53
93.40
0.00
0.00
0.00
0.00
13.52
32.59
61.05
59.29
38.77
0.00
0.00
42.34
137.05
184.22
196.89
131.58
74.56
74.75
101.41
128.14
143.78
166.76
143.64
128.66
149.67
0.74
0.00
0.00
0.00
64.82
94.99
98.98
11.06
0.00
0.00
80.63
157.90
187.49
141.66
0.00
0.00
0.00
57.40
61.49
0.00
100.58
4.70
0.00
15.02
0.00
0.00
78.04
82.76
78.85
99.08
22.54
0.00
0.00
0.00
135.26
182.41
190.43
207.34
210.20
180.09
198.21
215.22
212.39
217.84
178.21
31.34
47.27
54.93
85.55
66.28
22.91
65.64
74.88
98.57
166.44
26.48
0.00
0.00
0.00
71.67
214.87
237.26
250.00
251.02
251.81
250.62
204.18
201.74
163.61
98.53
93.18
59.50
8.03
64.80
78.77
74.65
150.59
202.73
194.92
185.37
181.42
182.79
180.60
211.55
227.08
237.01
249.26
251.60
251.07
246.28
245.59
255.08
248.56
215.65
68.84
115.17
128.49
155.13
197.22
200.50
202.08
201.22
162.92
132.10
100.86
99.63
100.21
99.35
171.93
236.36
150.02
150.69
158.61
169.61
177.60
184.15
247.63
251.69
316.09
353.75
352.38
355.89
354.06
352.73
354.58
354.63
259.14
84.74
86.59
87.56
88.32
187.82
192.04
242.28
271.81
299.66
305.09
303.92
213.75
149.44
127.43
8.90
0.00
0.00
0.00
0.00
0.00
0.00
0.16
0.00
0.00
4.74
0.00
0.00
0.00
0.38
0.45
275.34
345.38
364.53
364.49
349.48
240.83
232.13
102.27
0.00
0.02
0.00
0.00
0.00
0.00
0.00
0.00
0.00
0.00
0.00
0.00
0.00
0.00
0.00
106.16
209.84
242.51
253.03
285.80
283.36
226.81
201.75
112.28
32.49
134.11
170.74
166.98
32.08
0.00
0.00
0.00
0.00
0.00
0.00
0.00
0.00
0.00
0.00
117.54
39.54
2.57
1.67
0.00
0.00
0.00
0.00
0.00
0.00
0.00
0.00
0.00
0.00
0.00
0.00
0.00
0.00
0.00
0.00
0.00
0.00
0.00
0.00
0.00
0.00
0.00
0.00
0.50
0.00
0.00
0.17
0.00
0.00
0.00
0.00
0.00
0.00
0.00
0.00
0.00
0.00
0.00
0.00
0.00
0.00
0.00
0.00
0.00
0.14
0.59
0.00
0.00
0.00
0.00
1.63
0.00
0.00
0.00
0.00
5.66
0.00
0.00
0.00
0.00
0.00
0.00
0.00
13.86
0.00
0.00
0.00
0.19
0.00
23.77
273.41
307.16
305.10
310.81
206.39
183.98
183.32
184.86
184.50
184.75
184.56
182.30
149.94
150.44
149.21
5.63
0.00
0.00
0.00
0.00
0.00
139.52
251.68
253.06
252.47
253.08
254.11
78.49
0.00
0.79
0.00
0.00
0.75
0.00
0.00
0.00
0.00
0.00
0.00
5.06
0.00
0.00
0.00
0.00
0.00
0.00
163.42
209.55
214.45
215.95
214.12
137.90
119.76
23.93
0.00
0.00
0.00
0.00
0.23
0.00
0.00
0.00
0.00
0.00
0.00
0.00
0.00
0.00
0.00
0.00
169.17
205.56
210.47
213.35
213.99
183.78
141.06
14.04
0.00
0.00
0.00
0.00
0.00
0.00
0.00
0.00
0.00
0.00
0.00
0.00
0.00
0.00
0.00
98.07
121.42
127.77
147.57
151.77
149.16
94.50
89.40
2.66
0.00
0.00
0.00
0.00
0.00
0.00
0.00
0.00
0.00
0.00
0.00
0.00
0.00
0.00
0.00
49.19
72.74
112.08
122.84
137.72
140.57
91.60
89.70
4.22
0.00
0.00
0.00
0.00
0.00
0.00
0.00
0.00
0.00
0.00
0.00
0.00
0.00
0.00
0.00
84.47
92.75
150.34
180.55
180.50
171.90
122.92
121.81
71.21
45.51
0.00
0.00
0.00
0.00
0.00
0.00
0.00
0.00
0.00
0.00
5.28
0.00
0.00
0.00
0.47
0.00
0.00
16.79
49.61
69.42
88.27
231.30
163.72
133.79
16.36
0.00
0.00
0.00
0.00
0.00
0.00
0.00
0.00
0.00
0.00
0.00
0.00
1.29
179.79
257.99
264.94
299.20
304.57
257.17
179.63
161.80
99.75
12.08
0.00
0.00
0.00
0.00
0.00
0.00
0.00
0.00
0.00
0.00
0.00
0.00
0.00
0.00
134.61
142.83
196.55
297.58
304.53
266.96
204.59
202.18
184.83
53.82
0.00
0.00
0.14
0.00
0.00
0.00
0.00
0.00
0.00
0.00
0.00
0.00
0.00
0.00
139.30
300.39
325.15
328.82
327.82
328.44
256.20
146.04
26.41
0.00
0.00
0.00
0.00
0.00
0.00
0.00
0.00
0.00
0.00
0.00
0.00
0.00
0.00
0.00
64.31
171.92
217.60
233.31
231.51
192.06
95.48
93.34
40.02
0.00
0.00
0.00
0.00
0.00
0.00
0.00
0.00
0.00
0.00
0.00
0.00
0.00
0.00
0.00
64.54
136.96
177.84
178.66
37.39
146.13
84.52
82.16
24.84
0.00
0.00
0.00
0.00
0.00
0.00
0.00
0.00
0.00
0.00
0.00
0.00
0.00
0.00
0.00
75.19
114.07
135.61
126.69
119.78
116.21
102.99
13.68
0.00
0.00
0.00
0.00
0.00
0.00
0.00
0.00
0.00
0.00
0.00
0.00
0.00
0.00
0.00
0.00
65.57
69.20
81.24
119.64
119.04
37.07
19.85
1.10
9.95
105.14
110.55
0.00
0.00
0.00
0.00
0.00
0.00
0.00
0.00
0.00
0.00
0.00
0.00
0.00
134.00
69.98
0.00
0.00
0.00
0.00
54.45
130.77
20.22
0.00
0.00
0.00
0.00
0.00
0.00
0.00
0.00
0.00
0.00
0.00
0.00
0.00
0.00
0.00
0.00
0.00
0.00
0.00
0.00
0.00
0.00
0.98
0.00
0.00
0.00
0.00
0.13
0.02
0.00
0.00
0.00
0.00
0.00
0.00
0.00
0.00
0.00
0.00
0.00
0.00
0.02
0.00
0.00
0.00
0.00
0.27
0.00
0.00
2.22
2.83
0.00
0.00
0.00
0.00
0.00
0.00
0.00
0.00
0.00
0.00
0.00
0.00
0.00
51.37
208.10
353.17
356.75
313.55
179.47
13.29
0.00
0.00
0.00
0.00
0.00
0.00
0.00
0.00
0.00
0.00
0.00
0.00
0.00
0.00
0.00
89.09
223.56
89.59
5.76
0.00
0.00
0.00
109.46
151.55
150.75
39.58
0.00
0.00
0.00
0.00
0.00
0.00
0.00
0.00
0.01
0.00
0.00
0.00
0.15
0.00
1.64
164.73
51.06
1.15
0.31
0.32
38.75
4.73
0.00
0.00
0.00
0.00
0.00
0.00
0.00
0.00
0.00
38.16
46.38
2.37
0.00
44.55
117.09
241.77
271.85
280.27
294.01
333.41
355.51
355.43
324.23
130.91
13.83
13.97
4.21
0.00
0.00
0.00
0.00
0.00
0.00
0.00
0.00
0.00
0.00
0.00
57.38
219.33
305.70
342.01
358.07
359.92
358.42
358.04
353.63
256.01
174.16
87.74
20.20
0.00
0.00
0.00
0.00
0.00
2.09
70.96
160.97
5.58
0.00
0.51
0.00
131.09
294.76
349.65
354.99
297.76
283.24
283.14
281.42
284.50
280.83
145.63
100.07
43.69
0.00
0.00
0.00
0.00
0.00
67.85
149.31
2.14
0.00
0.00
36.81
209.06
243.30
67.42
9.09
0.00
0.00
0.33
88.67
94.45
99.44
148.06
146.90
6.67
0.00
55.98
7.86
0.00
0.00
86.12
146.03
0.00
0.00
0.00
0.00
182.19
50.02
5.71
0.00
0.00
0.15
0.00
0.00
0.00
0.00
0.00
0.00
0.00
0.00
0.00
0.00
0.00
0.00
106.43
85.45
0.00
0.00
36.80
167.93
96.12
196.24
58.82
39.10
19.73
0.00
0.00
88.57
3.95
94.68
79.73
0.00
0.00
0.00
0.00
0.00
0.00
0.00
0.00
0.00
0.00
0.00
78.08
150.57
101.20
54.17
222.46
343.19
337.26
315.27
303.19
218.44
24.49
0.96
25.37
44.88
27.48
28.47
28.87
29.84
28.84
31.59
28.71
170.16
15.80
0.00
95.68
192.94
250.67
260.36
76.19
6.28
0.00
0.00
0.00
0.00
0.00
0.00
0.00
0.00
0.00
0.00
0.00
0.00
0.00
0.00
0.00
0.00
148.19
147.57
170.11
197.38
119.19
0.16
174.34
343.62
356.61
354.80
356.77
354.10
357.78
262.73
204.79
198.30
105.73
98.74
100.12
97.59
97.34
98.91
99.44
98.38
4.53
85.68
91.03
192.67
199.79
342.53
356.81
357.80
354.83
356.69
356.57
354.04
231.90
248.84
282.12
303.27
184.35
150.51
190.29
116.06
92.79
78.55
80.63
123.15
22.11
0.00
0.00
77.98
270.12
238.70
223.19
222.82
191.25
197.98
223.96
238.77
78.00
19.70
8.94
128.09
149.06
165.48
146.76
94.03
84.44
127.11
8.10
89.50
4.08
0.00
0.00
0.94
0.00
159.26
342.13
355.24
356.37
356.63
356.67
354.07
359.97
356.06
237.53
196.93
107.57
86.27
93.45
100.30
95.67
115.11
186.40
193.73
78.90
0.00
77.41
168.24
0.00
132.53
331.13
347.23
355.14
356.58
354.81
349.96
353.12
217.10
14.88
0.00
0.00
0.00
21.63
0.00
0.00
0.00
94.93
100.72
32.63
0.00
93.58
150.23
20.01
0.00
0.00
169.14
180.81
180.59
180.14
178.55
180.39
179.83
12.80
0.00
0.00
0.00
0.00
0.00
0.00
0.00
87.98
98.39
0.00
0.00
0.00
0.00
0.00
81.52
131.36
131.62
128.50
130.32
131.65
128.63
133.18
128.40
129.79
127.58
84.68
38.28
26.85
26.81
27.38
28.75
109.11
125.89
1.12
0.00
0.00
0.00
0.00
91.00
130.92
131.26
130.17
129.42
129.21
94.42
94.53
6.17
0.00
0.85
9.47
0.00
0.00
0.00
0.00
23.32
135.80
57.20
0.00
0.00
48.42
119.56
125.93
131.11
132.10
135.67
134.80
129.89
129.91
120.44
34.71
108.23
123.40
128.64
127.05
83.17
56.77
23.09
0.00
0.00
118.58
129.56
51.54
0.00
78.19
119.12
126.58
130.47
130.12
128.73
131.51
129.73
129.37
128.28
131.56
129.62
126.70
128.36
127.89
129.95
129.28
14.99
0.00
121.18
128.57
129.67
0.52
0.00
68.82
126.15
129.68
131.38
129.30
126.43
126.03
128.79
128.23
128.30
131.23
128.73
127.22
129.48
129.64
127.82
128.27
128.46
129.25
125.08
128.76
129.76
29.31
38.08
125.32
129.81
124.39
130.60
126.30
128.78
128.28
129.77
130.54
129.70
130.66
128.39
130.23
128.99
129.05
128.22
128.95
128.89
129.79
129.56
129.77
128.82
35.01
72.93
118.81
131.21
15.35
72.99
124.95
127.05
126.53
129.18
130.46
130.77
134.07
131.20
130.48
129.21
124.02
120.96
122.53
121.12
114.43
113.59
116.28
127.58
26.82
0.00
0.00
0.00
0.00
79.20
122.58
120.55
126.53
129.38
130.02
131.76
131.56
127.51
128.61
116.21
82.58
54.88
55.83
57.98
57.47
59.53
59.90
57.65
0.00
0.00
0.00
0.00
0.00
94.80
94.75
99.75
66.91
39.93
40.40
40.56
4.46
0.00
0.00
0.00
0.33
74.30
127.71
126.04
130.79
130.26
131.14
124.65
0.00
0.00
0.00
119.27
123.93
130.34
131.13
130.63
129.89
129.78
129.32
127.96
129.42
129.25
126.73
128.40
128.02
47.65
33.85
31.16
33.09
41.73
44.60
51.64
37.61
0.00
15.27
111.34
126.18
129.80
130.39
129.78
129.73
130.42
130.89
127.89
128.48
129.41
127.23
127.43
126.31
121.58
124.11
124.38
58.19
83.95
121.80
129.33
18.91
0.00
0.00
94.48
127.80
130.80
130.33
130.22
130.89
131.02
129.14
128.58
132.45
129.23
130.12
130.53
129.35
129.76
130.32
128.81
129.01
129.37
129.41
129.06
128.99
128.75
130.56
128.30
130.40
130.25
129.99
130.97
130.52
131.81
129.41
127.91
9.65
0.00
23.34
90.28
126.44
128.51
130.29
128.29
128.71
130.93
132.35
129.72
129.11
130.64
129.72
129.75
128.63
132.04
133.02
130.97
131.32
20.77
0.00
0.00
0.96
121.83
60.09
95.76
128.34
128.83
128.73
127.64
129.18
129.70
129.35
127.44
128.22
128.13
129.22
128.32
129.42
130.91
133.51
130.96
130.59
130.91
131.00
130.32
131.72
128.14
128.87
128.88
128.81
130.49
129.18
128.90
130.12
128.93
128.67
128.58
128.79
127.78
130.41
131.41
128.11
132.90
131.18
132.41
130.84
131.26
130.06
126.77
133.21
131.89
130.69
130.57
128.87
129.73
129.83
128.49
130.28
129.45
130.88
131.21
130.43
129.91
130.84
127.85
131.43
130.85
131.43
129.19
130.82
130.55
129.92
128.94
131.76
128.56
134.73
131.75
129.56
127.00
129.54
128.69
128.34
129.42
129.60
129.91
123.17
121.63
125.50
128.07
127.32
127.81
128.61
132.59
131.92
135.53
133.46
130.46
131.28
129.24
130.44
127.82
128.82
128.12
129.94
129.03
128.22
128.62
129.55
127.58
123.09
121.84
121.11
121.52
123.27
129.69
131.34
129.66
129.51
130.37
129.28
127.06
131.69
129.46
128.33
127.39
128.89
129.68
126.66
128.35
128.23
129.89
129.12
128.74
128.57
121.17
121.07
113.95
122.72
129.08
131.32
128.17
130.03
130.55
128.66
126.70
129.54
12.95
0.00
0.31
0.00
0.00
0.00
0.00
0.00
0.00
0.00
0.00
119.67
13.03
123.78
127.66
0.57
24.50
115.96
121.09
121.63
120.28
120.70
119.70
122.78
106.65
28.99
0.00
0.00
0.00
0.00
0.00
0.00
0.00
0.00
0.00
0.00
0.00
0.00
0.00
0.00
41.65
8.19
0.00
94.83
131.41
130.18
130.05
10.64
102.82
0.00
0.00
0.00
21.39
19.24
2.03
29.58
29.50
28.69
0.55
0.00
0.00
0.00
0.00
118.34
130.56
130.60
130.13
130.93
129.60
131.19
62.10
29.61
29.72
0.00
0.00
0.00
0.00
90.88
126.30
100.06
70.25
112.26
127.19
6.29
0.00
0.00
79.27
31.86
112.57
124.21
127.12
129.63
130.05
128.53
4.67
93.66
110.12
0.00
0.76
1.03
1.49
0.06
0.00
0.00
0.00
0.00
16.80
0.00
0.00
0.00
0.00
0.00
102.97
131.81
130.41
128.95
129.44
129.70
128.59
130.76
129.32
128.83
54.73
12.03
0.00
0.00
0.00
0.00
0.00
1.32
0.19
0.00
0.00
0.00
95.30
124.88
129.69
16.82
0.00
0.00
0.00
0.00
85.03
6.72
92.42
98.07
95.97
113.20
128.42
129.63
127.56
124.47
75.30
84.85
5.57
0.00
0.00
0.00
34.69
0.00
0.20
0.00
78.79
112.36
129.29
129.24
36.70
26.75
25.92
0.00
32.88
75.04
78.05
103.28
39.42
36.51
34.48
10.64
7.37
4.24
7.35
71.87
88.56
138.59
135.32
131.19
131.28
130.22
131.33
130.63
129.25
132.48
100.71
33.68
22.02
3.52
0.04
1.43
0.00
0.17
5.63
7.95
5.12
6.12
8.22
8.05
7.92
5.40
5.83
2.46
4.11
5.00
73.57
80.02
80.81
100.80
100.19
99.69
98.66
100.17
80.03
59.83
59.88
59.21
59.54
14.53
3.13
3.55
2.65
5.33
4.89
4.68
3.56
87.12
90.82
89.91
89.80
90.11
3.94
4.29
5.68
6.89
5.09
5.62
5.67
6.36
5.97
5.50
6.30
6.00
7.03
5.25
6.06
7.43
6.85
6.27
5.71
50.10
7.21
0.00
3.39
56.82
72.45
27.71
2.33
4.47
7.43
6.97
8.28
7.58
7.38
7.68
6.62
4.45
3.63
6.53
7.40
7.84
6.53
6.56
3.29
2.52
3.19
3.07
2.81
3.64
1.22
3.45
2.80
1.90
3.08
2.68
2.96
2.84
2.59
2.37
1.84
1.26
2.73
2.03
1.65
0.00
0.29
0.00
2.58
1.57
3.47
2.70
2.04
2.90
1.55
4.60
2.25
3.23
3.66
1.72
3.07
1.67
2.91
2.90
2.71
2.72
1.12
1.79
2.13
3.79
1.68
3.49
3.25
2.98
3.30
2.76
2.76
4.19
2.36
0.00
2.61
4.31
1.48
3.52
3.56
4.36
2.67
4.95
4.39
4.90
3.37
0.00
0.72
4.17
3.88
2.99
3.07
3.88
3.65
1.85
4.51
2.96
2.34
5.00
2.98
0.36
3.50
2.03
1.04
0.83
3.42
3.30
4.70
3.57
3.03
2.37
3.38
4.46
2.63
4.85
3.59
2.74
4.15
4.28
3.80
4.15
4.25
4.13
3.76
4.21
4.74
3.81
4.50
4.80
4.75
5.36
3.66
3.57
3.97
0.00
4.39
3.83
3.45
5.09
4.21
5.45
5.23
4.64
5.31
4.97
3.64
5.32
5.27
4.47
4.60
3.75
4.79
4.58
4.59
4.36
3.98
4.12
1.83
2.83
4.57
5.02
4.50
4.35
4.53
4.89
3.55
4.22
4.33
3.57
3.37
5.76
3.45
3.75
3.37
0.00
3.97
3.59
1.61
3.53
2.44
3.25
2.71
3.76
5.14
5.14
4.49
4.71
2.43
4.13
5.31
4.81
5.09
4.70
3.18
5.01
3.07
2.86
1.90
2.71
3.24
2.11
1.83
2.35
1.80
3.69
3.40
1.74
2.14
3.15
3.05
3.80
1.11
0.28
1.44
2.72
0.98
1.50
0.00
2.95
2.10
2.22
1.58
1.83
2.63
3.03
6.50
3.41
1.98
2.61
2.14
0.00
1.45
3.54
3.59
2.96
2.72
0.00
0.00
0.00
1.20
0.96
3.42
5.11
1.31
1.99
2.29
1.55
0.00
0.00
0.62
1.64
1.78
3.86
2.45
2.40
2.34
3.54
3.35
3.40
3.47
6.50
0.32
4.40
7.69
5.40
4.56
10.20
6.16
6.13
5.59
5.59
7.26
7.86
7.30
7.30
3.11
2.29
1.73
1.67
2.39
2.93
2.38
2.57
3.42
7.19
3.17
2.72
2.35
2.47
1.41
4.63
2.04
2.49
1.08
2.36
1.30
3.77
2.25
3.22
2.32
0.92
1.99
1.71
1.11
0.93
1.12
2.32
0.72
0.18
1.86
0.00
2.06
0.67
0.16
2.09
2.68
0.71
3.02
2.63
1.79
3.38
1.29
3.20
1.20
2.90
3.73
0.54
2.89
2.98
2.65
3.24
1.52
2.22
3.06
1.90
2.71
2.67
2.55
3.82
1.86
3.19
1.52
2.48
3.93
3.52
4.65
3.03
1.47
3.28
2.12
2.12
2.63
4.25
4.11
3.28
2.80
2.73
2.59
2.20
2.66
2.88
2.21
3.78
0.78
3.67
0.58
2.00
4.02
2.64
2.69
4.13
0.00
1.45
3.16
2.31
5.20
4.18
3.19
2.87
2.78
4.36
3.17
3.56
3.70
2.08
2.62
4.73
2.39
3.28
2.54
1.83
2.06
3.31
2.73
1.41
3.20
3.22
1.43
1.87
2.74
3.32
2.92
3.52
1.58
3.93
2.31
1.68
4.45
2.69
1.27
5.03
2.35
1.83
2.63
2.40
2.27
3.87
2.36
2.57
3.67
2.74
2.54
1.79
2.99
4.18
2.19
3.07
5.46
3.09
3.98
3.19
2.83
2.28
1.71
3.51
1.56
2.45
3.51
1.83
3.07
4.79
3.25
4.75
3.97
4.28
2.15
3.00
4.18
5.88
3.12
4.41
4.62
4.52
5.87
4.60
4.13
3.65
3.28
6.14
4.39
3.03
4.14
3.32
4.57
5.72
4.46
3.88
4.00
2.95
1.79
1.41
3.03
3.44
3.45
3.82
3.86
2.93
3.24
3.44
3.46
3.49
3.16
3.40
4.33
1.85
0.00
4.44
1.22
3.72
3.19
3.35
1.33
3.97
3.12
1.88
1.89
3.28
3.34
3.13
2.62
3.49
2.62
2.49
3.33
2.80
0.00
3.97
1.75
3.16
3.22
4.37
3.67
3.98
1.72
3.10
2.82
2.80
2.06
0.00
2.72
4.20
2.34
3.61
2.47
2.02
3.92
3.42
4.48
3.02
3.11
4.89
2.77
2.15
3.59
3.53
0.41
3.47
1.80
1.81
2.77
2.22
3.10
2.05
2.99
3.02
1.96
2.89
2.96
3.66
3.66
3.15
3.94
2.75
2.34
5.39
1.69
2.14
3.11
2.78
2.43
3.56
3.63
3.04
3.02
1.79
2.81
2.33
3.57
3.82
2.94
2.89
4.64
1.25
2.42
2.80
3.17
2.02
1.96
3.77
2.09
0.00
4.79
2.35
3.31
3.31
0.98
3.39
1.94
3.46
1.40
0.34
2.77
2.57
2.61
4.71
2.92
1.93
4.00
3.91
3.27
2.55
2.50
3.63
3.25
2.02
3.46
2.85
7.43
4.00
2.66
2.99
3.52
3.18
2.86
1.89
3.57
2.95
1.46
5.64
1.76
1.78
1.82
3.05
2.02
3.59
2.04
4.11
1.97
2.50
1.46
2.95
3.99
2.07
3.29
2.65
2.53
2.43
3.30
0.93
2.63
1.77
3.41
3.87
1.71
2.98
2.17
2.73
4.35
2.91
3.94
2.77
3.48
5.21
3.00
0.00
0.00
2.89
2.03
4.05
3.12
2.95
2.74
0.00
2.89
3.41
2.43
3.40
3.44
1.85
2.67
3.18
1.82
1.69
0.52
3.06
1.69
0.88
2.37
0.57
2.60
2.76
1.13
1.30
1.91
1.60
3.18
0.77
3.63
1.01
2.60
47.90
101.50
66.47
3.73
2.56
6.90
73.87
54.53
53.44
53.24
18.07
2.02
1.30
1.79
3.71
2.88
3.57
3.80
3.66
3.41
1.60
3.16
3.12
4.31
3.47
96.40
100.27
105.34
130.42
129.83
129.21
127.45
14.31
0.21
3.43
2.65
3.79
3.64
3.20
2.59
4.10
0.76
2.97
3.56
0.00
2.55
4.91
2.46
77.08
125.50
131.34
129.58
129.05
131.16
128.75
127.93
130.76
131.98
129.84
80.72
2.29
2.03
1.89
2.62
0.33
0.99
2.33
3.19
0.00
2.61
3.29
3.91
85.71
125.34
130.56
128.70
129.34
131.09
129.64
129.06
132.56
128.64
128.94
129.09
130.52
128.62
130.91
133.31
129.03
129.89
128.34
113.23
0.00
3.88
3.82
116.37
130.88
129.36
132.03
130.68
130.40
130.05
130.21
129.76
132.17
132.62
133.10
135.61
136.67
133.60
134.92
133.66
133.00
130.75
131.98
137.18
130.01
133.67
134.52
134.84
135.12
133.74
134.58
134.09
134.04
132.54
133.21
133.47
133.42
131.32
115.74
130.14
71.00
16.44
1.38
1.41
0.45
1.47
76.73
87.92
0.00
1.22
2.54
87.79
129.15
130.37
132.10
131.28
131.31
130.79
130.07
130.51
130.97
104.08
40.87
3.62
0.00
0.00
0.00
0.00
0.00
0.73
2.23
0.38
0.00
0.38
2.33
1.77
2.46
0.47
1.19
1.10
1.76
2.15
1.34
0.69
0.22
2.76
0.66
0.00
0.61
0.85
3.63
1.42
0.00
1.11
1.11
0.00
0.00
0.00
0.00
1.73
0.41
1.09
0.05
0.00
0.78
125.18
131.10
129.64
54.60
0.95
2.34
1.25
0.87
1.17
1.42
2.32
0.00
1.54
3.33
1.88
0.03
0.92
2.70
2.63
1.85
44.46
50.72
6.37
0.78
1.44
2.23
2.01
3.87
1.60
2.58
0.00
2.19
0.19
1.81
2.01
2.11
2.57
1.44
2.57
0.00
2.55
0.95
62.03
24.04
4.14
114.07
128.62
129.75
129.75
129.34
129.06
36.86
0.49
0.00
2.63
0.30
1.57
0.78
2.72
1.97
0.84
1.28
57.57
16.78
0.75
1.48
3.35
1.99
2.50
118.57
24.48
1.42
2.26
2.38
0.98
5.29
3.12
1.45
0.42
128.90
132.26
133.10
131.98
14.10
1.64
1.62
0.00
0.00
3.81
2.61
100.95
133.58
133.59
133.46
98.20
7.88
5.72
51.23
5.83
2.54
2.41
2.75
0.00
0.77
0.00
1.73
0.36
2.15
2.56
2.15
59.54
10.57
1.83
1.83
3.11
1.12
4.36
126.31
133.34
132.23
135.37
132.30
46.17
2.66
0.00
0.89
1.56
2.67
2.84
3.92
1.11
0.90
1.04
1.78
120.69
32.27
1.83
3.86
0.54
63.01
69.35
127.51
130.12
125.93
127.22
128.69
22.20
2.77
0.08
0.51
0.78
1.25
0.66
1.05
0.52
1.44
3.22
2.72
1.58
1.26
1.47
2.14
0.42
3.11
1.91
2.44
13.96
3.48
1.34
1.19
0.00
1.98
1.85
1.68
0.68
1.38
3.31
1.37
0.00
2.96
1.18
1.31
2.35
0.00
1.71
2.55
0.36
1.33
2.26
1.83
1.71
0.00
0.47
1.82
0.00
3.37
1.87
1.10
2.17
0.17
0.45
0.00
0.59
0.00
2.43
2.49
2.23
0.00
0.29
2.74
1.54
0.30
1.64
0.00
1.56
1.67
0.84
1.96
0.95
3.84
0.00
0.00
0.18
1.70
0.65
1.67
2.18
1.09
0.89
2.15
1.29
1.98
0.00
2.61
1.35
1.04
2.04
0.68
2.66
0.39
2.75
0.11
0.49
3.77
1.06
0.43
0.31
3.29
0.51
0.10
0.00
1.87
1.03
3.00
2.80
0.00
2.03
2.14
1.25
2.37
2.83
2.42
1.61
2.93
2.89
0.78
0.00
1.04
0.44
0.00
0.00
0.00
0.53
5.30
0.04
0.57
1.92
1.64
1.97
0.22
1.14
3.80
0.46
0.45
4.43
0.00
1.03
2.44
1.99
1.11
0.00
2.95
1.82
0.00
0.45
2.61
2.15
2.05
1.44
2.25
2.05
2.35
2.57
0.00
0.59
0.94
2.33
1.64
4.36
1.24
2.11
1.37
1.66
0.48
0.00
2.71
0.09
0.00
1.40
0.80
1.04
1.01
0.72
2.13
1.03
1.24
0.36
0.00
1.90
0.50
0.49
1.71
3.08
2.61
1.93
2.02
1.66
115.32
8.87
1.74
0.00
1.83
1.94
1.57
1.96
2.66
1.72
6.43
1.95
4.81
1.89
0.00
3.78
2.18
2.12
4.10
131.14
8.76
2.14
1.71
2.11
2.28
1.19
4.13
1.46
1.41
1.86
0.69
1.08
2.72
3.53
1.22
3.36
2.03
1.41
0.67
2.03
2.45
0.97
3.57
3.99
0.72
3.50
4.29
2.79
1.91
2.09
5.68
0.77
1.30
1.71
2.21
2.04
2.36
3.05
1.79
2.95
3.34
3.20
0.10
3.47
3.97
2.44
3.22
2.27
1.05
4.93
3.13
3.43
3.48
0.21
4.79
0.26
0.00
2.42
0.00
1.31
3.73
2.24
2.21
2.79
2.60
3.66
1.51
1.62
3.61
3.66
3.91
0.53
3.37
4.13
1.87
2.63
2.21
2.68
2.84
2.73
0.00
0.00
0.00
0.00
0.00
0.00
0.00
0.00
0.00
0.00
0.00
0.00
0.00
0.00
0.00
1.93
2.78
1.76
2.82
1.79
2.09
0.74
3.48
1.63
0.00
0.00
0.00
0.00
0.00
0.00
0.00
0.00
0.00
0.00
0.00
0.00
0.00
3.11
4.27
1.45
3.91
1.72
0.55
0.00
3.21
0.49
2.80
73.60
76.88
3.97
3.98
6.29
0.00
1.43
3.19
3.14
67.94
79.11
21.91
1.22
2.77
1.78
0.00
49.24
200.92
252.61
302.91
304.61
303.50
163.00
151.27
132.76
118.32
10.27
2.27
1.91
2.79
0.22
3.06
0.00
17.19
99.79
10.09
2.73
4.85
24.91
2.53
86.48
108.45
129.17
153.37
155.63
155.22
102.26
100.13
75.99
1.95
1.44
0.96
2.07
3.09
1.36
2.42
2.19
2.65
2.22
0.07
2.95
2.32
1.00
1.98
85.46
0.00
0.00
0.00
27.98
182.33
180.75
182.25
126.33
111.70
10.36
1.93
1.99
2.34
2.19
2.15
2.29
1.95
2.21
1.91
1.64
2.52
1.93
2.20
1.33
109.20
185.68
202.14
201.02
201.51
201.28
201.83
36.96
0.48
30.40
33.38
33.64
24.79
1.78
1.86
2.75
2.17
0.64
2.06
1.84
28.46
122.36
97.66
144.29
225.47
281.24
283.39
283.81
263.46
157.41
143.89
30.11
0.23
2.41
0.00
0.00
2.35
1.01
2.52
1.90
2.97
1.84
2.19
2.19
3.09
2.18
2.49
133.23
13.64
0.00
0.00
0.00
0.00
0.00
0.94
0.00
0.00
2.72
1.79
2.85
2.18
2.99
2.63
1.77
3.74
1.99
0.93
2.21
2.83
2.01
3.18
2.54
2.12
1.28
2.48
1.62
3.58
1.21
2.48
0.00
0.61
3.04
3.03
2.25
0.71
1.38
3.06
1.17
2.66
3.71
0.92
2.28
2.11
1.36
3.95
2.58
2.16
3.31
2.81
2.07
1.33
0.21
2.81
2.21
1.28
2.80
1.16
0.00
2.34
1.71
2.94
2.95
2.16
3.45
0.00
2.51
1.58
1.38
3.88
1.27
3.94
3.27
3.21
1.94
2.39
0.00
3.05
2.22
0.30
0.00
2.47
2.75
1.64
1.89
2.58
1.54
1.55
3.86
2.12
1.21
3.11
2.89
3.83
3.78
143.34
18.41
5.01
3.80
2.99
48.12
7.90
0.00
0.00
0.69
1.45
2.73
1.67
2.49
0.00
0.00
2.32
1.47
2.43
1.38
57.71
123.85
158.41
116.29
291.33
404.20
409.96
408.62
408.03
408.11
410.87
407.17
366.20
346.79
369.66
378.95
329.83
323.28
329.83
324.70
369.34
301.70
139.68
138.90
247.74
395.86
409.37
379.98
388.77
406.71
409.11
361.23
402.02
328.64
300.66
304.12
211.61
22.51
1.95
1.37
2.50
3.38
1.52
2.73
1.72
1.62
3.07
2.03
2.60
2.68
3.68
2.94
2.13
1.97
2.76
2.76
1.50
0.95
3.43
0.00
1.52
1.19
2.91
3.18
3.17
5.56
3.01
1.36
2.47
2.79
0.69
2.23
3.65
3.42
2.81
2.50
1.58
1.63
3.13
2.15
1.40
0.00
2.96
2.97
1.60
2.60
2.82
0.83
2.12
2.24
2.67
2.47
1.82
1.80
1.19
3.96
3.02
2.78
4.08
3.64
0.78
2.52
2.54
3.07
2.94
1.31
3.47
1.33
0.65
1.36
1.97
1.28
2.10
1.02
2.43
2.20
2.64
1.50
0.00
2.52
3.18
1.87
3.00
2.05
1.34
2.72
2.56
1.28
1.06
0.13
2.66
0.50
0.58
0.78
0.04
1.48
3.06
2.76
3.01
2.87
3.62
2.10
0.00
3.17
3.28
1.77
3.41
2.37
1.67
2.94
3.58
2.04
2.61
1.08
4.76
0.00
2.39
2.21
1.61
1.57
2.70
3.72
3.01
2.69
3.87
1.79
0.00
0.00
0.00
0.00
3.43
3.69
2.86
3.25
3.05
4.16
2.41
1.37
4.22
2.75
2.43
0.13
0.19
0.00
2.33
2.13
2.01
1.18
2.22
1.67
2.25
0.72
0.66
2.59
1.79
2.65
1.95
1.94
2.23
1.27
1.61
1.75
2.07
1.52
0.00
0.00
0.00
0.00
0.00
0.00
0.00
0.00
0.00
0.00
0.00
0.00
0.00
0.00
0.00
0.00
0.00
1.22
2.56
1.79
1.74
0.85
3.46
0.27
0.00
0.00
0.00
0.00
0.00
0.00
2.19
2.88
3.45
3.04
2.92
2.85
3.10
1.06
3.06
1.67
182.50
235.22
297.17
304.05
304.56
155.03
151.29
240.45
164.52
18.40
2.49
2.03
2.43
2.79
2.40
2.88
2.82
2.51
0.00
2.50
2.93
67.89
169.69
188.10
67.28
174.62
197.64
111.18
100.34
99.31
99.00
73.46
25.54
0.00
0.00
0.00
0.00
0.34
0.00
2.83
2.37
2.38
0.00
1.14
2.43
2.88
137.19
153.53
157.78
140.75
132.45
57.82
92.13
99.16
143.45
187.37
29.63
2.57
1.85
2.63
2.63
2.30
1.46
2.42
3.09
84.16
15.69
1.56
4.06
184.41
12.64
4.10
2.38
3.93
4.35
3.08
2.34
0.89
4.34
0.59
1.68
1.67
1.62
0.65
2.22
1.92
2.52
2.72
2.25
3.01
0.18
2.42
4.04
2.16
4.08
2.19
3.55
2.17
4.07
2.06
2.27
2.09
4.16
2.12
1.73
2.07
3.04
2.24
2.82
1.47
1.82
2.32
1.13
1.30
1.64
1.93
2.36
2.35
2.31
2.23
0.94
1.09
0.00
2.13
2.41
2.12
2.83
1.41
0.89
1.90
1.32
0.21
4.72
1.61
0.56
2.03
2.54
2.32
1.39
0.84
2.42
2.22
1.40
0.67
2.95
2.18
1.84
5.43
0.61
1.53
3.45
1.52
0.00
0.00
2.64
1.03
2.65
2.30
2.75
3.00
3.01
2.69
0.00
2.40
3.19
0.32
3.89
2.09
2.79
3.10
1.55
2.43
1.82
0.52
4.12
1.72
0.98
2.01
1.78
1.93
2.53
3.11
3.03
2.87
3.55
2.64
1.99
3.25
3.33
2.04
2.97
2.80
2.47
3.85
2.70
1.26
2.44
1.30
3.02
0.55
0.36
2.39
1.54
3.32
1.75
1.65
1.06
2.34
2.99
1.55
1.38
3.61
1.16
1.89
2.75
2.99
2.00
2.75
2.61
3.67
2.22
0.11
4.25
0.95
2.00
6.24
1.37
1.80
3.11
2.23
1.99
0.35
2.46
0.17
0.00
4.93
3.71
4.33
3.05
3.83
1.04
3.37
2.30
2.95
2.57
1.45
2.03
0.11
0.74
0.55
2.71
0.00
3.36
1.80
3.39
2.20
2.53
1.71
0.00
3.05
5.12
3.68
3.66
3.66
1.88
4.07
1.23
2.01
1.96
2.08
4.35
2.42
2.28
1.59
0.44
1.58
1.34
2.09
1.86
2.91
1.84
1.84
0.00
0.00
0.00
1.26
3.07
2.58
0.92
2.25
2.56
3.01
2.65
0.37
6.36
4.23
0.74
2.37
2.10
2.13
3.88
1.65
2.96
2.25
1.99
4.74
1.84
0.65
3.46
2.08
2.74
2.48
3.45
1.44
2.25
3.03
2.61
0.37
3.59
0.00
0.19
4.54
1.52
1.72
2.50
2.16
1.76
3.48
1.49
2.30
1.12
1.17
0.00
1.41
8.29
2.41
2.33
3.28
2.49
1.92
2.09
1.12
3.75
0.79
2.17
0.82
2.08
1.32
1.49
1.81
1.91
1.99
3.34
2.92
0.00
1.31
2.48
1.89
1.01
3.20
2.00
2.81
0.83
0.76
1.82
0.00
2.78
0.57
1.88
1.91
0.00
1.79
0.24
1.52
0.67
2.24
2.43
2.62
0.00
2.40
1.68
1.24
3.49
1.47
1.05
3.64
2.12
1.93
2.07
0.00
1.87
0.82
0.93
4.00
0.00
0.00
0.00
0.00
0.00
0.00
0.00
0.00
0.00
0.00
0.00
0.00
0.00
2.78
2.46
2.92
1.88
2.96
1.23
1.35
3.72
0.93
0.98
2.08
2.77
0.41
1.32
0.80
2.68
1.10
1.94
2.17
0.00
0.00
0.00
0.00
0.00
0.12
0.00
0.00
0.00
0.00
0.00
0.00
0.66
0.00
0.39
0.00
0.00
0.00
0.00
0.00
0.00
0.00
0.00
0.00
0.00
0.00
0.00
0.00
1.60
2.37
0.83
1.67
1.44
0.54
0.65
0.27
5.70
2.59
1.32
0.00
0.00
0.00
0.00
0.00
0.00
2.72
3.09
2.06
2.53
2.07
2.77
1.23
3.39
1.99
2.46
1.59
3.34
1.02
1.45
0.00
2.95
0.28
0.58
0.00
0.20
0.08
1.56
2.34
0.41
2.00
1.67
2.91
1.07
1.48
2.89
1.15
2.15
2.45
0.09
2.69
0.90
1.03
0.74
0.00
4.28
2.57
2.23
2.83
0.52
1.49
1.79
0.65
1.32
1.62
1.64
3.33
0.38
1.80
3.53
1.20
1.81
0.79
0.00
1.83
1.83
1.54
0.99
0.22
2.56
0.00
1.36
1.04
1.00
1.43
3.00
0.93
1.19
0.00
2.44
3.51
0.00
1.76
2.75
1.17
1.47
3.34
3.36
0.72
1.89
1.54
1.94
0.00
2.30
0.39
0.00
0.00
0.00
0.23
2.03
2.21
2.13
4.12
2.94
4.86
1.33
5.47
3.62
3.55
1.64
0.00
128.27
145.40
147.36
150.44
151.13
20.70
2.91
0.86
1.45
1.08
1.36
0.98
1.87
1.82
3.20
2.99
3.85
0.94
0.00
0.00
1.29
2.96
3.32
6.31
0.54
0.00
0.00
0.00
0.00
0.00
0.00
0.00
0.91
0.00
2.76
2.00
0.55
3.52
2.18
5.21
4.89
0.00
0.00
0.00
0.00
0.00
3.61
2.55
1.77
2.69
3.03
2.34
84.06
143.49
73.98
0.00
2.68
2.02
0.00
1.18
1.40
0.07
0.00
1.62
1.03
4.00
0.00
2.23
2.55
3.44
1.20
1.51
0.61
2.39
1.60
1.13
1.14
0.22
2.90
0.70
0.05
0.92
0.80
0.00
2.06
1.19
2.13
1.02
1.93
3.25
1.79
2.95
3.14
2.29
1.37
2.37
4.32
1.51
3.04
2.72
2.37
1.68
4.18
2.01
0.09
1.49
0.74
1.16
2.84
1.67
1.80
0.00
0.00
0.00
0.00
2.49
0.85
3.24
1.24
1.84
1.42
2.32
3.06
2.25
1.41
1.95
3.33
1.29
0.00
0.15
0.00
0.37
2.14
0.02
2.02
1.63
3.08
1.70
0.00
3.80
3.54
3.29
4.42
3.16
1.13
3.76
3.19
2.39
2.94
0.75
2.88
1.02
0.00
1.06
1.79
0.66
2.58
1.68
1.65
2.22
2.51
1.68
0.33
2.57
1.49
3.22
3.01
0.78
2.09
2.29
3.22
2.16
2.80
2.12
3.80
0.97
1.77
0.61
1.51
6.97
0.35
2.64
3.72
2.28
2.75
1.56
0.95
5.50
3.70
2.58
3.35
2.13
1.76
1.90
2.18
2.69
1.60
2.19
3.30
1.77
1.04
0.96
1.04
0.00
0.95
0.00
0.00
14.92
14.78
14.52
13.01
16.72
16.54
16.95
14.86
10.83
2.60
1.89
3.15
1.51
2.12
2.39
2.48
2.36
2.12
2.20
0.00
0.00
2.84
2.29
0.00
3.37
1.08
2.43
0.00
2.14
1.68
2.20
2.15
1.83
1.66
1.60
0.85
1.43
2.30
0.55
1.38
0.68
0.00
0.70
1.86
0.00
0.38
0.04
0.00
2.08
1.84
2.71
0.29
3.28
2.71
4.15
2.61
2.25
0.00
0.21
0.00
1.93
1.13
0.10
2.17
1.22
0.79
1.91
0.69
0.77
1.21
1.55
1.60
1.65
1.68
1.53
0.00
2.19
3.40
1.42
3.29
3.33
1.34
2.43
1.64
3.50
2.85
1.52
3.78
1.58
0.84
1.57
2.36
3.05
2.36
1.63
2.55
2.91
3.13
3.51
1.11
2.47
3.00
3.66
3.37
1.87
1.82
3.14
2.50
2.13
0.83
1.02
3.44
1.15
0.00
0.16
0.61
1.51
1.11
0.55
0.11
2.03
1.56
1.83
0.00
2.24
2.46
1.91
3.32
1.77
2.70
6.00
6.50
1.40
1.71
1.87
1.45
1.01
0.00
1.17
0.22
0.14
0.58
1.65
1.23
0.93
1.85
1.87
0.00
0.00
0.00
0.00
1.62
1.19
1.99
2.49
0.00
0.40
0.29
1.46
2.58
0.00
1.20
1.37
0.50
1.37
0.52
8.70
7.77
0.39
1.25
1.45
0.00
0.00
0.00
1.38
3.80
0.00
2.28
1.85
3.95
1.93
1.05
0.00
3.86
0.63
3.26
1.37
1.39
0.59
1.69
0.00
2.09
2.87
1.21
2.40
2.48
2.76
1.89
2.74
1.90
3.13
2.02
2.90
1.55
2.16
1.70
1.32
3.20
2.11
0.00
0.39
0.00
0.00
1.23
2.18
2.77
2.57
2.24
1.37
0.00
4.24
3.71
3.04
3.85
3.51
2.05
2.79
2.21
1.45
3.22
1.83
2.39
2.01
0.80
2.08
2.26
1.32
2.83
2.59
4.41
1.60
0.00
1.99
0.00
1.89
3.15
3.13
1.69
1.99
1.62
2.16
1.20
1.07
1.53
0.00
2.63
2.20
0.00
1.16
0.36
3.87
0.00
0.87
0.00
0.00
0.00
0.00
0.00
1.90
4.41
2.72
2.64
2.39
2.85
1.39
2.21
1.82
2.76
1.48
3.20
2.09
0.75
0.49
4.93
1.05
1.96
0.97
0.68
0.75
0.71
2.16
0.00
2.77
3.66
1.67
2.04
3.11
2.68
3.10
2.14
2.16
1.23
0.92
3.15
1.26
0.00
1.01
1.32
2.06
1.63
2.13
2.97
2.14
1.77
0.31
1.09
3.10
2.32
1.75
2.78
2.30
1.55
2.47
1.11
2.50
1.27
9.22
12.67
14.77
14.55
1.93
0.99
2.92
2.19
0.74
1.10
1.57
1.90
2.05
0.00
2.86
4.23
1.37
5.13
1.24
4.27
1.93
4.25
3.12
2.43
3.31
5.10
1.94
1.48
0.85
1.83
0.00
2.04
2.36
3.60
2.87
8.50
2.37
2.07
3.05
2.64
5.29
5.88
3.03
2.70
3.07
2.30
2.81
2.60
1.94
3.41
2.37
2.02
0.00
2.31
0.51
1.63
3.98
0.00
0.00
0.00
0.00
0.00
0.00
0.00
0.00
0.00
3.44
1.87
2.46
1.44
2.81
1.11
2.70
2.19
1.06
1.68
0.68
1.48
0.04
2.52
0.81
0.00
0.66
1.87
2.48
0.00
2.48
3.06
6.22
3.45
2.91
0.93
1.45
2.23
1.71
1.00
0.84
2.99
1.01
0.00
0.79
1.87
1.08
1.52
0.00
2.65
0.00
0.00
2.13
0.00
1.88
1.19
1.84
2.60
2.65
2.17
2.74
2.56
3.33
1.24
2.11
2.38
3.17
1.63
0.92
3.36
4.23
2.09
2.18
3.60
2.37
1.16
3.64
1.27
3.71
5.58
0.90
2.84
2.79
3.42
1.90
2.44
2.15
1.93
1.63
2.66
3.17
2.34
1.01
2.94
3.41
2.80
1.77
2.62
1.48
1.94
0.00
0.00
1.69
2.07
3.30
2.56
1.63
1.95
1.96
1.63
1.26
0.74
1.58
2.60
0.93
2.62
0.00
1.52
2.36
2.06
1.18
1.74
1.13
0.00
0.00
1.38
2.12
0.60
3.24
2.03
2.64
1.85
3.52
1.82
0.25
3.78
2.20
1.45
0.99
0.00
0.20
0.67
2.12
1.69
0.42
0.00
2.49
2.36
1.04
0.00
2.58
1.20
3.09
4.18
1.96
1.93
4.11
1.98
1.53
0.84
0.38
2.27
0.00
0.00
0.00
1.52
0.34
0.44
0.00
0.00
2.46
3.22
1.19
1.12
3.80
4.25
2.63
2.77
3.08
2.61
1.85
3.20
2.43
1.58
2.59
1.99
0.02
0.00
0.00
2.01
0.51
2.78
0.67
1.53
1.38
0.71
0.00
0.65
0.00
0.00
0.91
3.89
4.73
3.09
2.47
2.22
2.72
1.72
2.44
2.85
0.00
0.00
0.92
1.06
1.39
2.65
1.97
1.90
1.65
0.00
0.00
0.55
4.05
2.99
0.43
2.53
3.09
3.83
1.14
2.26
1.05
1.72
2.17
1.30
0.13
2.11
1.57
0.18
0.00
0.00
3.04
3.03
2.05
1.05
3.19
0.00
4.35
2.56
1.68
2.31
2.91
2.79
1.49
2.27
2.68
3.14
1.74
3.42
1.81
1.18
2.99
2.38
0.70
1.89
0.66
2.25
1.29
1.25
0.00
0.00
1.79
2.29
1.97
1.62
1.94
1.26
1.31
4.57
2.51
1.32
1.77
1.76
0.25
0.80
1.71
0.69
0.28
0.74
0.91
1.17
1.35
1.44
1.08
0.00
2.13
1.77
1.93
2.38
1.86
0.94
3.44
0.00
2.84
2.37
2.05
1.88
0.38
0.00
0.00
0.32
0.00
2.12
0.00
1.52
0.00
2.40
0.76
0.00
1.86
1.25
0.67
2.80
2.14
1.21
2.32
2.96
2.25
3.26
3.42
5.52
0.06
0.78
0.33
2.01
0.38
2.78
0.15
2.35
2.14
3.07
2.42
0.00
0.00
2.14
1.71
4.93
2.61
0.00
2.34
1.93
2.01
1.43
1.70
1.65
1.26
0.12
2.24
0.62
0.81
1.10
0.23
0.50
0.94
1.03
1.28
0.60
2.00
2.40
2.55
2.38
0.91
1.67
2.59
0.78
1.87
1.44
1.05
2.56
0.31
0.00
0.00
0.00
0.00
0.00
0.00
0.00
0.00
0.00
0.00
0.00
0.78
2.33
3.84
3.26
3.98
2.11
1.04
1.12
2.34
0.59
1.19
2.44
0.33
0.00
0.00
0.96
0.45
1.54
0.00
1.45
1.00
2.30
0.00
0.61
2.00
0.51
3.06
2.43
3.42
1.83
1.22
2.08
1.94
1.69
2.20
2.33
0.72
3.92
4.50
0.76
2.39
0.28
1.38
1.06
6.40
9.90
6.63
1.04
1.76
3.74
2.72
2.88
2.08
1.25
3.27
2.33
2.99
1.57
2.85
2.55
1.78
1.84
1.47
1.16
4.35
1.61
1.01
2.78
2.62
2.03
3.06
0.00
1.19
2.54
2.49
2.99
3.02
2.04
1.90
2.37
2.53
2.29
0.39
4.21
0.85
2.53
1.41
0.77
2.49
1.23
1.00
1.32
0.98
2.86
1.99
1.90
1.91
2.51
2.69
3.71
2.27
3.33
1.82
2.07
2.63
1.38
0.96
2.00
1.77
0.66
0.41
0.40
0.71
2.41
0.00
0.00
1.75
0.67
3.05
0.00
1.27
3.11
3.18
4.78
3.00
3.04
2.28
3.44
2.64
2.51
2.28
2.66
2.06
1.14
0.12
0.82
1.63
2.92
1.47
1.32
1.74
3.13
2.13
0.00
2.23
3.85
1.44
2.55
2.99
1.98
2.72
2.53
0.00
0.07
0.56
2.97
1.36
0.97
2.02
86.19
86.41
0.06
98.56
73.47
47.14
32.97
1.50
0.53
1.91
1.82
0.00
2.12
2.73
0.15
1.71
1.12
4.18
2.60
1.16
2.48
0.93
0.81
78.16
168.31
253.42
109.80
8.44
0.16
2.21
1.54
1.58
1.93
3.91
2.28
2.29
0.70
2.00
2.65
2.64
3.01
3.09
3.15
3.50
3.39
2.78
1.95
3.57
1.11
2.02
2.04
2.23
3.10
2.38
2.54
1.77
0.47
2.76
2.93
2.46
2.22
3.02
2.04
2.52
3.82
3.07
0.34
3.00
2.04
1.63
0.84
1.74
1.73
1.30
1.91
1.07
1.90
1.28
1.95
2.65
0.00
1.23
2.11
2.22
4.22
2.21
0.00
2.06
2.14
0.05
2.93
1.76
2.60
2.62
0.00
1.56
0.23
0.74
2.38
0.53
2.46
2.32
3.35
6.57
0.00
0.76
0.32
2.06
2.07
1.61
5.97
6.09
6.77
6.26
3.66
0.00
2.66
0.73
0.00
0.00
0.22
2.72
1.43
1.25
0.39
2.19
1.76
1.43
0.00
1.21
0.76
2.13
1.10
3.26
2.11
1.90
1.31
1.99
1.17
0.33
3.78
0.09
2.16
2.35
1.97
1.24
3.61
1.51
2.30
1.50
4.44
1.98
0.85
2.66
2.40
2.90
3.75
2.89
1.51
1.66
2.63
1.70
1.51
2.01
3.31
0.17
3.72
1.97
0.15
2.56
2.80
0.00
2.96
0.00
3.01
1.82
0.00
2.98
2.26
2.10
2.96
3.96
0.36
2.29
3.15
2.15
1.67
1.12
2.48
0.90
2.76
0.70
0.00
2.37
0.84
1.65
0.83
1.44
2.31
0.47
0.21
1.37
0.10
2.79
2.87
2.80
1.68
1.65
1.65
2.14
2.25
1.34
2.63
1.83
0.90
1.78
0.91
0.85
2.55
0.00
3.87
2.29
2.47
2.71
0.00
3.27
1.27
1.36
2.23
3.01
1.85
1.36
1.53
0.46
2.10
1.75
2.02
1.74
1.01
2.20
0.70
1.28
0.84
0.41
1.67
2.47
2.20
1.82
1.76
1.51
2.11
1.75
1.59
0.34
1.47
1.02
2.95
0.30
0.49
2.47
2.77
1.90
2.07
1.05
0.00
0.00
1.34
1.61
0.00
1.88
2.24
4.62
0.00
3.65
3.34
3.33
6.14
3.27
1.42
2.09
3.86
1.95
4.05
2.05
5.70
3.70
1.58
1.24
1.55
2.69
1.38
2.39
3.23
3.78
2.72
2.45
0.00
1.41
2.34
2.61
2.10
1.68
1.97
1.63
2.44
1.39
2.71
1.27
3.16
1.75
0.00
2.94
1.93
1.68
0.00
0.00
1.04
0.08
4.23
2.34
0.59
2.03
1.40
2.35
2.86
1.94
2.07
1.97
2.25
1.61
1.55
0.77
3.62
0.43
2.24
3.91
2.74
3.32
1.82
2.14
2.06
2.60
2.63
0.00
0.00
1.97
4.79
8.43
3.97
2.79
1.43
2.24
1.98
2.20
1.34
0.91
3.30
1.07
1.57
2.38
2.63
3.00
1.69
1.15
3.35
2.49
3.07
3.48
0.47
4.18
3.44
3.78
3.97
2.52
4.74
3.38
2.23
3.23
1.52
2.65
2.20
0.00
0.00
2.32
1.16
1.72
2.28
3.98
2.06
1.80
2.64
1.36
1.56
3.71
4.20
2.89
2.56
2.76
1.09
2.60
2.17
2.02
3.25
1.42
4.24
2.27
1.68
1.19
3.74
1.92
2.04
0.88
2.88
1.30
2.41
1.84
1.55
0.74
2.42
3.18
7.94
15.39
4.41
2.03
1.12
3.01
1.35
3.41
3.32
2.21
0.74
7.38
4.37
2.52
4.80
1.54
0.00
1.54
3.60
9.95
0.00
2.49
1.39
2.44
2.20
2.03
3.10
3.07
2.07
2.91
1.97
2.16
2.45
2.24
4.43
1.46
7.31
0.00
0.00
1.48
1.00
4.26
1.66
2.04
1.06
1.87
2.83
2.03
0.76
1.87
2.79
1.69
1.60
0.71
2.25
0.14
3.33
0.80
0.00
0.58
1.16
0.58
3.19
0.00
1.17
0.75
1.07
7.32
0.00
2.68
2.06
0.00
1.31
1.43
2.07
0.54
0.59
0.94
0.84
0.03
1.89
0.92
0.00
1.67
0.00
1.10
0.57
2.44
0.00
3.17
2.63
2.83
0.15
2.06
3.80
2.82
1.76
1.49
0.42
1.70
1.48
0.62
0.88
0.12
2.35
0.00
0.00
3.17
2.66
2.25
0.00
1.21
2.61
2.38
2.15
3.90
0.00
1.98
2.50
3.36
3.01
0.70
1.60
2.43
2.56
1.75
2.09
2.14
3.06
1.78
0.72
1.65
0.97
1.64
1.72
2.34
3.13
0.00
2.31
2.03
1.60
1.73
2.56
1.73
3.03
2.28
4.43
1.56
2.37
1.57
2.04
1.19
3.26
1.62
2.07
0.00
1.54
0.46
1.22
0.34
2.25
2.35
3.06
2.99
0.00
0.80
1.73
2.28
4.21
1.72
0.55
2.21
3.00
3.49
0.74
1.08
4.13
1.87
0.72
0.26
0.23
0.39
1.39
0.00
1.54
1.38
1.14
3.16
0.00
2.33
1.55
2.71
2.44
2.39
0.25
1.49
2.37
1.54
0.60
0.00
0.91
0.42
0.00
0.38
0.00
0.00
2.63
3.04
2.34
0.00
0.22
0.50
0.00
0.86
2.81
3.27
1.45
3.20
2.38
2.89
1.21
2.37
0.52
0.00
4.63
0.19
0.00
1.32
0.00
0.00
0.00
1.41
0.00
0.00
0.95
1.02
0.08
0.99
3.98
3.87
4.34
4.18
2.05
5.52
4.33
2.80
0.25
2.21
6.27
1.08
0.00
1.68
2.30
0.45
3.87
3.45
2.17
2.64
1.27
1.59
0.00
1.78
3.61
2.53
2.58
1.54
1.68
2.16
2.09
3.41
0.95
0.45
3.11
1.61
1.93
0.00
1.24
1.59
2.64
2.12
2.07
1.84
2.60
1.03
0.00
1.44
1.92
1.67
2.96
3.09
0.06
2.13
2.18
2.13
1.40
0.78
2.95
1.24
1.38
0.21
1.43
1.48
0.00
0.71
1.51
1.52
1.60
1.14
0.00
2.66
3.29
1.03
4.45
1.34
1.58
2.51
2.62
1.97
1.83
1.87
1.95
1.23
1.21
0.14
0.69
1.09
0.36
0.21
0.84
1.00
0.90
2.63
0.00
0.00
2.77
2.82
2.28
3.30
0.61
3.79
0.81
2.12
0.00
0.46
3.16
2.40
1.13
3.34
3.17
1.34
2.91
0.00
0.68
2.00
2.41
3.47
1.36
2.59
2.10
4.17
3.24
2.42
1.52
2.55
2.44
2.94
1.10
0.12
2.61
0.00
2.20
2.23
2.48
1.44
1.89
2.34
2.00
3.23
2.38
4.48
0.00
2.28
5.59
3.69
2.58
3.19
2.05
2.25
2.16
2.02
0.88
1.41
2.60
0.59
0.47
0.42
2.72
1.53
1.69
3.32
2.90
2.77
2.76
2.85
0.00
1.28
2.97
2.60
5.18
2.32
1.48
3.60
2.38
1.57
1.56
0.83
2.33
1.41
0.00
0.26
2.65
2.54
2.08
2.66
2.10
2.26
2.01
2.82
0.82
2.66
2.56
1.55
3.86
4.02
0.47
2.61
3.21
1.77
0.70
1.58
4.46
0.90
0.00
0.39
1.44
1.46
2.05
2.07
1.96
2.04
2.49
2.16
0.43
2.48
2.07
1.65
2.25
2.78
1.81
3.78
3.11
3.00
0.27
0.94
3.44
0.00
1.21
0.84
1.26
3.07
0.92
2.15
0.54
3.09
0.81
6.69
0.00
1.99
2.89
2.99
1.56
4.32
3.06
2.36
1.78
1.70
2.43
1.69
2.62
2.33
0.98
1.11
1.05
0.32
1.79
0.98
0.52
1.55
1.89
1.60
0.00
1.39
2.22
2.66
3.82
2.41
3.42
2.11
2.62
3.33
8.47
8.68
3.26
1.06
0.00
2.16
0.63
1.01
0.57
0.00
0.00
0.00
1.39
2.39
0.32
0.65
2.15
1.77
2.13
3.43
1.81
2.74
1.94
2.18
1.36
0.00
3.89
0.00
0.00
0.00
1.96
2.80
1.09
0.00
0.00
1.07
2.09
1.65
0.00
1.16
2.99
4.27
4.34
3.29
2.16
4.53
5.28
2.98
2.54
1.41
3.21
0.40
2.30
0.83
0.59
2.92
1.43
2.15
2.65
2.93
2.53
1.84
0.62
3.62
4.04
3.74
3.27
3.82
0.82
3.31
3.33
2.52
1.49
1.87
3.92
1.39
1.94
0.95
1.83
2.28
2.74
2.29
1.62
1.29
2.78
0.39
0.61
1.63
3.65
2.03
3.57
3.37
0.65
4.57
2.71
3.34
3.10
1.10
5.61
2.29
1.46
1.91
4.26
2.29
2.42
3.13
4.42
16.64
2.40
1.81
1.00
1.35
5.12
3.45
2.51
2.76
1.77
3.28
3.35
3.92
1.45
3.07
4.37
0.36
0.65
0.05
0.55
1.75
3.32
4.22
3.65
3.14
1.84
0.00
0.00
0.52
3.73
2.45
4.42
3.27
0.00
0.00
0.00
0.00
0.00
0.00
0.00
0.00
0.00
0.00
0.00
0.00
0.00
0.00
0.00
0.00
0.00
0.00
0.00
0.00
0.00
0.00
0.00
0.00
0.00
0.00
0.00
0.00
0.00
0.00
0.00
0.00
0.00
0.00
0.00
0.00
0.00
0.00
0.00
0.00
0.00
0.00
0.00
0.00
0.00
0.00
0.00
0.00
0.00
0.00
0.00
0.00
0.00
0.00
0.00
0.00
0.00
0.00
0.00
0.00
0.00
0.00
0.00
0.00
0.00
0.00
0.00
0.00
0.00
0.00
0.00
0.00
0.00
0.00
0.00
0.00
0.00
0.00
0.00
0.00
0.00
0.00
0.00
0.00
0.00
0.00
0.00
0.00
0.00
0.00
0.00
0.00
0.00
0.00
0.00
0.00
0.00
0.00
0.00
0.00
0.00
0.00
0.00
0.00
0.00
0.00
0.00
0.00
0.00
0.00
0.00
0.00
0.00
0.00
0.00
0.00
0.00
0.00
0.00
0.00
0.00
0.00
0.00
0.00
0.00
0.00
0.00
0.00
0.00
0.00
0.00
0.00
0.00
0.00
0.00
0.00
0.00
0.00
0.00
0.00
0.00
0.00
0.00
0.00
0.00
0.00
0.00
0.00
0.00
0.00
0.00
0.00
0.00
0.00
0.00
0.00
0.00
0.00
0.00
0.00
0.00
0.00
0.00
0.00
0.00
0.00
0.00
0.00